year,area,euro,version,speed,vehicle,type,NOx (g/km/s/veh),PM10 (g/km/s/veh),PM2.5 (g/km/s/veh)
2016,Scotland,0,7.4,5,Artic HGV,Motorway (not London),0.00761536788195,0.000343445455655,0.000318560516462
2016,Scotland,0,7.4,5,B100 Artic HGV,Motorway (not London),0.00667868088931,3.63980361726e-05,2.68654639513e-05
2016,Scotland,0,7.4,5,B100 Bus,Motorway (not London),0.0045799841173,2.70554410235e-05,1.88185531442e-05
2016,Scotland,0,7.4,5,B100 Coach,Motorway (not London),0.00632201088592,5.18123997608e-05,4.23376659455e-05
2016,Scotland,0,7.4,5,B100 Rigid HGV,Motorway (not London),0.00409103464335,2.65182625299e-05,1.85938242794e-05
2016,Scotland,0,7.4,5,Battery EV Cars,Motorway (not London),0.0,4.0696081669e-06,2.40208009927e-06
2016,Scotland,0,7.4,5,Battery EV LGV,Motorway (not London),0.0,5.21319179825e-06,3.13913324135e-06
2016,Scotland,0,7.4,5,Biogas Bus,Motorway (not London),0.00069444446126,1.93561409105e-05,1.15042184916e-05
2016,Scotland,0,7.4,5,Biomethane Bus,Motorway (not London),0.00069444446126,1.93561409105e-05,1.15042184916e-05
2016,Scotland,0,7.4,5,Bus and Coach,Motorway (not London),0.00714277615771,0.00033266475657,0.000309147406369
2016,Scotland,0,7.4,5,CNG Bus,Motorway (not London),0.00069444446126,1.93561409105e-05,1.15042184916e-05
2016,Scotland,0,7.4,5,Diesel Car,Motorway (not London),0.000252632598858,8.33904196043e-05,7.77568493504e-05
2016,Scotland,0,7.4,5,E85 Bioethanol Cars,Motorway (not London),0.000435792579083,4.49569142802e-06,2.80685890175e-06
2016,Scotland,0,7.4,5,E85 Bioethanol LGV,Motorway (not London),0.000550748081878,5.63927460462e-06,3.5439122712e-06
2016,Scotland,0,7.4,5,FCEV Bus,Motorway (not London),0.0,1.79672515515e-05,1.018477451e-05
2016,Scotland,0,7.4,5,FCEV Cars,Motorway (not London),0.0,4.0696081669e-06,2.40208009927e-06
2016,Scotland,0,7.4,5,FCEV LGV,Motorway (not London),0.0,5.21319179825e-06,3.13913324135e-06
2016,Scotland,0,7.4,5,Full Hybrid Diesel Cars,Motorway (not London),0.00027608484379,1.42747267091e-05,1.20969425552e-05
2016,Scotland,0,7.4,5,Full Hybrid Petrol Cars,Motorway (not London),0.000217896289541,4.60221190224e-06,2.90805360237e-06
2016,Scotland,0,7.4,5,Full Hybrid Petrol LGV,Motorway (not London),1.35751561174e-05,5.42490988664e-06,3.34026572091e-06
2016,Scotland,0,7.4,5,Hybrid Bus,Motorway (not London),0.00397092988715,3.7766447349e-05,2.89940089715e-05
2016,Scotland,0,7.4,5,LGV,Motorway (not London),0.001057997928,6.51545051369e-05,6.00833773206e-05
2016,Scotland,0,7.4,5,LPG Cars,Motorway (not London),8.80555526237e-05,4.60221190224e-06,2.90805360237e-06
2016,Scotland,0,7.4,5,LPG LGV,Motorway (not London),0.000261580717051,5.74579553358e-06,3.64510697182e-06
2016,Scotland,0,7.4,5,Motorcycle,Motorway (not London),3.17573430948e-05,5.02181865158e-06,4.15230806539e-06
2016,Scotland,0,7.4,5,Petrol Car,Motorway (not London),0.000435792579083,4.60221190224e-06,2.90805360237e-06
2016,Scotland,0,7.4,5,Plug-In Hybrid Petrol Cars,Motorway (not London),4.35792571807e-05,4.12286863138e-06,2.4526773359e-06
2016,Scotland,0,7.4,5,Plug-In Hybrid Petrol LGV,Motorway (not London),8.46194088808e-05,5.23437302036e-06,3.15925581162e-06
2016,Scotland,0,7.4,5,Rigid HGV,Motorway (not London),0.00476405210793,0.000263716385234,0.000243932023295
2016,Scotland,0,7.4,6,Artic HGV,Motorway (not London),0.00761536788195,0.000343445455655,0.000318560516462
2016,Scotland,0,7.4,6,B100 Artic HGV,Motorway (not London),0.00667868088931,3.63980361726e-05,2.68654639513e-05
2016,Scotland,0,7.4,6,B100 Bus,Motorway (not London),0.0045799841173,2.70554410235e-05,1.88185531442e-05
2016,Scotland,0,7.4,6,B100 Coach,Motorway (not London),0.00632201088592,5.18123997608e-05,4.23376659455e-05
2016,Scotland,0,7.4,6,B100 Rigid HGV,Motorway (not London),0.00409103464335,2.65182625299e-05,1.85938242794e-05
2016,Scotland,0,7.4,6,Battery EV Cars,Motorway (not London),0.0,4.0696081669e-06,2.40208009927e-06
2016,Scotland,0,7.4,6,Battery EV LGV,Motorway (not London),0.0,5.21319179825e-06,3.13913324135e-06
2016,Scotland,0,7.4,6,Biogas Bus,Motorway (not London),0.00069444446126,1.93561409105e-05,1.15042184916e-05
2016,Scotland,0,7.4,6,Biomethane Bus,Motorway (not London),0.00069444446126,1.93561409105e-05,1.15042184916e-05
2016,Scotland,0,7.4,6,Bus and Coach,Motorway (not London),0.00714277615771,0.00033266475657,0.000309147406369
2016,Scotland,0,7.4,6,CNG Bus,Motorway (not London),0.00069444446126,1.93561409105e-05,1.15042184916e-05
2016,Scotland,0,7.4,6,Diesel Car,Motorway (not London),0.000252632598858,8.33904196043e-05,7.77568493504e-05
2016,Scotland,0,7.4,6,E85 Bioethanol Cars,Motorway (not London),0.000435792579083,4.49569142802e-06,2.80685890175e-06
2016,Scotland,0,7.4,6,E85 Bioethanol LGV,Motorway (not London),0.000550748081878,5.63927460462e-06,3.5439122712e-06
2016,Scotland,0,7.4,6,FCEV Bus,Motorway (not London),0.0,1.79672515515e-05,1.018477451e-05
2016,Scotland,0,7.4,6,FCEV Cars,Motorway (not London),0.0,4.0696081669e-06,2.40208009927e-06
2016,Scotland,0,7.4,6,FCEV LGV,Motorway (not London),0.0,5.21319179825e-06,3.13913324135e-06
2016,Scotland,0,7.4,6,Full Hybrid Diesel Cars,Motorway (not London),0.00027608484379,1.42747267091e-05,1.20969425552e-05
2016,Scotland,0,7.4,6,Full Hybrid Petrol Cars,Motorway (not London),0.000217896289541,4.60221190224e-06,2.90805360237e-06
2016,Scotland,0,7.4,6,Full Hybrid Petrol LGV,Motorway (not London),1.35213149406e-05,5.42490988664e-06,3.34026572091e-06
2016,Scotland,0,7.4,6,Hybrid Bus,Motorway (not London),0.00343760405667,3.7766447349e-05,2.89940089715e-05
2016,Scotland,0,7.4,6,LGV,Motorway (not London),0.001057997928,6.51545051369e-05,6.00833773206e-05
2016,Scotland,0,7.4,6,LPG Cars,Motorway (not London),8.80555526237e-05,4.60221190224e-06,2.90805360237e-06
2016,Scotland,0,7.4,6,LPG LGV,Motorway (not London),0.000261580717051,5.74579553358e-06,3.64510697182e-06
2016,Scotland,0,7.4,6,Motorcycle,Motorway (not London),3.17573430948e-05,5.02181865158e-06,4.15230806539e-06
2016,Scotland,0,7.4,6,Petrol Car,Motorway (not London),0.000435792579083,4.60221190224e-06,2.90805360237e-06
2016,Scotland,0,7.4,6,Plug-In Hybrid Petrol Cars,Motorway (not London),4.35792571807e-05,4.12286863138e-06,2.4526773359e-06
2016,Scotland,0,7.4,6,Plug-In Hybrid Petrol LGV,Motorway (not London),8.46194088808e-05,5.23373819306e-06,3.15865236189e-06
2016,Scotland,0,7.4,6,Rigid HGV,Motorway (not London),0.00476405210793,0.000263716385234,0.000243932023295
2016,Scotland,0,7.4,7,Artic HGV,Motorway (not London),0.00761536788195,0.000343445455655,0.000318560516462
2016,Scotland,0,7.4,7,B100 Artic HGV,Motorway (not London),0.00667868088931,3.63980361726e-05,2.68654639513e-05
2016,Scotland,0,7.4,7,B100 Bus,Motorway (not London),0.0045799841173,2.70554410235e-05,1.88185531442e-05
2016,Scotland,0,7.4,7,B100 Coach,Motorway (not London),0.00632201088592,5.18123997608e-05,4.23376659455e-05
2016,Scotland,0,7.4,7,B100 Rigid HGV,Motorway (not London),0.00409103464335,2.65182625299e-05,1.85938242794e-05
2016,Scotland,0,7.4,7,Battery EV Cars,Motorway (not London),0.0,4.0696081669e-06,2.40208009927e-06
2016,Scotland,0,7.4,7,Battery EV LGV,Motorway (not London),0.0,5.21319179825e-06,3.13913324135e-06
2016,Scotland,0,7.4,7,Biogas Bus,Motorway (not London),0.00069444446126,1.93561409105e-05,1.15042184916e-05
2016,Scotland,0,7.4,7,Biomethane Bus,Motorway (not London),0.00069444446126,1.93561409105e-05,1.15042184916e-05
2016,Scotland,0,7.4,7,Bus and Coach,Motorway (not London),0.00714277615771,0.00033266475657,0.000309147406369
2016,Scotland,0,7.4,7,CNG Bus,Motorway (not London),0.00069444446126,1.93561409105e-05,1.15042184916e-05
2016,Scotland,0,7.4,7,Diesel Car,Motorway (not London),0.000252632598858,8.33904196043e-05,7.77568493504e-05
2016,Scotland,0,7.4,7,E85 Bioethanol Cars,Motorway (not London),0.000435792579083,4.49569142802e-06,2.80685890175e-06
2016,Scotland,0,7.4,7,E85 Bioethanol LGV,Motorway (not London),0.000550748081878,5.63927460462e-06,3.5439122712e-06
2016,Scotland,0,7.4,7,FCEV Bus,Motorway (not London),0.0,1.79672515515e-05,1.018477451e-05
2016,Scotland,0,7.4,7,FCEV Cars,Motorway (not London),0.0,4.0696081669e-06,2.40208009927e-06
2016,Scotland,0,7.4,7,FCEV LGV,Motorway (not London),0.0,5.21319179825e-06,3.13913324135e-06
2016,Scotland,0,7.4,7,Full Hybrid Diesel Cars,Motorway (not London),0.00027608484379,1.42747267091e-05,1.20969425552e-05
2016,Scotland,0,7.4,7,Full Hybrid Petrol Cars,Motorway (not London),0.000217896289541,4.60221190224e-06,2.90805360237e-06
2016,Scotland,0,7.4,7,Full Hybrid Petrol LGV,Motorway (not London),1.34679821713e-05,5.42490988664e-06,3.34026572091e-06
2016,Scotland,0,7.4,7,Hybrid Bus,Motorway (not London),0.00304097239859,3.7766447349e-05,2.89940089715e-05
2016,Scotland,0,7.4,7,LGV,Motorway (not London),0.001057997928,6.51545051369e-05,6.00833773206e-05
2016,Scotland,0,7.4,7,LPG Cars,Motorway (not London),8.80555526237e-05,4.60221190224e-06,2.90805360237e-06
2016,Scotland,0,7.4,7,LPG LGV,Motorway (not London),0.000261580717051,5.74579553358e-06,3.64510697182e-06
2016,Scotland,0,7.4,7,Motorcycle,Motorway (not London),3.17573430948e-05,5.02181865158e-06,4.15230806539e-06
2016,Scotland,0,7.4,7,Petrol Car,Motorway (not London),0.000435792579083,4.60221190224e-06,2.90805360237e-06
2016,Scotland,0,7.4,7,Plug-In Hybrid Petrol Cars,Motorway (not London),4.35792571807e-05,4.12286863138e-06,2.4526773359e-06
2016,Scotland,0,7.4,7,Plug-In Hybrid Petrol LGV,Motorway (not London),8.46194088808e-05,5.23303015143e-06,3.15798001793e-06
2016,Scotland,0,7.4,7,Rigid HGV,Motorway (not London),0.00476405210793,0.000263716385234,0.000243932023295
2016,Scotland,0,7.4,8,Artic HGV,Motorway (not London),0.00761536788195,0.000343445455655,0.000318560516462
2016,Scotland,0,7.4,8,B100 Artic HGV,Motorway (not London),0.00667868088931,3.63980361726e-05,2.68654639513e-05
2016,Scotland,0,7.4,8,B100 Bus,Motorway (not London),0.0045799841173,2.70554410235e-05,1.88185531442e-05
2016,Scotland,0,7.4,8,B100 Coach,Motorway (not London),0.00632201088592,5.18123997608e-05,4.23376659455e-05
2016,Scotland,0,7.4,8,B100 Rigid HGV,Motorway (not London),0.00409103464335,2.65182625299e-05,1.85938242794e-05
2016,Scotland,0,7.4,8,Battery EV Cars,Motorway (not London),0.0,4.0696081669e-06,2.40208009927e-06
2016,Scotland,0,7.4,8,Battery EV LGV,Motorway (not London),0.0,5.21319179825e-06,3.13913324135e-06
2016,Scotland,0,7.4,8,Biogas Bus,Motorway (not London),0.00069444446126,1.93561409105e-05,1.15042184916e-05
2016,Scotland,0,7.4,8,Biomethane Bus,Motorway (not London),0.00069444446126,1.93561409105e-05,1.15042184916e-05
2016,Scotland,0,7.4,8,Bus and Coach,Motorway (not London),0.00714277615771,0.00033266475657,0.000309147406369
2016,Scotland,0,7.4,8,CNG Bus,Motorway (not London),0.00069444446126,1.93561409105e-05,1.15042184916e-05
2016,Scotland,0,7.4,8,Diesel Car,Motorway (not London),0.000252632598858,8.33904196043e-05,7.77568493504e-05
2016,Scotland,0,7.4,8,E85 Bioethanol Cars,Motorway (not London),0.000435792579083,4.49569142802e-06,2.80685890175e-06
2016,Scotland,0,7.4,8,E85 Bioethanol LGV,Motorway (not London),0.000550748081878,5.63927460462e-06,3.5439122712e-06
2016,Scotland,0,7.4,8,FCEV Bus,Motorway (not London),0.0,1.79672515515e-05,1.018477451e-05
2016,Scotland,0,7.4,8,FCEV Cars,Motorway (not London),0.0,4.0696081669e-06,2.40208009927e-06
2016,Scotland,0,7.4,8,FCEV LGV,Motorway (not London),0.0,5.21319179825e-06,3.13913324135e-06
2016,Scotland,0,7.4,8,Full Hybrid Diesel Cars,Motorway (not London),0.00027608484379,1.42747267091e-05,1.20969425552e-05
2016,Scotland,0,7.4,8,Full Hybrid Petrol Cars,Motorway (not London),0.000217896289541,4.60221190224e-06,2.90805360237e-06
2016,Scotland,0,7.4,8,Full Hybrid Petrol LGV,Motorway (not London),1.3415158719e-05,5.42490988664e-06,3.34026572091e-06
2016,Scotland,0,7.4,8,Hybrid Bus,Motorway (not London),0.00274155149236,3.7766447349e-05,2.89940089715e-05
2016,Scotland,0,7.4,8,LGV,Motorway (not London),0.001057997928,6.51545051369e-05,6.00833773206e-05
2016,Scotland,0,7.4,8,LPG Cars,Motorway (not London),8.80555526237e-05,4.60221190224e-06,2.90805360237e-06
2016,Scotland,0,7.4,8,LPG LGV,Motorway (not London),0.000261580717051,5.74579553358e-06,3.64510697182e-06
2016,Scotland,0,7.4,8,Motorcycle,Motorway (not London),3.17573430948e-05,5.02181865158e-06,4.15230806539e-06
2016,Scotland,0,7.4,8,Petrol Car,Motorway (not London),0.000435792579083,4.60221190224e-06,2.90805360237e-06
2016,Scotland,0,7.4,8,Plug-In Hybrid Petrol Cars,Motorway (not London),4.35792571807e-05,4.12286863138e-06,2.4526773359e-06
2016,Scotland,0,7.4,8,Plug-In Hybrid Petrol LGV,Motorway (not London),8.46194088808e-05,5.23238622918e-06,3.15736838274e-06
2016,Scotland,0,7.4,8,Rigid HGV,Motorway (not London),0.00476405210793,0.000263716385234,0.000243932023295
2016,Scotland,0,7.4,9,Artic HGV,Motorway (not London),0.00761536788195,0.000343445455655,0.000318560516462
2016,Scotland,0,7.4,9,B100 Artic HGV,Motorway (not London),0.00667868088931,3.63980361726e-05,2.68654639513e-05
2016,Scotland,0,7.4,9,B100 Bus,Motorway (not London),0.0045799841173,2.70554410235e-05,1.88185531442e-05
2016,Scotland,0,7.4,9,B100 Coach,Motorway (not London),0.00632201088592,5.18123997608e-05,4.23376659455e-05
2016,Scotland,0,7.4,9,B100 Rigid HGV,Motorway (not London),0.00409103464335,2.65182625299e-05,1.85938242794e-05
2016,Scotland,0,7.4,9,Battery EV Cars,Motorway (not London),0.0,4.0696081669e-06,2.40208009927e-06
2016,Scotland,0,7.4,9,Battery EV LGV,Motorway (not London),0.0,5.21319179825e-06,3.13913324135e-06
2016,Scotland,0,7.4,9,Biogas Bus,Motorway (not London),0.00069444446126,1.93561409105e-05,1.15042184916e-05
2016,Scotland,0,7.4,9,Biomethane Bus,Motorway (not London),0.00069444446126,1.93561409105e-05,1.15042184916e-05
2016,Scotland,0,7.4,9,Bus and Coach,Motorway (not London),0.00714277615771,0.00033266475657,0.000309147406369
2016,Scotland,0,7.4,9,CNG Bus,Motorway (not London),0.00069444446126,1.93561409105e-05,1.15042184916e-05
2016,Scotland,0,7.4,9,Diesel Car,Motorway (not London),0.000252632598858,8.33904196043e-05,7.77568493504e-05
2016,Scotland,0,7.4,9,E85 Bioethanol Cars,Motorway (not London),0.000435792579083,4.49569142802e-06,2.80685890175e-06
2016,Scotland,0,7.4,9,E85 Bioethanol LGV,Motorway (not London),0.000550748081878,5.63927460462e-06,3.5439122712e-06
2016,Scotland,0,7.4,9,FCEV Bus,Motorway (not London),0.0,1.79672515515e-05,1.018477451e-05
2016,Scotland,0,7.4,9,FCEV Cars,Motorway (not London),0.0,4.0696081669e-06,2.40208009927e-06
2016,Scotland,0,7.4,9,FCEV LGV,Motorway (not London),0.0,5.21319179825e-06,3.13913324135e-06
2016,Scotland,0,7.4,9,Full Hybrid Diesel Cars,Motorway (not London),0.00027608484379,1.42747267091e-05,1.20969425552e-05
2016,Scotland,0,7.4,9,Full Hybrid Petrol Cars,Motorway (not London),0.000217896289541,4.60221190224e-06,2.90805360237e-06
2016,Scotland,0,7.4,9,Full Hybrid Petrol LGV,Motorway (not London),1.33628445838e-05,5.42490988664e-06,3.34026572091e-06
2016,Scotland,0,7.4,9,Hybrid Bus,Motorway (not London),0.00250743003562,3.7766447349e-05,2.89940089715e-05
2016,Scotland,0,7.4,9,LGV,Motorway (not London),0.001057997928,6.51545051369e-05,6.00833773206e-05
2016,Scotland,0,7.4,9,LPG Cars,Motorway (not London),8.80555526237e-05,4.60221190224e-06,2.90805360237e-06
2016,Scotland,0,7.4,9,LPG LGV,Motorway (not London),0.000261580717051,5.74579553358e-06,3.64510697182e-06
2016,Scotland,0,7.4,9,Motorcycle,Motorway (not London),3.17573430948e-05,5.02181865158e-06,4.15230806539e-06
2016,Scotland,0,7.4,9,Petrol Car,Motorway (not London),0.000435792579083,4.60221190224e-06,2.90805360237e-06
2016,Scotland,0,7.4,9,Plug-In Hybrid Petrol Cars,Motorway (not London),4.35792571807e-05,4.12286863138e-06,2.4526773359e-06
2016,Scotland,0,7.4,9,Plug-In Hybrid Petrol LGV,Motorway (not London),8.46194088808e-05,5.23184007761e-06,3.15684928864e-06
2016,Scotland,0,7.4,9,Rigid HGV,Motorway (not London),0.00476405210793,0.000263716385234,0.000243932023295
2016,Scotland,0,7.4,10,Artic HGV,Motorway (not London),0.00761536788195,0.000343445455655,0.000318560516462
2016,Scotland,0,7.4,10,B100 Artic HGV,Motorway (not London),0.00667868088931,3.63980361726e-05,2.68654639513e-05
2016,Scotland,0,7.4,10,B100 Bus,Motorway (not London),0.0045799841173,2.70554410235e-05,1.88185531442e-05
2016,Scotland,0,7.4,10,B100 Coach,Motorway (not London),0.00632201088592,5.18123997608e-05,4.23376659455e-05
2016,Scotland,0,7.4,10,B100 Rigid HGV,Motorway (not London),0.00409103464335,2.65182625299e-05,1.85938242794e-05
2016,Scotland,0,7.4,10,Battery EV Cars,Motorway (not London),0.0,4.0696081669e-06,2.40208009927e-06
2016,Scotland,0,7.4,10,Battery EV LGV,Motorway (not London),0.0,5.21319179825e-06,3.13913324135e-06
2016,Scotland,0,7.4,10,Biogas Bus,Motorway (not London),0.00069444446126,1.93561409105e-05,1.15042184916e-05
2016,Scotland,0,7.4,10,Biomethane Bus,Motorway (not London),0.00069444446126,1.93561409105e-05,1.15042184916e-05
2016,Scotland,0,7.4,10,Bus and Coach,Motorway (not London),0.00714277615771,0.00033266475657,0.000309147406369
2016,Scotland,0,7.4,10,CNG Bus,Motorway (not London),0.00069444446126,1.93561409105e-05,1.15042184916e-05
2016,Scotland,0,7.4,10,Diesel Car,Motorway (not London),0.000252632598858,8.33904196043e-05,7.77568493504e-05
2016,Scotland,0,7.4,10,E85 Bioethanol Cars,Motorway (not London),0.000435792579083,4.49569142802e-06,2.80685890175e-06
2016,Scotland,0,7.4,10,E85 Bioethanol LGV,Motorway (not London),0.000550748081878,5.63927460462e-06,3.5439122712e-06
2016,Scotland,0,7.4,10,FCEV Bus,Motorway (not London),0.0,1.79672515515e-05,1.018477451e-05
2016,Scotland,0,7.4,10,FCEV Cars,Motorway (not London),0.0,4.0696081669e-06,2.40208009927e-06
2016,Scotland,0,7.4,10,FCEV LGV,Motorway (not London),0.0,5.21319179825e-06,3.13913324135e-06
2016,Scotland,0,7.4,10,Full Hybrid Diesel Cars,Motorway (not London),0.00027608484379,1.42747267091e-05,1.20969425552e-05
2016,Scotland,0,7.4,10,Full Hybrid Petrol Cars,Motorway (not London),0.000217896289541,4.60221190224e-06,2.90805360237e-06
2016,Scotland,0,7.4,10,Full Hybrid Petrol LGV,Motorway (not London),1.3311038856e-05,5.42490988664e-06,3.34026572091e-06
2016,Scotland,0,7.4,10,Hybrid Bus,Motorway (not London),0.00231695338152,3.7766447349e-05,2.89940089715e-05
2016,Scotland,0,7.4,10,LGV,Motorway (not London),0.001057997928,6.51545051369e-05,6.00833773206e-05
2016,Scotland,0,7.4,10,LPG Cars,Motorway (not London),8.80555526237e-05,4.60221190224e-06,2.90805360237e-06
2016,Scotland,0,7.4,10,LPG LGV,Motorway (not London),0.000261580717051,5.74579553358e-06,3.64510697182e-06
2016,Scotland,0,7.4,10,Motorcycle,Motorway (not London),3.17573430948e-05,5.02181865158e-06,4.15230806539e-06
2016,Scotland,0,7.4,10,Petrol Car,Motorway (not London),0.000435792579083,4.60221190224e-06,2.90805360237e-06
2016,Scotland,0,7.4,10,Plug-In Hybrid Petrol Cars,Motorway (not London),4.35792571807e-05,4.12286863138e-06,2.4526773359e-06
2016,Scotland,0,7.4,10,Plug-In Hybrid Petrol LGV,Motorway (not London),8.46194088808e-05,5.23139169673e-06,3.15642341775e-06
2016,Scotland,0,7.4,10,Rigid HGV,Motorway (not London),0.00476405210793,0.000263716385234,0.000243932023295
2016,Scotland,0,7.4,12,Artic HGV,Motorway (not London),0.00761536788195,0.000343445455655,0.000318560516462
2016,Scotland,0,7.4,12,B100 Artic HGV,Motorway (not London),0.00667868088931,3.63980361726e-05,2.68654639513e-05
2016,Scotland,0,7.4,12,B100 Bus,Motorway (not London),0.00432474305853,2.65782946371e-05,1.83652646228e-05
2016,Scotland,0,7.4,12,B100 Coach,Motorway (not London),0.00632201088592,4.98055705975e-05,4.04311795137e-05
2016,Scotland,0,7.4,12,B100 Rigid HGV,Motorway (not London),0.00409103464335,2.65182625299e-05,1.85938242794e-05
2016,Scotland,0,7.4,12,Battery EV Cars,Motorway (not London),0.0,4.0696081669e-06,2.40208009927e-06
2016,Scotland,0,7.4,12,Battery EV LGV,Motorway (not London),0.0,5.21319179825e-06,3.13913324135e-06
2016,Scotland,0,7.4,12,Biogas Bus,Motorway (not London),0.00069444446126,1.93561409105e-05,1.15042184916e-05
2016,Scotland,0,7.4,12,Biomethane Bus,Motorway (not London),0.00069444446126,1.93561409105e-05,1.15042184916e-05
2016,Scotland,0,7.4,12,Bus and Coach,Motorway (not London),0.00714277615771,0.00033266475657,0.000309147406369
2016,Scotland,0,7.4,12,CNG Bus,Motorway (not London),0.00069444446126,1.93561409105e-05,1.15042184916e-05
2016,Scotland,0,7.4,12,Diesel Car,Motorway (not London),0.000245460279984,8.02484719316e-05,7.47720041545e-05
2016,Scotland,0,7.4,12,E85 Bioethanol Cars,Motorway (not London),0.00043973949505,4.49569142802e-06,2.80685890175e-06
2016,Scotland,0,7.4,12,E85 Bioethanol LGV,Motorway (not London),0.000560082204174,5.63927460462e-06,3.5439122712e-06
2016,Scotland,0,7.4,12,FCEV Bus,Motorway (not London),0.0,1.79672515515e-05,1.018477451e-05
2016,Scotland,0,7.4,12,FCEV Cars,Motorway (not London),0.0,4.0696081669e-06,2.40208009927e-06
2016,Scotland,0,7.4,12,FCEV LGV,Motorway (not London),0.0,5.21319179825e-06,3.13913324135e-06
2016,Scotland,0,7.4,12,Full Hybrid Diesel Cars,Motorway (not London),0.000260619359324,1.40385163832e-05,1.1872542018e-05
2016,Scotland,0,7.4,12,Full Hybrid Petrol Cars,Motorway (not London),0.000219869747525,4.60221190224e-06,2.90805360237e-06
2016,Scotland,0,7.4,12,Full Hybrid Petrol LGV,Motorway (not London),1.29564023155e-05,5.42490988664e-06,3.34026572091e-06
2016,Scotland,0,7.4,12,Hybrid Bus,Motorway (not London),0.00201882841066,3.57366188837e-05,2.70656746579e-05
2016,Scotland,0,7.4,12,LGV,Motorway (not London),0.00100628985092,6.48492350592e-05,5.97933758399e-05
2016,Scotland,0,7.4,12,LPG Cars,Motorway (not London),8.80555526237e-05,4.60221190224e-06,2.90805360237e-06
2016,Scotland,0,7.4,12,LPG LGV,Motorway (not London),0.000251243560342,5.74579553358e-06,3.64510697182e-06
2016,Scotland,0,7.4,12,Motorcycle,Motorway (not London),3.3823245758e-05,5.02181865158e-06,4.15230806539e-06
2016,Scotland,0,7.4,12,Petrol Car,Motorway (not London),0.00043973949505,4.60221190224e-06,2.90805360237e-06
2016,Scotland,0,7.4,12,Plug-In Hybrid Petrol Cars,Motorway (not London),4.39739524154e-05,4.12286863138e-06,2.4526773359e-06
2016,Scotland,0,7.4,12,Plug-In Hybrid Petrol LGV,Motorway (not London),8.60859145178e-05,5.23036760569e-06,3.15545048579e-06
2016,Scotland,0,7.4,12,Rigid HGV,Motorway (not London),0.00476405210793,0.000263716385234,0.000243932023295
2016,Scotland,0,7.4,14,Artic HGV,Motorway (not London),0.00710966344923,0.000319782178849,0.000296080397675
2016,Scotland,0,7.4,14,B100 Artic HGV,Motorway (not London),0.00615450460464,3.52220631612e-05,2.57482915913e-05
2016,Scotland,0,7.4,14,B100 Bus,Motorway (not London),0.00392568437383,2.57644569501e-05,1.75921195478e-05
2016,Scotland,0,7.4,14,B100 Coach,Motorway (not London),0.00561618898064,4.62252646685e-05,3.70298876078e-05
2016,Scotland,0,7.4,14,B100 Rigid HGV,Motorway (not London),0.00373705918901,2.53891521425e-05,1.75211680471e-05
2016,Scotland,0,7.4,14,Battery EV Cars,Motorway (not London),0.0,4.0696081669e-06,2.40208009927e-06
2016,Scotland,0,7.4,14,Battery EV LGV,Motorway (not London),0.0,5.21319179825e-06,3.13913324135e-06
2016,Scotland,0,7.4,14,Biogas Bus,Motorway (not London),0.00069444446126,1.93561409105e-05,1.15042184916e-05
2016,Scotland,0,7.4,14,Biomethane Bus,Motorway (not London),0.00069444446126,1.93561409105e-05,1.15042184916e-05
2016,Scotland,0,7.4,14,Bus and Coach,Motorway (not London),0.00639100559056,0.000296279875329,0.000274581776466
2016,Scotland,0,7.4,14,CNG Bus,Motorway (not London),0.00069444446126,1.93561409105e-05,1.15042184916e-05
2016,Scotland,0,7.4,14,Diesel Car,Motorway (not London),0.000238536405959,7.72060520831e-05,7.18817027519e-05
2016,Scotland,0,7.4,14,E85 Bioethanol Cars,Motorway (not London),0.000443914148491,4.49569142802e-06,2.80685890175e-06
2016,Scotland,0,7.4,14,E85 Bioethanol LGV,Motorway (not London),0.000569443276618,5.63927460462e-06,3.5439122712e-06
2016,Scotland,0,7.4,14,FCEV Bus,Motorway (not London),0.0,1.79672515515e-05,1.018477451e-05
2016,Scotland,0,7.4,14,FCEV Cars,Motorway (not London),0.0,4.0696081669e-06,2.40208009927e-06
2016,Scotland,0,7.4,14,FCEV LGV,Motorway (not London),0.0,5.21319179825e-06,3.13913324135e-06
2016,Scotland,0,7.4,14,Full Hybrid Diesel Cars,Motorway (not London),0.000248000113061,1.38094155773e-05,1.16548972073e-05
2016,Scotland,0,7.4,14,Full Hybrid Petrol Cars,Motorway (not London),0.000221957074245,4.60221190224e-06,2.90805360237e-06
2016,Scotland,0,7.4,14,Full Hybrid Petrol LGV,Motorway (not London),1.261419402e-05,5.42490988664e-06,3.34026572091e-06
2016,Scotland,0,7.4,14,Hybrid Bus,Motorway (not London),0.00179031398147,3.41638224199e-05,2.55715149251e-05
2016,Scotland,0,7.4,14,LGV,Motorway (not London),0.000956265081186,6.45693799015e-05,5.95275123487e-05
2016,Scotland,0,7.4,14,LPG Cars,Motorway (not London),8.80555526237e-05,4.60221190224e-06,2.90805360237e-06
2016,Scotland,0,7.4,14,LPG LGV,Motorway (not London),0.000241842586547,5.74579553358e-06,3.64510697182e-06
2016,Scotland,0,7.4,14,Motorcycle,Motorway (not London),3.5374709114e-05,5.02181865158e-06,4.15230806539e-06
2016,Scotland,0,7.4,14,Petrol Car,Motorway (not London),0.000443914148491,4.60221190224e-06,2.90805360237e-06
2016,Scotland,0,7.4,14,Plug-In Hybrid Petrol Cars,Motorway (not London),4.43914141215e-05,4.12286863138e-06,2.4526773359e-06
2016,Scotland,0,7.4,14,Plug-In Hybrid Petrol LGV,Motorway (not London),8.75659025041e-05,5.22965819982e-06,3.15477655022e-06
2016,Scotland,0,7.4,14,Rigid HGV,Motorway (not London),0.00437816698104,0.000237312357058,0.000218848217628
2016,Scotland,0,7.4,16,Artic HGV,Motorway (not London),0.00669289613143,0.000298365746858,0.000275734782917
2016,Scotland,0,7.4,16,B100 Artic HGV,Motorway (not London),0.00573557941243,3.41590384778e-05,2.47384159593e-05
2016,Scotland,0,7.4,16,B100 Bus,Motorway (not London),0.0036260925699,2.50950961345e-05,1.69562263181e-05
2016,Scotland,0,7.4,16,B100 Coach,Motorway (not London),0.00507896579802,4.34524445154e-05,3.43957071891e-05
2016,Scotland,0,7.4,16,B100 Rigid HGV,Motorway (not London),0.00346160726622,2.45171031565e-05,1.66927220562e-05
2016,Scotland,0,7.4,16,Battery EV Cars,Motorway (not London),0.0,4.0696081669e-06,2.40208009927e-06
2016,Scotland,0,7.4,16,Battery EV LGV,Motorway (not London),0.0,5.21319179825e-06,3.13913324135e-06
2016,Scotland,0,7.4,16,Biogas Bus,Motorway (not London),0.00069444446126,1.93561409105e-05,1.15042184916e-05
2016,Scotland,0,7.4,16,Biomethane Bus,Motorway (not London),0.00069444446126,1.93561409105e-05,1.15042184916e-05
2016,Scotland,0,7.4,16,Bus and Coach,Motorway (not London),0.00581521447748,0.000268035568297,0.0002477496746
2016,Scotland,0,7.4,16,CNG Bus,Motorway (not London),0.00069444446126,1.93561409105e-05,1.15042184916e-05
2016,Scotland,0,7.4,16,Diesel Car,Motorway (not London),0.000231861005886,7.42631600588e-05,6.90859596943e-05
2016,Scotland,0,7.4,16,E85 Bioethanol Cars,Motorway (not London),0.000448316481197,4.49569142802e-06,2.80685890175e-06
2016,Scotland,0,7.4,16,E85 Bioethanol LGV,Motorway (not London),0.000578831299208,5.63927460462e-06,3.5439122712e-06
2016,Scotland,0,7.4,16,FCEV Bus,Motorway (not London),0.0,1.79672515515e-05,1.018477451e-05
2016,Scotland,0,7.4,16,FCEV Cars,Motorway (not London),0.0,4.0696081669e-06,2.40208009927e-06
2016,Scotland,0,7.4,16,FCEV LGV,Motorway (not London),0.0,5.21319179825e-06,3.13913324135e-06
2016,Scotland,0,7.4,16,Full Hybrid Diesel Cars,Motorway (not London),0.00023726055224,1.3587425201e-05,1.14440063044e-05
2016,Scotland,0,7.4,16,Full Hybrid Petrol Cars,Motorway (not London),0.000224158240599,4.60221190224e-06,2.90805360237e-06
2016,Scotland,0,7.4,16,Full Hybrid Petrol LGV,Motorway (not London),1.22844139696e-05,5.42490988664e-06,3.34026572091e-06
2016,Scotland,0,7.4,16,Hybrid Bus,Motorway (not London),0.00160647102166,3.29077229253e-05,2.43782196776e-05
2016,Scotland,0,7.4,16,LGV,Motorway (not London),0.00090792379342,6.43149396637e-05,5.92857941228e-05
2016,Scotland,0,7.4,16,LPG Cars,Motorway (not London),8.80555526237e-05,4.60221190224e-06,2.90805360237e-06
2016,Scotland,0,7.4,16,LPG LGV,Motorway (not London),0.000233199534705,5.74579553358e-06,3.64510697182e-06
2016,Scotland,0,7.4,16,Motorcycle,Motorway (not London),3.6481058487e-05,5.02181865158e-06,4.15230806539e-06
2016,Scotland,0,7.4,16,Petrol Car,Motorway (not London),0.000448316481197,4.60221190224e-06,2.90805360237e-06
2016,Scotland,0,7.4,16,Plug-In Hybrid Petrol Cars,Motorway (not London),4.48316495749e-05,4.12286863138e-06,2.4526773359e-06
2016,Scotland,0,7.4,16,Plug-In Hybrid Petrol LGV,Motorway (not London),8.905937284e-05,5.2291902648e-06,3.15433203468e-06
2016,Scotland,0,7.4,16,Rigid HGV,Motorway (not London),0.00407646875829,0.000216585118324,0.000199157337192
2016,Scotland,0,7.4,18,Artic HGV,Motorway (not London),0.00634188111871,0.000278941093711,0.000257281353697
2016,Scotland,0,7.4,18,B100 Artic HGV,Motorway (not London),0.00539127271622,3.31959709001e-05,2.38235024881e-05
2016,Scotland,0,7.4,18,B100 Bus,Motorway (not London),0.00339138717391,2.45353312494e-05,1.6424448404e-05
2016,Scotland,0,7.4,18,B100 Coach,Motorway (not London),0.00465612718835,4.12375702581e-05,3.22915766446e-05
2016,Scotland,0,7.4,18,B100 Rigid HGV,Motorway (not London),0.00324074341916,2.38231186813e-05,1.60334366228e-05
2016,Scotland,0,7.4,18,Battery EV Cars,Motorway (not London),0.0,4.0696081669e-06,2.40208009927e-06
2016,Scotland,0,7.4,18,Battery EV LGV,Motorway (not London),0.0,5.21319179825e-06,3.13913324135e-06
2016,Scotland,0,7.4,18,Biogas Bus,Motorway (not London),0.00069444446126,1.93561409105e-05,1.15042184916e-05
2016,Scotland,0,7.4,18,Biomethane Bus,Motorway (not London),0.00069444446126,1.93561409105e-05,1.15042184916e-05
2016,Scotland,0,7.4,18,Bus and Coach,Motorway (not London),0.00535960495472,0.000245434930548,0.000226279065828
2016,Scotland,0,7.4,18,CNG Bus,Motorway (not London),0.00069444446126,1.93561409105e-05,1.15042184916e-05
2016,Scotland,0,7.4,18,Diesel Car,Motorway (not London),0.000225434050662,7.14197958587e-05,6.63847604301e-05
2016,Scotland,0,7.4,18,E85 Bioethanol Cars,Motorway (not London),0.000452946522273,4.49569142802e-06,2.80685890175e-06
2016,Scotland,0,7.4,18,E85 Bioethanol LGV,Motorway (not London),0.000588246330153,5.63927460462e-06,3.5439122712e-06
2016,Scotland,0,7.4,18,FCEV Bus,Motorway (not London),0.0,1.79672515515e-05,1.018477451e-05
2016,Scotland,0,7.4,18,FCEV Cars,Motorway (not London),0.0,4.0696081669e-06,2.40208009927e-06
2016,Scotland,0,7.4,18,FCEV LGV,Motorway (not London),0.0,5.21319179825e-06,3.13913324135e-06
2016,Scotland,0,7.4,18,Full Hybrid Diesel Cars,Motorway (not London),0.000227859200095,1.33725452542e-05,1.12398702186e-05
2016,Scotland,0,7.4,18,Full Hybrid Petrol Cars,Motorway (not London),0.000226473261137,4.60221190224e-06,2.90805360237e-06
2016,Scotland,0,7.4,18,Full Hybrid Petrol LGV,Motorway (not London),1.19670639833e-05,5.42490988664e-06,3.34026572091e-06
2016,Scotland,0,7.4,18,Hybrid Bus,Motorway (not London),0.00145406892989,3.18783095281e-05,2.34002800426e-05
2016,Scotland,0,7.4,18,LGV,Motorway (not London),0.000861265929416,6.408590707e-05,5.90682175243e-05
2016,Scotland,0,7.4,18,LPG Cars,Motorway (not London),8.80555526237e-05,4.60221190224e-06,2.90805360237e-06
2016,Scotland,0,7.4,18,LPG LGV,Motorway (not London),0.000225193361985,5.74579553358e-06,3.64510697182e-06
2016,Scotland,0,7.4,18,Motorcycle,Motorway (not London),3.72071554011e-05,5.02181865158e-06,4.15230806539e-06
2016,Scotland,0,7.4,18,Petrol Car,Motorway (not London),0.000452946522273,4.60221190224e-06,2.90805360237e-06
2016,Scotland,0,7.4,18,Plug-In Hybrid Petrol Cars,Motorway (not London),4.52946551377e-05,4.12286863138e-06,2.4526773359e-06
2016,Scotland,0,7.4,18,Plug-In Hybrid Petrol LGV,Motorway (not London),9.05663255253e-05,5.22891195942e-06,3.1540675991e-06
2016,Scotland,0,7.4,18,Rigid HGV,Motorway (not London),0.0038336024154,0.000199856731342,0.000183265365195
2016,Scotland,0,7.4,20,Artic HGV,Motorway (not London),0.00604105880484,0.000261317152763,0.000240538618527
2016,Scotland,0,7.4,20,B100 Artic HGV,Motorway (not London),0.00510209193453,3.23230742652e-05,2.29942506849e-05
2016,Scotland,0,7.4,20,B100 Bus,Motorway (not London),0.00320153706707,2.40614972427e-05,1.59743067343e-05
2016,Scotland,0,7.4,20,B100 Coach,Motorway (not London),0.00431459676474,3.94252201659e-05,3.05698449665e-05
2016,Scotland,0,7.4,20,B100 Rigid HGV,Motorway (not London),0.00305952643976,2.3257896828e-05,1.54964764079e-05
2016,Scotland,0,7.4,20,Battery EV Cars,Motorway (not London),0.0,4.0696081669e-06,2.40208009927e-06
2016,Scotland,0,7.4,20,Battery EV LGV,Motorway (not London),0.0,5.21319179825e-06,3.13913324135e-06
2016,Scotland,0,7.4,20,Biogas Bus,Motorway (not London),0.00069444446126,1.93561409105e-05,1.15042184916e-05
2016,Scotland,0,7.4,20,Biomethane Bus,Motorway (not London),0.00069444446126,1.93561409105e-05,1.15042184916e-05
2016,Scotland,0,7.4,20,Bus and Coach,Motorway (not London),0.00498991832137,0.000226921096328,0.000208690922591
2016,Scotland,0,7.4,20,CNG Bus,Motorway (not London),0.00069444446126,1.93561409105e-05,1.15042184916e-05
2016,Scotland,0,7.4,20,Diesel Car,Motorway (not London),0.000219255554839,6.86759594828e-05,6.3778112235e-05
2016,Scotland,0,7.4,20,E85 Bioethanol Cars,Motorway (not London),0.000457804300822,4.49569142802e-06,2.80685890175e-06
2016,Scotland,0,7.4,20,E85 Bioethanol LGV,Motorway (not London),0.000597688311245,5.63927460462e-06,3.5439122712e-06
2016,Scotland,0,7.4,20,FCEV Bus,Motorway (not London),0.0,1.79672515515e-05,1.018477451e-05
2016,Scotland,0,7.4,20,FCEV Cars,Motorway (not London),0.0,4.0696081669e-06,2.40208009927e-06
2016,Scotland,0,7.4,20,FCEV LGV,Motorway (not London),0.0,5.21319179825e-06,3.13913324135e-06
2016,Scotland,0,7.4,20,Full Hybrid Diesel Cars,Motorway (not London),0.000219467459829,1.31647757371e-05,1.10424889499e-05
2016,Scotland,0,7.4,20,Full Hybrid Petrol Cars,Motorway (not London),0.000228902150411,4.60221190224e-06,2.90805360237e-06
2016,Scotland,0,7.4,20,Full Hybrid Petrol LGV,Motorway (not London),1.15722568808e-05,5.42490988664e-06,3.34026572091e-06
2016,Scotland,0,7.4,20,Hybrid Bus,Motorway (not London),0.00132508785464,3.10162322421e-05,2.25813037105e-05
2016,Scotland,0,7.4,20,LGV,Motorway (not London),0.000816291489173,6.38822966721e-05,5.88747789152e-05
2016,Scotland,0,7.4,20,LPG Cars,Motorway (not London),8.80555526237e-05,4.60221190224e-06,2.90805360237e-06
2016,Scotland,0,7.4,20,LPG LGV,Motorway (not London),0.000217739056097,5.74579553358e-06,3.64510697182e-06
2016,Scotland,0,7.4,20,Motorcycle,Motorway (not London),3.76135285478e-05,5.02181865158e-06,4.15230806539e-06
2016,Scotland,0,7.4,20,Petrol Car,Motorway (not London),0.000457804300822,4.60221190224e-06,2.90805360237e-06
2016,Scotland,0,7.4,20,Plug-In Hybrid Petrol Cars,Motorway (not London),4.57804308098e-05,4.12286863138e-06,2.4526773359e-06
2016,Scotland,0,7.4,20,Plug-In Hybrid Petrol LGV,Motorway (not London),9.2086767836e-05,5.22878553966e-06,3.1539475458e-06
2016,Scotland,0,7.4,20,Rigid HGV,Motorway (not London),0.0036336639896,0.000186068631592,0.00017016667698
2016,Scotland,0,7.4,25,Artic HGV,Motorway (not London),0.00544445728883,0.000224193368922,0.000205271018785
2016,Scotland,0,7.4,25,B100 Artic HGV,Motorway (not London),0.00454393122345,3.04871755361e-05,2.12501472561e-05
2016,Scotland,0,7.4,25,B100 Bus,Motorway (not London),0.00285162893124,2.31521134992e-05,1.5110392269e-05
2016,Scotland,0,7.4,25,B100 Coach,Motorway (not London),0.00369272613898,3.60617050319e-05,2.73745026789e-05
2016,Scotland,0,7.4,25,B100 Rigid HGV,Motorway (not London),0.00272260955535,2.22192738875e-05,1.45097837958e-05
2016,Scotland,0,7.4,25,Battery EV Cars,Motorway (not London),0.0,4.0696081669e-06,2.40208009927e-06
2016,Scotland,0,7.4,25,Battery EV LGV,Motorway (not London),0.0,5.21319179825e-06,3.13913324135e-06
2016,Scotland,0,7.4,25,Biogas Bus,Motorway (not London),0.00069444446126,1.93561409105e-05,1.15042184916e-05
2016,Scotland,0,7.4,25,Biomethane Bus,Motorway (not London),0.00069444446126,1.93561409105e-05,1.15042184916e-05
2016,Scotland,0,7.4,25,Bus and Coach,Motorway (not London),0.00431252922863,0.000192551873624,0.000176040164661
2016,Scotland,0,7.4,25,CNG Bus,Motorway (not London),0.00069444446126,1.93561409105e-05,1.15042184916e-05
2016,Scotland,0,7.4,25,Diesel Car,Motorway (not London),0.000204896277864,6.22517836746e-05,5.76751481276e-05
2016,Scotland,0,7.4,25,E85 Bioethanol Cars,Motorway (not London),0.000470944913104,4.49569142802e-06,2.80685890175e-06
2016,Scotland,0,7.4,25,E85 Bioethanol LGV,Motorway (not London),0.000621411250904,5.63927460462e-06,3.5439122712e-06
2016,Scotland,0,7.4,25,FCEV Bus,Motorway (not London),0.0,1.79672515515e-05,1.018477451e-05
2016,Scotland,0,7.4,25,FCEV Cars,Motorway (not London),0.0,4.0696081669e-06,2.40208009927e-06
2016,Scotland,0,7.4,25,FCEV LGV,Motorway (not London),0.0,5.21319179825e-06,3.13913324135e-06
2016,Scotland,0,7.4,25,Full Hybrid Diesel Cars,Motorway (not London),0.000201674178243,1.26764580273e-05,1.05785875348e-05
2016,Scotland,0,7.4,25,Full Hybrid Petrol Cars,Motorway (not London),0.000235472456552,4.60221190224e-06,2.90805360237e-06
2016,Scotland,0,7.4,25,Full Hybrid Petrol LGV,Motorway (not London),1.0447751265e-05,5.42490988664e-06,3.34026572091e-06
2016,Scotland,0,7.4,25,Hybrid Bus,Motorway (not London),0.00107416033279,2.93569355563e-05,2.10049729503e-05
2016,Scotland,0,7.4,25,LGV,Motorway (not London),0.000711220374797,6.34844327578e-05,5.8496811107e-05
2016,Scotland,0,7.4,25,LPG Cars,Motorway (not London),8.80555526237e-05,4.60221190224e-06,2.90805360237e-06
2016,Scotland,0,7.4,25,LPG LGV,Motorway (not London),0.000201152201043,5.74579553358e-06,3.64510697182e-06
2016,Scotland,0,7.4,25,Motorcycle,Motorway (not London),3.75906020054e-05,5.02181865158e-06,4.15230806539e-06
2016,Scotland,0,7.4,25,Petrol Car,Motorway (not London),0.000470944913104,4.60221190224e-06,2.90805360237e-06
2016,Scotland,0,7.4,25,Plug-In Hybrid Petrol Cars,Motorway (not London),4.70944942208e-05,4.12286863138e-06,2.4526773359e-06
2016,Scotland,0,7.4,25,Plug-In Hybrid Petrol LGV,Motorway (not London),9.59468598012e-05,5.22897289557e-06,3.15412557939e-06
2016,Scotland,0,7.4,25,Rigid HGV,Motorway (not London),0.00326027278788,0.000160342067829,0.000145726444316
2016,Scotland,0,7.4,30,Artic HGV,Motorway (not London),0.00499674212188,0.000195586981135,0.00017809496785
2016,Scotland,0,7.4,30,B100 Artic HGV,Motorway (not London),0.00413803802803,2.90755288006e-05,1.99090827664e-05
2016,Scotland,0,7.4,30,B100 Bus,Motorway (not London),0.00260876538232,2.25148705795e-05,1.45050125866e-05
2016,Scotland,0,7.4,30,B100 Coach,Motorway (not London),0.00327402632684,3.37382152793e-05,2.51671899605e-05
2016,Scotland,0,7.4,30,B100 Rigid HGV,Motorway (not London),0.00249059172347,2.15150921576e-05,1.38408122439e-05
2016,Scotland,0,7.4,30,Battery EV Cars,Motorway (not London),0.0,4.0696081669e-06,2.40208009927e-06
2016,Scotland,0,7.4,30,Battery EV LGV,Motorway (not London),0.0,5.21319179825e-06,3.13913324135e-06
2016,Scotland,0,7.4,30,Biogas Bus,Motorway (not London),0.00069444446126,1.93561409105e-05,1.15042184916e-05
2016,Scotland,0,7.4,30,Biomethane Bus,Motorway (not London),0.00069444446126,1.93561409105e-05,1.15042184916e-05
2016,Scotland,0,7.4,30,Bus and Coach,Motorway (not London),0.00385306193493,0.000168870217749,0.000153542598127
2016,Scotland,0,7.4,30,CNG Bus,Motorway (not London),0.00069444446126,1.93561409105e-05,1.15042184916e-05
2016,Scotland,0,7.4,30,Diesel Car,Motorway (not London),0.000192089821212,5.64496549487e-05,5.21631263837e-05
2016,Scotland,0,7.4,30,E85 Bioethanol Cars,Motorway (not London),0.000485508731799,4.49569142802e-06,2.80685890175e-06
2016,Scotland,0,7.4,30,E85 Bioethanol LGV,Motorway (not London),0.000645302759949,5.63927460462e-06,3.5439122712e-06
2016,Scotland,0,7.4,30,FCEV Bus,Motorway (not London),0.0,1.79672515515e-05,1.018477451e-05
2016,Scotland,0,7.4,30,FCEV Cars,Motorway (not London),0.0,4.0696081669e-06,2.40208009927e-06
2016,Scotland,0,7.4,30,FCEV LGV,Motorway (not London),0.0,5.21319179825e-06,3.13913324135e-06
2016,Scotland,0,7.4,30,Full Hybrid Diesel Cars,Motorway (not London),0.000187142431969,1.22325791381e-05,1.01569021353e-05
2016,Scotland,0,7.4,30,Full Hybrid Petrol Cars,Motorway (not London),0.0002427543659,4.60221190224e-06,2.90805360237e-06
2016,Scotland,0,7.4,30,Full Hybrid Petrol LGV,Motorway (not London),9.44911244005e-06,5.42490988664e-06,3.34026572091e-06
2016,Scotland,0,7.4,30,Hybrid Bus,Motorway (not London),0.000891491537914,2.81504526356e-05,1.98588131752e-05
2016,Scotland,0,7.4,30,LGV,Motorway (not London),0.000616670760792,6.32453957223e-05,5.82697284699e-05
2016,Scotland,0,7.4,30,LPG Cars,Motorway (not London),8.80555526237e-05,4.60221190224e-06,2.90805360237e-06
2016,Scotland,0,7.4,30,LPG LGV,Motorway (not London),0.00018706053379,5.74579553358e-06,3.64510697182e-06
2016,Scotland,0,7.4,30,Motorcycle,Motorway (not London),3.66836684407e-05,5.02181865158e-06,4.15230806539e-06
2016,Scotland,0,7.4,30,Petrol Car,Motorway (not London),0.000485508731799,4.60221190224e-06,2.90805360237e-06
2016,Scotland,0,7.4,30,Plug-In Hybrid Petrol Cars,Motorway (not London),4.85508753627e-05,4.12286863138e-06,2.4526773359e-06
2016,Scotland,0,7.4,30,Plug-In Hybrid Petrol LGV,Motorway (not London),9.98912291834e-05,5.22968684891e-06,3.15480383506e-06
2016,Scotland,0,7.4,30,Rigid HGV,Motorway (not London),0.00300187501125,0.000142640230479,0.000128909698105
2016,Scotland,0,7.4,35,Artic HGV,Motorway (not London),0.00464496389031,0.000174086424522,0.000157669433975
2016,Scotland,0,7.4,35,B100 Artic HGV,Motorway (not London),0.00382683845237,2.80173589999e-05,1.89038219105e-05
2016,Scotland,0,7.4,35,B100 Bus,Motorway (not London),0.00242782244459,2.20565034397e-05,1.40695638038e-05
2016,Scotland,0,7.4,35,B100 Coach,Motorway (not London),0.00297436490655,3.2034367905e-05,2.35485331359e-05
2016,Scotland,0,7.4,35,B100 Rigid HGV,Motorway (not London),0.00232227751985,2.10105445149e-05,1.33614903461e-05
2016,Scotland,0,7.4,35,Battery EV Cars,Motorway (not London),0.0,4.0696081669e-06,2.40208009927e-06
2016,Scotland,0,7.4,35,Battery EV LGV,Motorway (not London),0.0,5.21319179825e-06,3.13913324135e-06
2016,Scotland,0,7.4,35,Biogas Bus,Motorway (not London),0.00069444446126,1.93561409105e-05,1.15042184916e-05
2016,Scotland,0,7.4,35,Biomethane Bus,Motorway (not London),0.00069444446126,1.93561409105e-05,1.15042184916e-05
2016,Scotland,0,7.4,35,Bus and Coach,Motorway (not London),0.00352242100053,0.00015160581097,0.000137141396408
2016,Scotland,0,7.4,35,CNG Bus,Motorway (not London),0.00069444446126,1.93561409105e-05,1.15042184916e-05
2016,Scotland,0,7.4,35,Diesel Car,Motorway (not London),0.000180836199434,5.12695660291e-05,4.72420397273e-05
2016,Scotland,0,7.4,35,E85 Bioethanol Cars,Motorway (not London),0.000501495727804,4.49569142802e-06,2.80685890175e-06
2016,Scotland,0,7.4,35,E85 Bioethanol LGV,Motorway (not London),0.000669362780172,5.63927460462e-06,3.5439122712e-06
2016,Scotland,0,7.4,35,FCEV Bus,Motorway (not London),0.0,1.79672515515e-05,1.018477451e-05
2016,Scotland,0,7.4,35,FCEV Cars,Motorway (not London),0.0,4.0696081669e-06,2.40208009927e-06
2016,Scotland,0,7.4,35,FCEV LGV,Motorway (not London),0.0,5.21319179825e-06,3.13913324135e-06
2016,Scotland,0,7.4,35,Full Hybrid Diesel Cars,Motorway (not London),0.000175001594471,1.1833139979e-05,9.77743457042e-06
2016,Scotland,0,7.4,35,Full Hybrid Petrol Cars,Motorway (not London),0.000250747863902,4.60221190224e-06,2.90805360237e-06
2016,Scotland,0,7.4,35,Full Hybrid Petrol LGV,Motorway (not London),8.56738734001e-06,5.42490988664e-06,3.34026572091e-06
2016,Scotland,0,7.4,35,Hybrid Bus,Motorway (not London),0.000753102242015,2.72254346783e-05,1.89800466615e-05
2016,Scotland,0,7.4,35,LGV,Motorway (not London),0.000532642530743,6.31651855656e-05,5.81935310038e-05
2016,Scotland,0,7.4,35,LPG Cars,Motorway (not London),8.80555526237e-05,4.60221190224e-06,2.90805360237e-06
2016,Scotland,0,7.4,35,LPG LGV,Motorway (not London),0.000175143708475,5.74579553358e-06,3.64510697182e-06
2016,Scotland,0,7.4,35,Motorcycle,Motorway (not London),3.5522163671e-05,5.02181865158e-06,4.15230806539e-06
2016,Scotland,0,7.4,35,Petrol Car,Motorway (not London),0.000501495727804,4.60221190224e-06,2.90805360237e-06
2016,Scotland,0,7.4,35,Plug-In Hybrid Petrol Cars,Motorway (not London),5.01495742355e-05,4.12286863138e-06,2.4526773359e-06
2016,Scotland,0,7.4,35,Plug-In Hybrid Petrol LGV,Motorway (not London),0.000103919868707,5.23078142578e-06,3.15584361488e-06
2016,Scotland,0,7.4,35,Rigid HGV,Motorway (not London),0.0028138468042,0.000129874024424,0.00011678179726
2016,Scotland,0,7.4,40,Artic HGV,Motorway (not London),0.00435924017802,0.000158488197485,0.000142851116834
2016,Scotland,0,7.4,40,B100 Artic HGV,Motorway (not London),0.00357914343476,2.72528832284e-05,1.81775703822e-05
2016,Scotland,0,7.4,40,B100 Bus,Motorway (not London),0.00228632520884,2.17207270907e-05,1.3750574908e-05
2016,Scotland,0,7.4,40,B100 Coach,Motorway (not London),0.00275073200464,3.07308146148e-05,2.2310156055e-05
2016,Scotland,0,7.4,40,B100 Rigid HGV,Motorway (not London),0.00219595199451,2.06350359804e-05,1.30047574203e-05
2016,Scotland,0,7.4,40,Battery EV Cars,Motorway (not London),0.0,4.0696081669e-06,2.40208009927e-06
2016,Scotland,0,7.4,40,Battery EV LGV,Motorway (not London),0.0,5.21319179825e-06,3.13913324135e-06
2016,Scotland,0,7.4,40,Biogas Bus,Motorway (not London),0.00069444446126,1.93561409105e-05,1.15042184916e-05
2016,Scotland,0,7.4,40,Biomethane Bus,Motorway (not London),0.00069444446126,1.93561409105e-05,1.15042184916e-05
2016,Scotland,0,7.4,40,Bus and Coach,Motorway (not London),0.00327467336319,0.000138511473779,0.000124701778986
2016,Scotland,0,7.4,40,CNG Bus,Motorway (not London),0.00069444446126,1.93561409105e-05,1.15042184916e-05
2016,Scotland,0,7.4,40,Diesel Car,Motorway (not London),0.000171135397977,4.67115132778e-05,4.29118917964e-05
2016,Scotland,0,7.4,40,E85 Bioethanol Cars,Motorway (not London),0.000518905930221,4.49569142802e-06,2.80685890175e-06
2016,Scotland,0,7.4,40,E85 Bioethanol LGV,Motorway (not London),0.000693591369782,5.63927460462e-06,3.5439122712e-06
2016,Scotland,0,7.4,40,FCEV Bus,Motorway (not London),0.0,1.79672515515e-05,1.018477451e-05
2016,Scotland,0,7.4,40,FCEV Cars,Motorway (not London),0.0,4.0696081669e-06,2.40208009927e-06
2016,Scotland,0,7.4,40,FCEV LGV,Motorway (not London),0.0,5.21319179825e-06,3.13913324135e-06
2016,Scotland,0,7.4,40,Full Hybrid Diesel Cars,Motorway (not London),0.000164784520166,1.14781396405e-05,9.44018484006e-06
2016,Scotland,0,7.4,40,Full Hybrid Petrol Cars,Motorway (not London),0.000259452965111,4.60221190224e-06,2.90805360237e-06
2016,Scotland,0,7.4,40,Full Hybrid Petrol LGV,Motorway (not London),7.79362380854e-06,5.42490988664e-06,3.34026572091e-06
2016,Scotland,0,7.4,40,Hybrid Bus,Motorway (not London),0.00064565485809,2.64966711256e-05,1.82877229236e-05
2016,Scotland,0,7.4,40,LGV,Motorway (not London),0.000459135801066,6.32438095636e-05,5.82682187087e-05
2016,Scotland,0,7.4,40,LPG Cars,Motorway (not London),8.80555526237e-05,4.60221190224e-06,2.90805360237e-06
2016,Scotland,0,7.4,40,LPG LGV,Motorway (not London),0.000165218487382,5.74579553358e-06,3.64510697182e-06
2016,Scotland,0,7.4,40,Motorcycle,Motorway (not London),3.46059350704e-05,5.02181865158e-06,4.15230806539e-06
2016,Scotland,0,7.4,40,Petrol Car,Motorway (not London),0.000518905930221,4.60221190224e-06,2.90805360237e-06
2016,Scotland,0,7.4,40,Plug-In Hybrid Petrol Cars,Motorway (not London),5.18905908393e-05,4.12286863138e-06,2.4526773359e-06
2016,Scotland,0,7.4,40,Plug-In Hybrid Petrol LGV,Motorway (not London),0.000108032785647,5.23216885995e-06,3.15716170007e-06
2016,Scotland,0,7.4,40,Rigid HGV,Motorway (not London),0.00267250533216,0.000120367156342,0.000107750274765
2016,Scotland,0,7.4,45,Artic HGV,Motorway (not London),0.00412127142772,0.000147702798131,0.000132604982355
2016,Scotland,0,7.4,45,B100 Artic HGV,Motorway (not London),0.00337641919032,2.67282321147e-05,1.76791509148e-05
2016,Scotland,0,7.4,45,B100 Bus,Motorway (not London),0.00217172107659,2.14714109461e-05,1.35137252073e-05
2016,Scotland,0,7.4,45,B100 Coach,Motorway (not London),0.00257879123092,2.97014812531e-05,2.13322909985e-05
2016,Scotland,0,7.4,45,B100 Rigid HGV,Motorway (not London),0.00209901528433,2.03479321499e-05,1.27320090542e-05
2016,Scotland,0,7.4,45,Battery EV Cars,Motorway (not London),0.0,4.0696081669e-06,2.40208009927e-06
2016,Scotland,0,7.4,45,Battery EV LGV,Motorway (not London),0.0,5.21319179825e-06,3.13913324135e-06
2016,Scotland,0,7.4,45,Biogas Bus,Motorway (not London),0.00069444446126,1.93561409105e-05,1.15042184916e-05
2016,Scotland,0,7.4,45,Biomethane Bus,Motorway (not London),0.00069444446126,1.93561409105e-05,1.15042184916e-05
2016,Scotland,0,7.4,45,Bus and Coach,Motorway (not London),0.00308364559896,0.000128284431412,0.000114986090921
2016,Scotland,0,7.4,45,CNG Bus,Motorway (not London),0.00069444446126,1.93561409105e-05,1.15042184916e-05
2016,Scotland,0,7.4,45,Diesel Car,Motorway (not London),0.000162987431395,4.27755039709e-05,3.9172678953e-05
2016,Scotland,0,7.4,45,E85 Bioethanol Cars,Motorway (not London),0.00053773925174,4.49569142802e-06,2.80685890175e-06
2016,Scotland,0,7.4,45,E85 Bioethanol LGV,Motorway (not London),0.000717988528777,5.63927460462e-06,3.5439122712e-06
2016,Scotland,0,7.4,45,FCEV Bus,Motorway (not London),0.0,1.79672515515e-05,1.018477451e-05
2016,Scotland,0,7.4,45,FCEV Cars,Motorway (not London),0.0,4.0696081669e-06,2.40208009927e-06
2016,Scotland,0,7.4,45,FCEV LGV,Motorway (not London),0.0,5.21319179825e-06,3.13913324135e-06
2016,Scotland,0,7.4,45,Full Hybrid Diesel Cars,Motorway (not London),0.000156213005539,1.11675772132e-05,9.14515112527e-06
2016,Scotland,0,7.4,45,Full Hybrid Petrol Cars,Motorway (not London),0.00026886962587,4.60221190224e-06,2.90805360237e-06
2016,Scotland,0,7.4,45,Full Hybrid Petrol LGV,Motorway (not London),7.1188687798e-06,5.42490988664e-06,3.34026572091e-06
2016,Scotland,0,7.4,45,Hybrid Bus,Motorway (not London),0.000561089836992,2.59208809439e-05,1.77407200681e-05
2016,Scotland,0,7.4,45,LGV,Motorway (not London),0.000396150513552,6.34812604403e-05,5.84937952226e-05
2016,Scotland,0,7.4,45,LPG Cars,Motorway (not London),8.80555526237e-05,4.60221190224e-06,2.90805360237e-06
2016,Scotland,0,7.4,45,LPG LGV,Motorway (not London),0.000157172777108,5.74579553358e-06,3.64510697182e-06
2016,Scotland,0,7.4,45,Motorcycle,Motorway (not London),3.43192768923e-05,5.02181865158e-06,4.15230806539e-06
2016,Scotland,0,7.4,45,Petrol Car,Motorway (not London),0.00053773925174,4.60221190224e-06,2.90805360237e-06
2016,Scotland,0,7.4,45,Plug-In Hybrid Petrol Cars,Motorway (not London),5.3773928812e-05,4.12286863138e-06,2.4526773359e-06
2016,Scotland,0,7.4,45,Plug-In Hybrid Petrol LGV,Motorway (not London),0.000112229980004,5.23379458173e-06,3.15870624945e-06
2016,Scotland,0,7.4,45,Rigid HGV,Motorway (not London),0.00256402906962,0.000113121248432,0.000100866658613
2016,Scotland,0,7.4,50,Artic HGV,Motorway (not London),0.00391914462671,0.000140709293191,0.000125961159938
2016,Scotland,0,7.4,50,B100 Artic HGV,Motorway (not London),0.00320688146167,2.63930123765e-05,1.73606931639e-05
2016,Scotland,0,7.4,50,B100 Bus,Motorway (not London),0.00207639951259,2.12843933696e-05,1.33360590553e-05
2016,Scotland,0,7.4,50,B100 Coach,Motorway (not London),0.00244371220469,2.88685696432e-05,2.0541025151e-05
2016,Scotland,0,7.4,50,B100 Rigid HGV,Motorway (not London),0.00202362798154,2.01241891773e-05,1.25194528664e-05
2016,Scotland,0,7.4,50,Battery EV Cars,Motorway (not London),0.0,4.0696081669e-06,2.40208009927e-06
2016,Scotland,0,7.4,50,Battery EV LGV,Motorway (not London),0.0,5.21319179825e-06,3.13913324135e-06
2016,Scotland,0,7.4,50,Biogas Bus,Motorway (not London),0.00069444446126,1.93561409105e-05,1.15042184916e-05
2016,Scotland,0,7.4,50,Biomethane Bus,Motorway (not London),0.00069444446126,1.93561409105e-05,1.15042184916e-05
2016,Scotland,0,7.4,50,Bus and Coach,Motorway (not London),0.00293329241686,0.000120114134916,0.000107224310341
2016,Scotland,0,7.4,50,CNG Bus,Motorway (not London),0.00069444446126,1.93561409105e-05,1.15042184916e-05
2016,Scotland,0,7.4,50,Diesel Car,Motorway (not London),0.000156392299687,3.94615344703e-05,3.60244084732e-05
2016,Scotland,0,7.4,50,E85 Bioethanol Cars,Motorway (not London),0.000557995808776,4.49569142802e-06,2.80685890175e-06
2016,Scotland,0,7.4,50,E85 Bioethanol LGV,Motorway (not London),0.000742554198951,5.63927460462e-06,3.5439122712e-06
2016,Scotland,0,7.4,50,FCEV Bus,Motorway (not London),0.0,1.79672515515e-05,1.018477451e-05
2016,Scotland,0,7.4,50,FCEV Cars,Motorway (not London),0.0,4.0696081669e-06,2.40208009927e-06
2016,Scotland,0,7.4,50,FCEV LGV,Motorway (not London),0.0,5.21319179825e-06,3.13913324135e-06
2016,Scotland,0,7.4,50,Full Hybrid Diesel Cars,Motorway (not London),0.000149111278006,1.0901454516e-05,8.89233433554e-06
2016,Scotland,0,7.4,50,Full Hybrid Petrol Cars,Motorway (not London),0.000278997904388,4.60221190224e-06,2.90805360237e-06
2016,Scotland,0,7.4,50,Full Hybrid Petrol LGV,Motorway (not London),6.53417146168e-06,5.42490988664e-06,3.34026572091e-06
2016,Scotland,0,7.4,50,Hybrid Bus,Motorway (not London),0.000494284555316,2.54755923379e-05,1.73176977114e-05
2016,Scotland,0,7.4,50,LGV,Motorway (not London),0.000343686668202,6.38775309199e-05,5.88702569075e-05
2016,Scotland,0,7.4,50,LPG Cars,Motorway (not London),8.80555526237e-05,4.60221190224e-06,2.90805360237e-06
2016,Scotland,0,7.4,50,LPG LGV,Motorway (not London),0.000150934400153,5.74579553358e-06,3.64510697182e-06
2016,Scotland,0,7.4,50,Motorcycle,Motorway (not London),3.49449728674e-05,5.02181865158e-06,4.15230806539e-06
2016,Scotland,0,7.4,50,Petrol Car,Motorway (not London),0.000557995808776,4.60221190224e-06,2.90805360237e-06
2016,Scotland,0,7.4,50,Plug-In Hybrid Petrol Cars,Motorway (not London),5.57995808776e-05,4.12286863138e-06,2.4526773359e-06
2016,Scotland,0,7.4,50,Plug-In Hybrid Petrol LGV,Motorway (not London),0.000116511451779,5.23562493981e-06,3.16044520332e-06
2016,Scotland,0,7.4,50,Rigid HGV,Motorway (not London),0.00247977557592,0.000107501167804,9.55275827437e-05
2016,Scotland,0,7.4,60,Artic HGV,Motorway (not London),0.00359226553701,0.000134219109896,0.000119795484352
2016,Scotland,0,7.4,60,B100 Artic HGV,Motorway (not London),0.00293817953207,2.60994092969e-05,1.70817693288e-05
2016,Scotland,0,7.4,60,B100 Bus,Motorway (not London),0.00192555377726,2.10356392927e-05,1.30997423184e-05
2016,Scotland,0,7.4,60,B100 Coach,Motorway (not London),0.00224899942987,2.76054015558e-05,1.93410160136e-05
2016,Scotland,0,7.4,60,B100 Rigid HGV,Motorway (not London),0.00191855488811,1.98071065824e-05,1.22182236737e-05
2016,Scotland,0,7.4,60,Battery EV Cars,Motorway (not London),0.0,4.0696081669e-06,2.40208009927e-06
2016,Scotland,0,7.4,60,Battery EV LGV,Motorway (not London),0.0,5.21319179825e-06,3.13913324135e-06
2016,Scotland,0,7.4,60,Biogas Bus,Motorway (not London),0.00069444446126,1.93561409105e-05,1.15042184916e-05
2016,Scotland,0,7.4,60,Biomethane Bus,Motorway (not London),0.00069444446126,1.93561409105e-05,1.15042184916e-05
2016,Scotland,0,7.4,60,Bus and Coach,Motorway (not London),0.00271635875106,0.000107982566988,9.56993244472e-05
2016,Scotland,0,7.4,60,CNG Bus,Motorway (not London),0.00069444446126,1.93561409105e-05,1.15042184916e-05
2016,Scotland,0,7.4,60,Diesel Car,Motorway (not London),0.000147860497236,3.46997112501e-05,3.1500676414e-05
2016,Scotland,0,7.4,60,E85 Bioethanol Cars,Motorway (not London),0.000602778454777,4.31308444604e-06,2.63338210971e-06
2016,Scotland,0,7.4,60,E85 Bioethanol LGV,Motorway (not London),0.000792191247456,5.45666762264e-06,3.37043547916e-06
2016,Scotland,0,7.4,60,FCEV Bus,Motorway (not London),0.0,1.79672515515e-05,1.018477451e-05
2016,Scotland,0,7.4,60,FCEV Cars,Motorway (not London),0.0,4.0696081669e-06,2.40208009927e-06
2016,Scotland,0,7.4,60,FCEV LGV,Motorway (not London),0.0,5.21319179825e-06,3.13913324135e-06
2016,Scotland,0,7.4,60,Full Hybrid Diesel Cars,Motorway (not London),0.000138907809742,1.05025264929e-05,8.51335153129e-06
2016,Scotland,0,7.4,60,Full Hybrid Petrol Cars,Motorway (not London),0.000421944918344,4.37395328845e-06,2.69120778285e-06
2016,Scotland,0,7.4,60,Full Hybrid Petrol LGV,Motorway (not London),7.8387947724e-06,5.35147000846e-06,3.27049792759e-06
2016,Scotland,0,7.4,60,Hybrid Bus,Motorway (not London),0.000500392750837,2.494016735e-05,1.68090427906e-05
2016,Scotland,0,7.4,60,LGV,Motorway (not London),0.000270323303994,6.51391092106e-05,6.00687526457e-05
2016,Scotland,0,7.4,60,LPG Cars,Motorway (not London),8.11111094663e-05,4.37395328845e-06,2.69120778285e-06
2016,Scotland,0,7.4,60,LPG LGV,Motorway (not London),0.000115474438644,5.51753646505e-06,3.42826115229e-06
2016,Scotland,0,7.4,60,Motorcycle,Motorway (not London),3.96413488488e-05,5.02181865158e-06,4.15230806539e-06
2016,Scotland,0,7.4,60,Petrol Car,Motorway (not London),0.000602778454777,4.37395328845e-06,2.69120778285e-06
2016,Scotland,0,7.4,60,Plug-In Hybrid Petrol Cars,Motorway (not London),0.000301389227388,4.22178072768e-06,2.54664382737e-06
2016,Scotland,0,7.4,60,Plug-In Hybrid Petrol LGV,Motorway (not London),0.000419149670051,5.34643731953e-06,3.26571671394e-06
2016,Scotland,0,7.4,60,Rigid HGV,Motorway (not London),0.00236293883063,9.95722293737e-05,8.79950894159e-05
2016,Scotland,0,7.4,70,Artic HGV,Motorway (not London),0.0033373797778,0.000131501161377,0.000117213428894
2016,Scotland,0,7.4,70,B100 Artic HGV,Motorway (not London),0.00273376028053,2.60007655015e-05,1.69880586327e-05
2016,Scotland,0,7.4,70,B100 Bus,Motorway (not London),0.00181019224692,2.08914552786e-05,1.29627669594e-05
2016,Scotland,0,7.4,70,B100 Coach,Motorway (not London),0.00212090928108,2.66958704742e-05,1.84769614862e-05
2016,Scotland,0,7.4,70,B100 Rigid HGV,Motorway (not London),0.00185578421224,1.96065284399e-05,1.20276763482e-05
2016,Scotland,0,7.4,70,Battery EV Cars,Motorway (not London),0.0,4.0696081669e-06,2.40208009927e-06
2016,Scotland,0,7.4,70,Battery EV LGV,Motorway (not London),0.0,5.21319179825e-06,3.13913324135e-06
2016,Scotland,0,7.4,70,Biogas Bus,Motorway (not London),0.00069444446126,1.93561409105e-05,1.15042184916e-05
2016,Scotland,0,7.4,70,Biomethane Bus,Motorway (not London),0.00069444446126,1.93561409105e-05,1.15042184916e-05
2016,Scotland,0,7.4,70,Bus and Coach,Motorway (not London),0.00257391552441,9.9527373095e-05,8.76668927958e-05
2016,Scotland,0,7.4,70,CNG Bus,Motorway (not London),0.00069444446126,1.93561409105e-05,1.15042184916e-05
2016,Scotland,0,7.4,70,Diesel Car,Motorway (not London),0.000145540005178,3.24260472553e-05,2.93406974379e-05
2016,Scotland,0,7.4,70,E85 Bioethanol Cars,Motorway (not London),0.000653253810015,4.31308444604e-06,2.63338210971e-06
2016,Scotland,0,7.4,70,E85 Bioethanol LGV,Motorway (not London),0.000842502515297,5.45666762264e-06,3.37043547916e-06
2016,Scotland,0,7.4,70,FCEV Bus,Motorway (not London),0.0,1.79672515515e-05,1.018477451e-05
2016,Scotland,0,7.4,70,FCEV Cars,Motorway (not London),0.0,4.0696081669e-06,2.40208009927e-06
2016,Scotland,0,7.4,70,FCEV LGV,Motorway (not London),0.0,5.21319179825e-06,3.13913324135e-06
2016,Scotland,0,7.4,70,Full Hybrid Diesel Cars,Motorway (not London),0.000133727662615,1.02813528429e-05,8.3032373368e-06
2016,Scotland,0,7.4,70,Full Hybrid Petrol Cars,Motorway (not London),0.00045727766701,4.37395328845e-06,2.69120778285e-06
2016,Scotland,0,7.4,70,Full Hybrid Petrol LGV,Motorway (not London),7.49118498788e-06,5.35147000846e-06,3.27049792759e-06
2016,Scotland,0,7.4,70,Hybrid Bus,Motorway (not London),0.000441039883299,2.49002441706e-05,1.67711168615e-05
2016,Scotland,0,7.4,70,LGV,Motorway (not London),0.000239045752096,6.70434528729e-05,6.18778867647e-05
2016,Scotland,0,7.4,70,LPG Cars,Motorway (not London),8.11111094663e-05,4.37395328845e-06,2.69120778285e-06
2016,Scotland,0,7.4,70,LPG LGV,Motorway (not London),0.000115139446279,5.51753646505e-06,3.42826115229e-06
2016,Scotland,0,7.4,70,Motorcycle,Motorway (not London),4.94610649184e-05,5.02181865158e-06,4.15230806539e-06
2016,Scotland,0,7.4,70,Petrol Car,Motorway (not London),0.000653253810015,4.37395328845e-06,2.69120778285e-06
2016,Scotland,0,7.4,70,Plug-In Hybrid Petrol Cars,Motorway (not London),0.000326626905007,4.22178072768e-06,2.54664382737e-06
2016,Scotland,0,7.4,70,Plug-In Hybrid Petrol LGV,Motorway (not London),0.000446366175311,5.37133792022e-06,3.28937221639e-06
2016,Scotland,0,7.4,70,Rigid HGV,Motorway (not London),0.00229423004203,9.44930288824e-05,8.31698489492e-05
2016,Scotland,0,7.4,80,Artic HGV,Motorway (not London),0.00313161849044,0.00012528138177,0.000111304645543
2016,Scotland,0,7.4,80,B100 Artic HGV,Motorway (not London),0.00257237465121,2.57372412307e-05,1.67377093021e-05
2016,Scotland,0,7.4,80,B100 Bus,Motorway (not London),0.00171810516622,2.08084456972e-05,1.28839074023e-05
2016,Scotland,0,7.4,80,B100 Coach,Motorway (not London),0.00203618733212,2.60645065282e-05,1.78771661012e-05
2016,Scotland,0,7.4,80,B100 Rigid HGV,Motorway (not London),0.00182241748553,1.94844033103e-05,1.19116557471e-05
2016,Scotland,0,7.4,80,Battery EV Cars,Motorway (not London),0.0,4.0696081669e-06,2.40208009927e-06
2016,Scotland,0,7.4,80,Battery EV LGV,Motorway (not London),0.0,5.21319179825e-06,3.13913324135e-06
2016,Scotland,0,7.4,80,Biogas Bus,Motorway (not London),0.00069444446126,1.93561409105e-05,1.15042184916e-05
2016,Scotland,0,7.4,80,Biomethane Bus,Motorway (not London),0.00069444446126,1.93561409105e-05,1.15042184916e-05
2016,Scotland,0,7.4,80,Bus and Coach,Motorway (not London),0.00248033413664,9.33966221055e-05,8.18426779006e-05
2016,Scotland,0,7.4,80,CNG Bus,Motorway (not London),0.00069444446126,1.93561409105e-05,1.15042184916e-05
2016,Scotland,0,7.4,80,Diesel Car,Motorway (not London),0.000149430823512,3.26405424858e-05,2.95444679068e-05
2016,Scotland,0,7.4,80,E85 Bioethanol Cars,Motorway (not London),0.00070942187449,4.31308444604e-06,2.63338210971e-06
2016,Scotland,0,7.4,80,E85 Bioethanol LGV,Motorway (not London),0.000893487944268,5.45666762264e-06,3.37043547916e-06
2016,Scotland,0,7.4,80,FCEV Bus,Motorway (not London),0.0,1.79672515515e-05,1.018477451e-05
2016,Scotland,0,7.4,80,FCEV Cars,Motorway (not London),0.0,4.0696081669e-06,2.40208009927e-06
2016,Scotland,0,7.4,80,FCEV LGV,Motorway (not London),0.0,5.21319179825e-06,3.13913324135e-06
2016,Scotland,0,7.4,80,Full Hybrid Diesel Cars,Motorway (not London),0.000133586145239,1.02379353848e-05,8.26199084258e-06
2016,Scotland,0,7.4,80,Full Hybrid Petrol Cars,Motorway (not London),0.000496595341247,4.37395328845e-06,2.69120778285e-06
2016,Scotland,0,7.4,80,Full Hybrid Petrol LGV,Motorway (not London),7.6952692325e-06,5.35147000846e-06,3.27049792759e-06
2016,Scotland,0,7.4,80,Hybrid Bus,Motorway (not London),0.000435059482697,2.55073027802e-05,1.73478219949e-05
2016,Scotland,0,7.4,80,LGV,Motorway (not London),0.000249853997957,6.95831113262e-05,6.42905579298e-05
2016,Scotland,0,7.4,80,LPG Cars,Motorway (not London),8.11111094663e-05,4.37395328845e-06,2.69120778285e-06
2016,Scotland,0,7.4,80,LPG LGV,Motorway (not London),0.000120186625281,5.51753646505e-06,3.42826115229e-06
2016,Scotland,0,7.4,80,Motorcycle,Motorway (not London),6.44450410618e-05,5.02181865158e-06,4.15230806539e-06
2016,Scotland,0,7.4,80,Petrol Car,Motorway (not London),0.00070942187449,4.37395328845e-06,2.69120778285e-06
2016,Scotland,0,7.4,80,Plug-In Hybrid Petrol Cars,Motorway (not London),0.000354710937245,4.22178072768e-06,2.54664382737e-06
2016,Scotland,0,7.4,80,Plug-In Hybrid Petrol LGV,Motorway (not London),0.000474054599181,5.40102246305e-06,3.31757269123e-06
2016,Scotland,0,7.4,80,Rigid HGV,Motorway (not London),0.00225918577053,9.116873116e-05,8.00117704784e-05
2016,Scotland,0,7.4,90,Artic HGV,Motorway (not London),0.00302575156093,0.000116890900244,0.000103333688457
2016,Scotland,0,7.4,90,B100 Artic HGV,Motorway (not London),0.002490733983,2.53525322478e-05,1.63722361322e-05
2016,Scotland,0,7.4,90,B100 Bus,Motorway (not London),0.00167097325902,2.07776192838e-05,1.28546234919e-05
2016,Scotland,0,7.4,90,B100 Coach,Motorway (not London),0.00198176107369,2.55033683061e-05,1.73440857907e-05
2016,Scotland,0,7.4,90,B100 Rigid HGV,Motorway (not London),0.00181335909292,1.94402582565e-05,1.18697189464e-05
2016,Scotland,0,7.4,90,Battery EV Cars,Motorway (not London),0.0,4.0696081669e-06,2.40208009927e-06
2016,Scotland,0,7.4,90,Battery EV LGV,Motorway (not London),0.0,5.21319179825e-06,3.13913324135e-06
2016,Scotland,0,7.4,90,Biogas Bus,Motorway (not London),0.00069444446126,1.93561409105e-05,1.15042184916e-05
2016,Scotland,0,7.4,90,Biomethane Bus,Motorway (not London),0.00069444446126,1.93561409105e-05,1.15042184916e-05
2016,Scotland,0,7.4,90,Bus and Coach,Motorway (not London),0.00242111459374,8.88155991561e-05,7.74907020968e-05
2016,Scotland,0,7.4,90,CNG Bus,Motorway (not London),0.00069444446126,1.93561409105e-05,1.15042184916e-05
2016,Scotland,0,7.4,90,Diesel Car,Motorway (not London),0.000159532937687,3.53432005795e-05,3.21119914588e-05
2016,Scotland,0,7.4,90,E85 Bioethanol Cars,Motorway (not London),0.00077128270641,4.32102388004e-06,2.64092477664e-06
2016,Scotland,0,7.4,90,E85 Bioethanol LGV,Motorway (not London),0.000945147592574,5.46460705664e-06,3.37797791872e-06
2016,Scotland,0,7.4,90,FCEV Bus,Motorway (not London),0.0,1.79672515515e-05,1.018477451e-05
2016,Scotland,0,7.4,90,FCEV Cars,Motorway (not London),0.0,4.0696081669e-06,2.40208009927e-06
2016,Scotland,0,7.4,90,FCEV LGV,Motorway (not London),0.0,5.21319179825e-06,3.13913324135e-06
2016,Scotland,0,7.4,90,Full Hybrid Diesel Cars,Motorway (not London),0.000138910341775,1.03722741187e-05,8.38961204863e-06
2016,Scotland,0,7.4,90,Full Hybrid Petrol Cars,Motorway (not London),0.000694154470693,4.38387769464e-06,2.7006358323e-06
2016,Scotland,0,7.4,90,Full Hybrid Petrol LGV,Motorway (not London),1.05265380625e-05,5.41002327736e-06,3.32612353304e-06
2016,Scotland,0,7.4,90,Hybrid Bus,Motorway (not London),0.000455785368104,2.62096600636e-05,1.80150618689e-05
2016,Scotland,0,7.4,90,LGV,Motorway (not London),0.000302748027025,7.27584047127e-05,6.73070826451e-05
2016,Scotland,0,7.4,90,LPG Cars,Motorway (not London),9.0555557108e-05,4.38387769464e-06,2.7006358323e-06
2016,Scotland,0,7.4,90,LPG LGV,Motorway (not London),0.000127666615299,5.52746087124e-06,3.43768920175e-06
2016,Scotland,0,7.4,90,Motorcycle,Motorway (not London),8.43585949042e-05,5.02181865158e-06,4.15230806539e-06
2016,Scotland,0,7.4,90,Petrol Car,Motorway (not London),0.00077128270641,4.38387769464e-06,2.7006358323e-06
2016,Scotland,0,7.4,90,Plug-In Hybrid Petrol Cars,Motorway (not London),0.000694154470693,4.35245055996e-06,2.67078030447e-06
2016,Scotland,0,7.4,90,Plug-In Hybrid Petrol LGV,Motorway (not London),0.000850632844958,5.61682190892e-06,3.52258189196e-06
2016,Scotland,0,7.4,90,Rigid HGV,Motorway (not London),0.00225075869821,8.97474455996e-05,7.86615491961e-05
2016,Scotland,0,7.4,100,Artic HGV,Motorway (not London),0.00302575156093,0.000116890900244,0.000103333688457
2016,Scotland,0,7.4,100,B100 Artic HGV,Motorway (not London),0.002490733983,2.53525322478e-05,1.63722361322e-05
2016,Scotland,0,7.4,100,B100 Bus,Motorway (not London),0.00167097325902,2.07776192838e-05,1.28546234919e-05
2016,Scotland,0,7.4,100,B100 Coach,Motorway (not London),0.00194974231999,2.50951652561e-05,1.69562899828e-05
2016,Scotland,0,7.4,100,B100 Rigid HGV,Motorway (not London),0.00181335909292,1.94402582565e-05,1.18697189464e-05
2016,Scotland,0,7.4,100,Battery EV Cars,Motorway (not London),0.0,4.0696081669e-06,2.40208009927e-06
2016,Scotland,0,7.4,100,Battery EV LGV,Motorway (not London),0.0,5.21319179825e-06,3.13913324135e-06
2016,Scotland,0,7.4,100,Biogas Bus,Motorway (not London),0.00069444446126,1.93561409105e-05,1.15042184916e-05
2016,Scotland,0,7.4,100,Biomethane Bus,Motorway (not London),0.00069444446126,1.93561409105e-05,1.15042184916e-05
2016,Scotland,0,7.4,100,Bus and Coach,Motorway (not London),0.00238745938987,8.53097299114e-05,7.4160125223e-05
2016,Scotland,0,7.4,100,CNG Bus,Motorway (not London),0.00069444446126,1.93561409105e-05,1.15042184916e-05
2016,Scotland,0,7.4,100,Diesel Car,Motorway (not London),0.000175846376806,4.05340142606e-05,3.70432680938e-05
2016,Scotland,0,7.4,100,E85 Bioethanol Cars,Motorway (not London),0.000838836247567,4.32102388004e-06,2.64092477664e-06
2016,Scotland,0,7.4,100,E85 Bioethanol LGV,Motorway (not London),0.00099748140201,5.46460705664e-06,3.37797791872e-06
2016,Scotland,0,7.4,100,FCEV Bus,Motorway (not London),0.0,1.79672515515e-05,1.018477451e-05
2016,Scotland,0,7.4,100,FCEV Cars,Motorway (not London),0.0,4.0696081669e-06,2.40208009927e-06
2016,Scotland,0,7.4,100,FCEV LGV,Motorway (not London),0.0,5.21319179825e-06,3.13913324135e-06
2016,Scotland,0,7.4,100,Full Hybrid Diesel Cars,Motorway (not London),0.000150619103806,1.06843681351e-05,8.68610186444e-06
2016,Scotland,0,7.4,100,Full Hybrid Petrol Cars,Motorway (not London),0.000754952663556,4.38387769464e-06,2.7006358323e-06
2016,Scotland,0,7.4,100,Full Hybrid Petrol LGV,Motorway (not London),1.15293833005e-05,5.41002327736e-06,3.32612353304e-06
2016,Scotland,0,7.4,100,Hybrid Bus,Motorway (not London),0.000455785368104,2.62096600636e-05,1.80150618689e-05
2016,Scotland,0,7.4,100,LGV,Motorway (not London),0.000397727824748,7.6568685472e-05,7.09268497303e-05
2016,Scotland,0,7.4,100,LPG Cars,Motorway (not London),9.0555557108e-05,4.38387769464e-06,2.7006358323e-06
2016,Scotland,0,7.4,100,LPG LGV,Motorway (not London),0.00014301284682,5.52746087124e-06,3.43768920175e-06
2016,Scotland,0,7.4,100,Motorcycle,Motorway (not London),0.000109140913992,5.02181865158e-06,4.15230806539e-06
2016,Scotland,0,7.4,100,Petrol Car,Motorway (not London),0.000838836247567,4.38387769464e-06,2.7006358323e-06
2016,Scotland,0,7.4,100,Plug-In Hybrid Petrol Cars,Motorway (not London),0.000754952663556,4.35245055996e-06,2.67078030447e-06
2016,Scotland,0,7.4,100,Plug-In Hybrid Petrol LGV,Motorway (not London),0.000897733261809,5.69998655919e-06,3.60158855983e-06
2016,Scotland,0,7.4,100,Rigid HGV,Motorway (not London),0.00225075869821,8.97474455996e-05,7.86615491961e-05
2016,Scotland,0,7.4,110,Artic HGV,Motorway (not London),0.00302575156093,0.000116890900244,0.000103333688457
2016,Scotland,0,7.4,110,B100 Artic HGV,Motorway (not London),0.002490733983,2.53525322478e-05,1.63722361322e-05
2016,Scotland,0,7.4,110,B100 Bus,Motorway (not London),0.00167097325902,2.07776192838e-05,1.28546234919e-05
2016,Scotland,0,7.4,110,B100 Coach,Motorway (not London),0.00194049323909,2.5001792892e-05,1.68675887835e-05
2016,Scotland,0,7.4,110,B100 Rigid HGV,Motorway (not London),0.00181335909292,1.94402582565e-05,1.18697189464e-05
2016,Scotland,0,7.4,110,Battery EV Cars,Motorway (not London),0.0,4.0696081669e-06,2.40208009927e-06
2016,Scotland,0,7.4,110,Battery EV LGV,Motorway (not London),0.0,5.21319179825e-06,3.13913324135e-06
2016,Scotland,0,7.4,110,Biogas Bus,Motorway (not London),0.00069444446126,1.93561409105e-05,1.15042184916e-05
2016,Scotland,0,7.4,110,Biomethane Bus,Motorway (not London),0.00069444446126,1.93561409105e-05,1.15042184916e-05
2016,Scotland,0,7.4,110,Bus and Coach,Motorway (not London),0.00237837899476,8.38599808048e-05,7.27828664822e-05
2016,Scotland,0,7.4,110,CNG Bus,Motorway (not London),0.00069444446126,1.93561409105e-05,1.15042184916e-05
2016,Scotland,0,7.4,110,Diesel Car,Motorway (not London),0.000198371126316,4.8212990805e-05,4.4338292355e-05
2016,Scotland,0,7.4,110,E85 Bioethanol Cars,Motorway (not London),0.000912082556169,4.32102388004e-06,2.64092477664e-06
2016,Scotland,0,7.4,110,E85 Bioethanol LGV,Motorway (not London),0.00105048948899,5.46460705664e-06,3.37797791872e-06
2016,Scotland,0,7.4,110,FCEV Bus,Motorway (not London),0.0,1.79672515515e-05,1.018477451e-05
2016,Scotland,0,7.4,110,FCEV Cars,Motorway (not London),0.0,4.0696081669e-06,2.40208009927e-06
2016,Scotland,0,7.4,110,FCEV LGV,Motorway (not London),0.0,5.21319179825e-06,3.13913324135e-06
2016,Scotland,0,7.4,110,Full Hybrid Diesel Cars,Motorway (not London),0.000170342624187,1.1174217434e-05,9.15145938052e-06
2016,Scotland,0,7.4,110,Full Hybrid Petrol Cars,Motorway (not London),0.000820874294732,4.38387769464e-06,2.7006358323e-06
2016,Scotland,0,7.4,110,Full Hybrid Petrol LGV,Motorway (not London),1.29024547277e-05,5.41002327736e-06,3.32612353304e-06
2016,Scotland,0,7.4,110,Hybrid Bus,Motorway (not London),0.000455785368104,2.62096600636e-05,1.80150618689e-05
2016,Scotland,0,7.4,110,LGV,Motorway (not London),0.000534793420229,8.10142737464e-05,7.51501647756e-05
2016,Scotland,0,7.4,110,LPG Cars,Motorway (not London),9.0555557108e-05,4.38387769464e-06,2.7006358323e-06
2016,Scotland,0,7.4,110,LPG LGV,Motorway (not London),0.000163551521837,5.52746087124e-06,3.43768920175e-06
2016,Scotland,0,7.4,110,Motorcycle,Motorway (not London),0.000139354582643,5.02181865158e-06,4.15230806539e-06
2016,Scotland,0,7.4,110,Petrol Car,Motorway (not London),0.000912082556169,4.38387769464e-06,2.7006358323e-06
2016,Scotland,0,7.4,110,Plug-In Hybrid Petrol Cars,Motorway (not London),0.000820874294732,4.35245055996e-06,2.67078030447e-06
2016,Scotland,0,7.4,110,Plug-In Hybrid Petrol LGV,Motorway (not London),0.000945440493524,5.80887763135e-06,3.70503494196e-06
2016,Scotland,0,7.4,110,Rigid HGV,Motorway (not London),0.00225075869821,8.97474455996e-05,7.86615491961e-05
2016,Scotland,0,7.4,120,Artic HGV,Motorway (not London),0.00302575156093,0.000116890900244,0.000103333688457
2016,Scotland,0,7.4,120,B100 Artic HGV,Motorway (not London),0.002490733983,2.53525322478e-05,1.63722361322e-05
2016,Scotland,0,7.4,120,B100 Bus,Motorway (not London),0.00167097325902,2.07776192838e-05,1.28546234919e-05
2016,Scotland,0,7.4,120,B100 Coach,Motorway (not London),0.00194049323909,2.5001792892e-05,1.68675887835e-05
2016,Scotland,0,7.4,120,B100 Rigid HGV,Motorway (not London),0.00181335909292,1.94402582565e-05,1.18697189464e-05
2016,Scotland,0,7.4,120,Battery EV Cars,Motorway (not London),0.0,4.0696081669e-06,2.40208009927e-06
2016,Scotland,0,7.4,120,Battery EV LGV,Motorway (not London),0.0,5.21319179825e-06,3.13913324135e-06
2016,Scotland,0,7.4,120,Biogas Bus,Motorway (not London),0.00069444446126,1.93561409105e-05,1.15042184916e-05
2016,Scotland,0,7.4,120,Biomethane Bus,Motorway (not London),0.00069444446126,1.93561409105e-05,1.15042184916e-05
2016,Scotland,0,7.4,120,Bus and Coach,Motorway (not London),0.00237837899476,8.38599808048e-05,7.27828664822e-05
2016,Scotland,0,7.4,120,CNG Bus,Motorway (not London),0.00069444446126,1.93561409105e-05,1.15042184916e-05
2016,Scotland,0,7.4,120,Diesel Car,Motorway (not London),0.000227107171668,5.83801265748e-05,5.39970715181e-05
2016,Scotland,0,7.4,120,E85 Bioethanol Cars,Motorway (not London),0.000991021515802,4.32102388004e-06,2.64092477664e-06
2016,Scotland,0,7.4,120,E85 Bioethanol LGV,Motorway (not London),0.00106416479684,5.46460705664e-06,3.37797791872e-06
2016,Scotland,0,7.4,120,FCEV Bus,Motorway (not London),0.0,1.79672515515e-05,1.018477451e-05
2016,Scotland,0,7.4,120,FCEV Cars,Motorway (not London),0.0,4.0696081669e-06,2.40208009927e-06
2016,Scotland,0,7.4,120,FCEV LGV,Motorway (not London),0.0,5.21319179825e-06,3.13913324135e-06
2016,Scotland,0,7.4,120,Full Hybrid Diesel Cars,Motorway (not London),0.000200883136131,1.18418229249e-05,9.78568459686e-06
2016,Scotland,0,7.4,120,Full Hybrid Petrol Cars,Motorway (not London),0.000891919422429,4.38387769464e-06,2.7006358323e-06
2016,Scotland,0,7.4,120,Full Hybrid Petrol LGV,Motorway (not London),1.46457514347e-05,5.41002327736e-06,3.32612353304e-06
2016,Scotland,0,7.4,120,Hybrid Bus,Motorway (not London),0.000455785368104,2.62096600636e-05,1.80150618689e-05
2016,Scotland,0,7.4,120,LGV,Motorway (not London),0.000536793610081,8.16216124804e-05,7.57271336624e-05
2016,Scotland,0,7.4,120,LPG Cars,Motorway (not London),9.0555557108e-05,4.38387769464e-06,2.7006358323e-06
2016,Scotland,0,7.4,120,LPG LGV,Motorway (not London),0.000164973724168,5.52746087124e-06,3.43768920175e-06
2016,Scotland,0,7.4,120,Motorcycle,Motorway (not London),0.000176635046955,5.02181865158e-06,4.15230806539e-06
2016,Scotland,0,7.4,120,Petrol Car,Motorway (not London),0.000991021515802,4.38387769464e-06,2.7006358323e-06
2016,Scotland,0,7.4,120,Plug-In Hybrid Petrol Cars,Motorway (not London),0.000891919422429,4.35245055996e-06,2.67078030447e-06
2016,Scotland,0,7.4,120,Plug-In Hybrid Petrol LGV,Motorway (not London),0.000957748328801,5.9550898186e-06,3.84393661079e-06
2016,Scotland,0,7.4,120,Rigid HGV,Motorway (not London),0.00225075869821,8.97474455996e-05,7.86615491961e-05
2016,Scotland,0,7.4,130,Artic HGV,Motorway (not London),0.00302575156093,0.000116890900244,0.000103333688457
2016,Scotland,0,7.4,130,B100 Artic HGV,Motorway (not London),0.002490733983,2.53525322478e-05,1.63722361322e-05
2016,Scotland,0,7.4,130,B100 Bus,Motorway (not London),0.00167097325902,2.07776192838e-05,1.28546234919e-05
2016,Scotland,0,7.4,130,B100 Coach,Motorway (not London),0.00194049323909,2.5001792892e-05,1.68675887835e-05
2016,Scotland,0,7.4,130,B100 Rigid HGV,Motorway (not London),0.00181335909292,1.94402582565e-05,1.18697189464e-05
2016,Scotland,0,7.4,130,Battery EV Cars,Motorway (not London),0.0,4.0696081669e-06,2.40208009927e-06
2016,Scotland,0,7.4,130,Battery EV LGV,Motorway (not London),0.0,5.21319179825e-06,3.13913324135e-06
2016,Scotland,0,7.4,130,Biogas Bus,Motorway (not London),0.00069444446126,1.93561409105e-05,1.15042184916e-05
2016,Scotland,0,7.4,130,Biomethane Bus,Motorway (not London),0.00069444446126,1.93561409105e-05,1.15042184916e-05
2016,Scotland,0,7.4,130,Bus and Coach,Motorway (not London),0.00237837899476,8.38599808048e-05,7.27828664822e-05
2016,Scotland,0,7.4,130,CNG Bus,Motorway (not London),0.00069444446126,1.93561409105e-05,1.15042184916e-05
2016,Scotland,0,7.4,130,Diesel Car,Motorway (not London),0.000262054527411,7.10354215698e-05,6.60196019453e-05
2016,Scotland,0,7.4,130,E85 Bioethanol Cars,Motorway (not London),0.00107565324288,4.32102388004e-06,2.64092477664e-06
2016,Scotland,0,7.4,130,E85 Bioethanol LGV,Motorway (not London),0.00107851438224,5.46460705664e-06,3.37797791872e-06
2016,Scotland,0,7.4,130,FCEV Bus,Motorway (not London),0.0,1.79672515515e-05,1.018477451e-05
2016,Scotland,0,7.4,130,FCEV Cars,Motorway (not London),0.0,4.0696081669e-06,2.40208009927e-06
2016,Scotland,0,7.4,130,FCEV LGV,Motorway (not London),0.0,5.21319179825e-06,3.13913324135e-06
2016,Scotland,0,7.4,130,Full Hybrid Diesel Cars,Motorway (not London),0.000247190648224,1.26871846078e-05,1.05887775135e-05
2016,Scotland,0,7.4,130,Full Hybrid Petrol Cars,Motorway (not London),0.00096808798844,4.38387769464e-06,2.7006358323e-06
2016,Scotland,0,7.4,130,Full Hybrid Petrol LGV,Motorway (not London),1.47275250129e-05,5.41002327736e-06,3.32612353304e-06
2016,Scotland,0,7.4,130,Hybrid Bus,Motorway (not London),0.000455785368104,2.62096600636e-05,1.80150618689e-05
2016,Scotland,0,7.4,130,LGV,Motorway (not London),0.000539155735169,8.23775772005e-05,7.64452997828e-05
2016,Scotland,0,7.4,130,LPG Cars,Motorway (not London),9.0555557108e-05,4.38387769464e-06,2.7006358323e-06
2016,Scotland,0,7.4,130,LPG LGV,Motorway (not London),0.000164973724168,5.52746087124e-06,3.43768920175e-06
2016,Scotland,0,7.4,130,Motorcycle,Motorway (not London),0.000224140065257,5.02181865158e-06,4.15230806539e-06
2016,Scotland,0,7.4,130,Petrol Car,Motorway (not London),0.00107565324288,4.38387769464e-06,2.7006358323e-06
2016,Scotland,0,7.4,130,Plug-In Hybrid Petrol Cars,Motorway (not London),0.00096808798844,4.35245055996e-06,2.67078030447e-06
2016,Scotland,0,7.4,130,Plug-In Hybrid Petrol LGV,Motorway (not London),0.000970662920736,6.15544786342e-06,4.03427657147e-06
2016,Scotland,0,7.4,130,Rigid HGV,Motorway (not London),0.00225075869821,8.97474455996e-05,7.86615491961e-05
2016,Scotland,0,7.4,140,Artic HGV,Motorway (not London),0.00302575156093,0.000116890900244,0.000103333688457
2016,Scotland,0,7.4,140,B100 Artic HGV,Motorway (not London),0.002490733983,2.53525322478e-05,1.63722361322e-05
2016,Scotland,0,7.4,140,B100 Bus,Motorway (not London),0.00167097325902,2.07776192838e-05,1.28546234919e-05
2016,Scotland,0,7.4,140,B100 Coach,Motorway (not London),0.00194049323909,2.5001792892e-05,1.68675887835e-05
2016,Scotland,0,7.4,140,B100 Rigid HGV,Motorway (not London),0.00181335909292,1.94402582565e-05,1.18697189464e-05
2016,Scotland,0,7.4,140,Battery EV Cars,Motorway (not London),0.0,4.0696081669e-06,2.40208009927e-06
2016,Scotland,0,7.4,140,Battery EV LGV,Motorway (not London),0.0,5.21319179825e-06,3.13913324135e-06
2016,Scotland,0,7.4,140,Biogas Bus,Motorway (not London),0.00069444446126,1.93561409105e-05,1.15042184916e-05
2016,Scotland,0,7.4,140,Biomethane Bus,Motorway (not London),0.00069444446126,1.93561409105e-05,1.15042184916e-05
2016,Scotland,0,7.4,140,Bus and Coach,Motorway (not London),0.00237837899476,8.38599808048e-05,7.27828664822e-05
2016,Scotland,0,7.4,140,CNG Bus,Motorway (not London),0.00069444446126,1.93561409105e-05,1.15042184916e-05
2016,Scotland,0,7.4,140,Diesel Car,Motorway (not London),0.000262054527411,7.10354215698e-05,6.60196019453e-05
2016,Scotland,0,7.4,140,E85 Bioethanol Cars,Motorway (not London),0.00107565324288,4.32102388004e-06,2.64092477664e-06
2016,Scotland,0,7.4,140,E85 Bioethanol LGV,Motorway (not London),0.00107851438224,5.46460705664e-06,3.37797791872e-06
2016,Scotland,0,7.4,140,FCEV Bus,Motorway (not London),0.0,1.79672515515e-05,1.018477451e-05
2016,Scotland,0,7.4,140,FCEV Cars,Motorway (not London),0.0,4.0696081669e-06,2.40208009927e-06
2016,Scotland,0,7.4,140,FCEV LGV,Motorway (not London),0.0,5.21319179825e-06,3.13913324135e-06
2016,Scotland,0,7.4,140,Full Hybrid Diesel Cars,Motorway (not London),0.000247190648224,1.26871846078e-05,1.05887775135e-05
2016,Scotland,0,7.4,140,Full Hybrid Petrol Cars,Motorway (not London),0.00096808798844,4.38387769464e-06,2.7006358323e-06
2016,Scotland,0,7.4,140,Full Hybrid Petrol LGV,Motorway (not London),1.47275250129e-05,5.41002327736e-06,3.32612353304e-06
2016,Scotland,0,7.4,140,Hybrid Bus,Motorway (not London),0.000455785368104,2.62096600636e-05,1.80150618689e-05
2016,Scotland,0,7.4,140,LGV,Motorway (not London),0.000539155735169,8.23775772005e-05,7.64452997828e-05
2016,Scotland,0,7.4,140,LPG Cars,Motorway (not London),9.0555557108e-05,4.38387769464e-06,2.7006358323e-06
2016,Scotland,0,7.4,140,LPG LGV,Motorway (not London),0.000164973724168,5.52746087124e-06,3.43768920175e-06
2016,Scotland,0,7.4,140,Motorcycle,Motorway (not London),0.000286999274977,5.02181865158e-06,4.15230806539e-06
2016,Scotland,0,7.4,140,Petrol Car,Motorway (not London),0.00107565324288,4.38387769464e-06,2.7006358323e-06
2016,Scotland,0,7.4,140,Plug-In Hybrid Petrol Cars,Motorway (not London),0.00096808798844,4.35245055996e-06,2.67078030447e-06
2016,Scotland,0,7.4,140,Plug-In Hybrid Petrol LGV,Motorway (not London),0.000970662920736,6.37060293229e-06,4.23867413701e-06
2016,Scotland,0,7.4,140,Rigid HGV,Motorway (not London),0.00225075869821,8.97474455996e-05,7.86615491961e-05
2016,Scotland,0,7.4,5,Artic HGV,Rural (not London),0.00761536788195,0.000350382411852,0.00032185803866
2016,Scotland,0,7.4,5,B100 Artic HGV,Rural (not London),0.00667868088931,4.33349850937e-05,3.01629952446e-05
2016,Scotland,0,7.4,5,B100 Bus,Rural (not London),0.0045799841173,3.18499223795e-05,2.06161712413e-05
2016,Scotland,0,7.4,5,B100 Coach,Rural (not London),0.00632201088592,5.66068811167e-05,4.41352822236e-05
2016,Scotland,0,7.4,5,B100 Rigid HGV,Rural (not London),0.00409103464335,3.26820918417e-05,2.13501716644e-05
2016,Scotland,0,7.4,5,Battery EV Cars,Rural (not London),0.0,5.50764480067e-06,3.06141782858e-06
2016,Scotland,0,7.4,5,Battery EV LGV,Rural (not London),0.0,7.46197929402e-06,4.17151613874e-06
2016,Scotland,0,7.4,5,Biogas Bus,Rural (not London),0.00069444446126,2.41506240855e-05,1.33018365887e-05
2016,Scotland,0,7.4,5,Biomethane Bus,Rural (not London),0.00069444446126,2.41506240855e-05,1.33018365887e-05
2016,Scotland,0,7.4,5,Bus and Coach,Rural (not London),0.00646903645247,0.000413603323977,0.00038328190567
2016,Scotland,0,7.4,5,CNG Bus,Rural (not London),0.00069444446126,2.41506240855e-05,1.33018365887e-05
2016,Scotland,0,7.4,5,Diesel Car,Rural (not London),0.000252632598858,8.4828454419e-05,7.84161893534e-05
2016,Scotland,0,7.4,5,E85 Bioethanol Cars,Rural (not London),0.000435792579083,5.93372760704e-06,3.46619685843e-06
2016,Scotland,0,7.4,5,E85 Bioethanol LGV,Rural (not London),0.000550748081878,7.88806210039e-06,4.57629494122e-06
2016,Scotland,0,7.4,5,FCEV Bus,Rural (not London),0.0,2.27617347264e-05,1.1982392607e-05
2016,Scotland,0,7.4,5,FCEV Cars,Rural (not London),0.0,5.50764480067e-06,3.06141782858e-06
2016,Scotland,0,7.4,5,FCEV LGV,Rural (not London),0.0,7.46197929402e-06,4.17151613874e-06
2016,Scotland,0,7.4,5,Full Hybrid Diesel Cars,Rural (not London),0.00027608484379,1.57127633429e-05,1.27562807393e-05
2016,Scotland,0,7.4,5,Full Hybrid Petrol Cars,Rural (not London),0.000217896289541,6.04024853601e-06,3.56739155905e-06
2016,Scotland,0,7.4,5,Full Hybrid Petrol LGV,Rural (not London),1.35751561174e-05,7.67369783716e-06,4.3726486183e-06
2016,Scotland,0,7.4,5,Hybrid Bus,Rural (not London),0.00397092988715,4.25609287049e-05,3.07916270685e-05
2016,Scotland,0,7.4,5,LGV,Rural (not London),0.00105798151344,6.74013645039e-05,6.11139330431e-05
2016,Scotland,0,7.4,5,LPG Cars,Rural (not London),8.80555526237e-05,6.04024853601e-06,3.56739155905e-06
2016,Scotland,0,7.4,5,LPG LGV,Rural (not London),0.000261580717051,7.99458302936e-06,4.67748986921e-06
2016,Scotland,0,7.4,5,Motorcycle,Rural (not London),5.28561249666e-05,5.72118187847e-06,4.46821832156e-06
2016,Scotland,0,7.4,5,Petrol Car,Rural (not London),0.000435792579083,6.04024853601e-06,3.56739155905e-06
2016,Scotland,0,7.4,5,Plug-In Hybrid Petrol Cars,Rural (not London),4.35792571807e-05,5.56090526516e-06,3.11201529257e-06
2016,Scotland,0,7.4,5,Plug-In Hybrid Petrol LGV,Rural (not London),8.46194088808e-05,7.48316097088e-06,4.19163870902e-06
2016,Scotland,0,7.4,5,Rigid HGV,Rural (not London),0.00476405210793,0.000269880198175,0.000246688374318
2016,Scotland,0,7.4,6,Artic HGV,Rural (not London),0.00761536788195,0.000350382411852,0.00032185803866
2016,Scotland,0,7.4,6,B100 Artic HGV,Rural (not London),0.00667868088931,4.33349850937e-05,3.01629952446e-05
2016,Scotland,0,7.4,6,B100 Bus,Rural (not London),0.0045799841173,3.18499223795e-05,2.06161712413e-05
2016,Scotland,0,7.4,6,B100 Coach,Rural (not London),0.00632201088592,5.66068811167e-05,4.41352822236e-05
2016,Scotland,0,7.4,6,B100 Rigid HGV,Rural (not London),0.00409103464335,3.26820918417e-05,2.13501716644e-05
2016,Scotland,0,7.4,6,Battery EV Cars,Rural (not London),0.0,5.50764480067e-06,3.06141782858e-06
2016,Scotland,0,7.4,6,Battery EV LGV,Rural (not London),0.0,7.46197929402e-06,4.17151613874e-06
2016,Scotland,0,7.4,6,Biogas Bus,Rural (not London),0.00069444446126,2.41506240855e-05,1.33018365887e-05
2016,Scotland,0,7.4,6,Biomethane Bus,Rural (not London),0.00069444446126,2.41506240855e-05,1.33018365887e-05
2016,Scotland,0,7.4,6,Bus and Coach,Rural (not London),0.00646903645247,0.000413603323977,0.00038328190567
2016,Scotland,0,7.4,6,CNG Bus,Rural (not London),0.00069444446126,2.41506240855e-05,1.33018365887e-05
2016,Scotland,0,7.4,6,Diesel Car,Rural (not London),0.000252632598858,8.4828454419e-05,7.84161893534e-05
2016,Scotland,0,7.4,6,E85 Bioethanol Cars,Rural (not London),0.000435792579083,5.93372760704e-06,3.46619685843e-06
2016,Scotland,0,7.4,6,E85 Bioethanol LGV,Rural (not London),0.000550748081878,7.88806210039e-06,4.57629494122e-06
2016,Scotland,0,7.4,6,FCEV Bus,Rural (not London),0.0,2.27617347264e-05,1.1982392607e-05
2016,Scotland,0,7.4,6,FCEV Cars,Rural (not London),0.0,5.50764480067e-06,3.06141782858e-06
2016,Scotland,0,7.4,6,FCEV LGV,Rural (not London),0.0,7.46197929402e-06,4.17151613874e-06
2016,Scotland,0,7.4,6,Full Hybrid Diesel Cars,Rural (not London),0.00027608484379,1.57127633429e-05,1.27562807393e-05
2016,Scotland,0,7.4,6,Full Hybrid Petrol Cars,Rural (not London),0.000217896289541,6.04024853601e-06,3.56739155905e-06
2016,Scotland,0,7.4,6,Full Hybrid Petrol LGV,Rural (not London),1.35213149406e-05,7.67369783716e-06,4.3726486183e-06
2016,Scotland,0,7.4,6,Hybrid Bus,Rural (not London),0.00343760405667,4.25609287049e-05,3.07916270685e-05
2016,Scotland,0,7.4,6,LGV,Rural (not London),0.00105798151344,6.74013645039e-05,6.11139330431e-05
2016,Scotland,0,7.4,6,LPG Cars,Rural (not London),8.80555526237e-05,6.04024853601e-06,3.56739155905e-06
2016,Scotland,0,7.4,6,LPG LGV,Rural (not London),0.000261580717051,7.99458302936e-06,4.67748986921e-06
2016,Scotland,0,7.4,6,Motorcycle,Rural (not London),5.28561249666e-05,5.72118187847e-06,4.46821832156e-06
2016,Scotland,0,7.4,6,Petrol Car,Rural (not London),0.000435792579083,6.04024853601e-06,3.56739155905e-06
2016,Scotland,0,7.4,6,Plug-In Hybrid Petrol Cars,Rural (not London),4.35792571807e-05,5.56090526516e-06,3.11201529257e-06
2016,Scotland,0,7.4,6,Plug-In Hybrid Petrol LGV,Rural (not London),8.46194088808e-05,7.48252568883e-06,4.19103525928e-06
2016,Scotland,0,7.4,6,Rigid HGV,Rural (not London),0.00476405210793,0.000269880198175,0.000246688374318
2016,Scotland,0,7.4,7,Artic HGV,Rural (not London),0.00761536788195,0.000350382411852,0.00032185803866
2016,Scotland,0,7.4,7,B100 Artic HGV,Rural (not London),0.00667868088931,4.33349850937e-05,3.01629952446e-05
2016,Scotland,0,7.4,7,B100 Bus,Rural (not London),0.0045799841173,3.18499223795e-05,2.06161712413e-05
2016,Scotland,0,7.4,7,B100 Coach,Rural (not London),0.00632201088592,5.66068811167e-05,4.41352822236e-05
2016,Scotland,0,7.4,7,B100 Rigid HGV,Rural (not London),0.00409103464335,3.26820918417e-05,2.13501716644e-05
2016,Scotland,0,7.4,7,Battery EV Cars,Rural (not London),0.0,5.50764480067e-06,3.06141782858e-06
2016,Scotland,0,7.4,7,Battery EV LGV,Rural (not London),0.0,7.46197929402e-06,4.17151613874e-06
2016,Scotland,0,7.4,7,Biogas Bus,Rural (not London),0.00069444446126,2.41506240855e-05,1.33018365887e-05
2016,Scotland,0,7.4,7,Biomethane Bus,Rural (not London),0.00069444446126,2.41506240855e-05,1.33018365887e-05
2016,Scotland,0,7.4,7,Bus and Coach,Rural (not London),0.00646903645247,0.000413603323977,0.00038328190567
2016,Scotland,0,7.4,7,CNG Bus,Rural (not London),0.00069444446126,2.41506240855e-05,1.33018365887e-05
2016,Scotland,0,7.4,7,Diesel Car,Rural (not London),0.000252632598858,8.4828454419e-05,7.84161893534e-05
2016,Scotland,0,7.4,7,E85 Bioethanol Cars,Rural (not London),0.000435792579083,5.93372760704e-06,3.46619685843e-06
2016,Scotland,0,7.4,7,E85 Bioethanol LGV,Rural (not London),0.000550748081878,7.88806210039e-06,4.57629494122e-06
2016,Scotland,0,7.4,7,FCEV Bus,Rural (not London),0.0,2.27617347264e-05,1.1982392607e-05
2016,Scotland,0,7.4,7,FCEV Cars,Rural (not London),0.0,5.50764480067e-06,3.06141782858e-06
2016,Scotland,0,7.4,7,FCEV LGV,Rural (not London),0.0,7.46197929402e-06,4.17151613874e-06
2016,Scotland,0,7.4,7,Full Hybrid Diesel Cars,Rural (not London),0.00027608484379,1.57127633429e-05,1.27562807393e-05
2016,Scotland,0,7.4,7,Full Hybrid Petrol Cars,Rural (not London),0.000217896289541,6.04024853601e-06,3.56739155905e-06
2016,Scotland,0,7.4,7,Full Hybrid Petrol LGV,Rural (not London),1.34679821713e-05,7.67369783716e-06,4.3726486183e-06
2016,Scotland,0,7.4,7,Hybrid Bus,Rural (not London),0.00304097239859,4.25609287049e-05,3.07916270685e-05
2016,Scotland,0,7.4,7,LGV,Rural (not London),0.00105798151344,6.74013645039e-05,6.11139330431e-05
2016,Scotland,0,7.4,7,LPG Cars,Rural (not London),8.80555526237e-05,6.04024853601e-06,3.56739155905e-06
2016,Scotland,0,7.4,7,LPG LGV,Rural (not London),0.000261580717051,7.99458302936e-06,4.67748986921e-06
2016,Scotland,0,7.4,7,Motorcycle,Rural (not London),5.28561249666e-05,5.72118187847e-06,4.46821832156e-06
2016,Scotland,0,7.4,7,Petrol Car,Rural (not London),0.000435792579083,6.04024853601e-06,3.56739155905e-06
2016,Scotland,0,7.4,7,Plug-In Hybrid Petrol Cars,Rural (not London),4.35792571807e-05,5.56090526516e-06,3.11201529257e-06
2016,Scotland,0,7.4,7,Plug-In Hybrid Petrol LGV,Rural (not London),8.46194088808e-05,7.4818176472e-06,4.19036268795e-06
2016,Scotland,0,7.4,7,Rigid HGV,Rural (not London),0.00476405210793,0.000269880198175,0.000246688374318
2016,Scotland,0,7.4,8,Artic HGV,Rural (not London),0.00761536788195,0.000350382411852,0.00032185803866
2016,Scotland,0,7.4,8,B100 Artic HGV,Rural (not London),0.00667868088931,4.33349850937e-05,3.01629952446e-05
2016,Scotland,0,7.4,8,B100 Bus,Rural (not London),0.0045799841173,3.18499223795e-05,2.06161712413e-05
2016,Scotland,0,7.4,8,B100 Coach,Rural (not London),0.00632201088592,5.66068811167e-05,4.41352822236e-05
2016,Scotland,0,7.4,8,B100 Rigid HGV,Rural (not London),0.00409103464335,3.26820918417e-05,2.13501716644e-05
2016,Scotland,0,7.4,8,Battery EV Cars,Rural (not London),0.0,5.50764480067e-06,3.06141782858e-06
2016,Scotland,0,7.4,8,Battery EV LGV,Rural (not London),0.0,7.46197929402e-06,4.17151613874e-06
2016,Scotland,0,7.4,8,Biogas Bus,Rural (not London),0.00069444446126,2.41506240855e-05,1.33018365887e-05
2016,Scotland,0,7.4,8,Biomethane Bus,Rural (not London),0.00069444446126,2.41506240855e-05,1.33018365887e-05
2016,Scotland,0,7.4,8,Bus and Coach,Rural (not London),0.00646903645247,0.000413603323977,0.00038328190567
2016,Scotland,0,7.4,8,CNG Bus,Rural (not London),0.00069444446126,2.41506240855e-05,1.33018365887e-05
2016,Scotland,0,7.4,8,Diesel Car,Rural (not London),0.000252632598858,8.4828454419e-05,7.84161893534e-05
2016,Scotland,0,7.4,8,E85 Bioethanol Cars,Rural (not London),0.000435792579083,5.93372760704e-06,3.46619685843e-06
2016,Scotland,0,7.4,8,E85 Bioethanol LGV,Rural (not London),0.000550748081878,7.88806210039e-06,4.57629494122e-06
2016,Scotland,0,7.4,8,FCEV Bus,Rural (not London),0.0,2.27617347264e-05,1.1982392607e-05
2016,Scotland,0,7.4,8,FCEV Cars,Rural (not London),0.0,5.50764480067e-06,3.06141782858e-06
2016,Scotland,0,7.4,8,FCEV LGV,Rural (not London),0.0,7.46197929402e-06,4.17151613874e-06
2016,Scotland,0,7.4,8,Full Hybrid Diesel Cars,Rural (not London),0.00027608484379,1.57127633429e-05,1.27562807393e-05
2016,Scotland,0,7.4,8,Full Hybrid Petrol Cars,Rural (not London),0.000217896289541,6.04024853601e-06,3.56739155905e-06
2016,Scotland,0,7.4,8,Full Hybrid Petrol LGV,Rural (not London),1.3415158719e-05,7.67369783716e-06,4.3726486183e-06
2016,Scotland,0,7.4,8,Hybrid Bus,Rural (not London),0.00274155149236,4.25609287049e-05,3.07916270685e-05
2016,Scotland,0,7.4,8,LGV,Rural (not London),0.00105798151344,6.74013645039e-05,6.11139330431e-05
2016,Scotland,0,7.4,8,LPG Cars,Rural (not London),8.80555526237e-05,6.04024853601e-06,3.56739155905e-06
2016,Scotland,0,7.4,8,LPG LGV,Rural (not London),0.000261580717051,7.99458302936e-06,4.67748986921e-06
2016,Scotland,0,7.4,8,Motorcycle,Rural (not London),5.28561249666e-05,5.72118187847e-06,4.46821832156e-06
2016,Scotland,0,7.4,8,Petrol Car,Rural (not London),0.000435792579083,6.04024853601e-06,3.56739155905e-06
2016,Scotland,0,7.4,8,Plug-In Hybrid Petrol Cars,Rural (not London),4.35792571807e-05,5.56090526516e-06,3.11201529257e-06
2016,Scotland,0,7.4,8,Plug-In Hybrid Petrol LGV,Rural (not London),8.46194088808e-05,7.4811741797e-06,4.18975105276e-06
2016,Scotland,0,7.4,8,Rigid HGV,Rural (not London),0.00476405210793,0.000269880198175,0.000246688374318
2016,Scotland,0,7.4,9,Artic HGV,Rural (not London),0.00761536788195,0.000350382411852,0.00032185803866
2016,Scotland,0,7.4,9,B100 Artic HGV,Rural (not London),0.00667868088931,4.33349850937e-05,3.01629952446e-05
2016,Scotland,0,7.4,9,B100 Bus,Rural (not London),0.0045799841173,3.18499223795e-05,2.06161712413e-05
2016,Scotland,0,7.4,9,B100 Coach,Rural (not London),0.00632201088592,5.66068811167e-05,4.41352822236e-05
2016,Scotland,0,7.4,9,B100 Rigid HGV,Rural (not London),0.00409103464335,3.26820918417e-05,2.13501716644e-05
2016,Scotland,0,7.4,9,Battery EV Cars,Rural (not London),0.0,5.50764480067e-06,3.06141782858e-06
2016,Scotland,0,7.4,9,Battery EV LGV,Rural (not London),0.0,7.46197929402e-06,4.17151613874e-06
2016,Scotland,0,7.4,9,Biogas Bus,Rural (not London),0.00069444446126,2.41506240855e-05,1.33018365887e-05
2016,Scotland,0,7.4,9,Biomethane Bus,Rural (not London),0.00069444446126,2.41506240855e-05,1.33018365887e-05
2016,Scotland,0,7.4,9,Bus and Coach,Rural (not London),0.00646903645247,0.000413603323977,0.00038328190567
2016,Scotland,0,7.4,9,CNG Bus,Rural (not London),0.00069444446126,2.41506240855e-05,1.33018365887e-05
2016,Scotland,0,7.4,9,Diesel Car,Rural (not London),0.000252632598858,8.4828454419e-05,7.84161893534e-05
2016,Scotland,0,7.4,9,E85 Bioethanol Cars,Rural (not London),0.000435792579083,5.93372760704e-06,3.46619685843e-06
2016,Scotland,0,7.4,9,E85 Bioethanol LGV,Rural (not London),0.000550748081878,7.88806210039e-06,4.57629494122e-06
2016,Scotland,0,7.4,9,FCEV Bus,Rural (not London),0.0,2.27617347264e-05,1.1982392607e-05
2016,Scotland,0,7.4,9,FCEV Cars,Rural (not London),0.0,5.50764480067e-06,3.06141782858e-06
2016,Scotland,0,7.4,9,FCEV LGV,Rural (not London),0.0,7.46197929402e-06,4.17151613874e-06
2016,Scotland,0,7.4,9,Full Hybrid Diesel Cars,Rural (not London),0.00027608484379,1.57127633429e-05,1.27562807393e-05
2016,Scotland,0,7.4,9,Full Hybrid Petrol Cars,Rural (not London),0.000217896289541,6.04024853601e-06,3.56739155905e-06
2016,Scotland,0,7.4,9,Full Hybrid Petrol LGV,Rural (not London),1.33628445838e-05,7.67369783716e-06,4.3726486183e-06
2016,Scotland,0,7.4,9,Hybrid Bus,Rural (not London),0.00250743003562,4.25609287049e-05,3.07916270685e-05
2016,Scotland,0,7.4,9,LGV,Rural (not London),0.00105798151344,6.74013645039e-05,6.11139330431e-05
2016,Scotland,0,7.4,9,LPG Cars,Rural (not London),8.80555526237e-05,6.04024853601e-06,3.56739155905e-06
2016,Scotland,0,7.4,9,LPG LGV,Rural (not London),0.000261580717051,7.99458302936e-06,4.67748986921e-06
2016,Scotland,0,7.4,9,Motorcycle,Rural (not London),5.28561249666e-05,5.72118187847e-06,4.46821832156e-06
2016,Scotland,0,7.4,9,Petrol Car,Rural (not London),0.000435792579083,6.04024853601e-06,3.56739155905e-06
2016,Scotland,0,7.4,9,Plug-In Hybrid Petrol Cars,Rural (not London),4.35792571807e-05,5.56090526516e-06,3.11201529257e-06
2016,Scotland,0,7.4,9,Plug-In Hybrid Petrol LGV,Rural (not London),8.46194088808e-05,7.48062757339e-06,4.18923218604e-06
2016,Scotland,0,7.4,9,Rigid HGV,Rural (not London),0.00476405210793,0.000269880198175,0.000246688374318
2016,Scotland,0,7.4,10,Artic HGV,Rural (not London),0.00761536788195,0.000350382411852,0.00032185803866
2016,Scotland,0,7.4,10,B100 Artic HGV,Rural (not London),0.00667868088931,4.33349850937e-05,3.01629952446e-05
2016,Scotland,0,7.4,10,B100 Bus,Rural (not London),0.0045799841173,3.18499223795e-05,2.06161712413e-05
2016,Scotland,0,7.4,10,B100 Coach,Rural (not London),0.00632201088592,5.66068811167e-05,4.41352822236e-05
2016,Scotland,0,7.4,10,B100 Rigid HGV,Rural (not London),0.00409103464335,3.26820918417e-05,2.13501716644e-05
2016,Scotland,0,7.4,10,Battery EV Cars,Rural (not London),0.0,5.50764480067e-06,3.06141782858e-06
2016,Scotland,0,7.4,10,Battery EV LGV,Rural (not London),0.0,7.46197929402e-06,4.17151613874e-06
2016,Scotland,0,7.4,10,Biogas Bus,Rural (not London),0.00069444446126,2.41506240855e-05,1.33018365887e-05
2016,Scotland,0,7.4,10,Biomethane Bus,Rural (not London),0.00069444446126,2.41506240855e-05,1.33018365887e-05
2016,Scotland,0,7.4,10,Bus and Coach,Rural (not London),0.00646903645247,0.000413603323977,0.00038328190567
2016,Scotland,0,7.4,10,CNG Bus,Rural (not London),0.00069444446126,2.41506240855e-05,1.33018365887e-05
2016,Scotland,0,7.4,10,Diesel Car,Rural (not London),0.000252632598858,8.4828454419e-05,7.84161893534e-05
2016,Scotland,0,7.4,10,E85 Bioethanol Cars,Rural (not London),0.000435792579083,5.93372760704e-06,3.46619685843e-06
2016,Scotland,0,7.4,10,E85 Bioethanol LGV,Rural (not London),0.000550748081878,7.88806210039e-06,4.57629494122e-06
2016,Scotland,0,7.4,10,FCEV Bus,Rural (not London),0.0,2.27617347264e-05,1.1982392607e-05
2016,Scotland,0,7.4,10,FCEV Cars,Rural (not London),0.0,5.50764480067e-06,3.06141782858e-06
2016,Scotland,0,7.4,10,FCEV LGV,Rural (not London),0.0,7.46197929402e-06,4.17151613874e-06
2016,Scotland,0,7.4,10,Full Hybrid Diesel Cars,Rural (not London),0.00027608484379,1.57127633429e-05,1.27562807393e-05
2016,Scotland,0,7.4,10,Full Hybrid Petrol Cars,Rural (not London),0.000217896289541,6.04024853601e-06,3.56739155905e-06
2016,Scotland,0,7.4,10,Full Hybrid Petrol LGV,Rural (not London),1.3311038856e-05,7.67369783716e-06,4.3726486183e-06
2016,Scotland,0,7.4,10,Hybrid Bus,Rural (not London),0.00231695338152,4.25609287049e-05,3.07916270685e-05
2016,Scotland,0,7.4,10,LGV,Rural (not London),0.00105798151344,6.74013645039e-05,6.11139330431e-05
2016,Scotland,0,7.4,10,LPG Cars,Rural (not London),8.80555526237e-05,6.04024853601e-06,3.56739155905e-06
2016,Scotland,0,7.4,10,LPG LGV,Rural (not London),0.000261580717051,7.99458302936e-06,4.67748986921e-06
2016,Scotland,0,7.4,10,Motorcycle,Rural (not London),5.28561249666e-05,5.72118187847e-06,4.46821832156e-06
2016,Scotland,0,7.4,10,Petrol Car,Rural (not London),0.000435792579083,6.04024853601e-06,3.56739155905e-06
2016,Scotland,0,7.4,10,Plug-In Hybrid Petrol Cars,Rural (not London),4.35792571807e-05,5.56090526516e-06,3.11201529257e-06
2016,Scotland,0,7.4,10,Plug-In Hybrid Petrol LGV,Rural (not London),8.46194088808e-05,7.48017964725e-06,4.18880608777e-06
2016,Scotland,0,7.4,10,Rigid HGV,Rural (not London),0.00476405210793,0.000269880198175,0.000246688374318
2016,Scotland,0,7.4,12,Artic HGV,Rural (not London),0.00761536788195,0.000350382411852,0.00032185803866
2016,Scotland,0,7.4,12,B100 Artic HGV,Rural (not London),0.00667868088931,4.33349850937e-05,3.01629952446e-05
2016,Scotland,0,7.4,12,B100 Bus,Rural (not London),0.00432474305853,3.13727796311e-05,2.01628827199e-05
2016,Scotland,0,7.4,12,B100 Coach,Rural (not London),0.00632201088592,5.46000555914e-05,4.22287957917e-05
2016,Scotland,0,7.4,12,B100 Rigid HGV,Rural (not London),0.00409103464335,3.26820918417e-05,2.13501716644e-05
2016,Scotland,0,7.4,12,Battery EV Cars,Rural (not London),0.0,5.50764480067e-06,3.06141782858e-06
2016,Scotland,0,7.4,12,Battery EV LGV,Rural (not London),0.0,7.46197929402e-06,4.17151613874e-06
2016,Scotland,0,7.4,12,Biogas Bus,Rural (not London),0.00069444446126,2.41506240855e-05,1.33018365887e-05
2016,Scotland,0,7.4,12,Biomethane Bus,Rural (not London),0.00069444446126,2.41506240855e-05,1.33018365887e-05
2016,Scotland,0,7.4,12,Bus and Coach,Rural (not London),0.00625792238861,0.000390614004573,0.000361442042049
2016,Scotland,0,7.4,12,CNG Bus,Rural (not London),0.00069444446126,2.41506240855e-05,1.33018365887e-05
2016,Scotland,0,7.4,12,Diesel Car,Rural (not London),0.000245460279984,8.16865067463e-05,7.54313368816e-05
2016,Scotland,0,7.4,12,E85 Bioethanol Cars,Rural (not London),0.00043973949505,5.93372760704e-06,3.46619685843e-06
2016,Scotland,0,7.4,12,E85 Bioethanol LGV,Rural (not London),0.000560082204174,7.88806210039e-06,4.57629494122e-06
2016,Scotland,0,7.4,12,FCEV Bus,Rural (not London),0.0,2.27617347264e-05,1.1982392607e-05
2016,Scotland,0,7.4,12,FCEV Cars,Rural (not London),0.0,5.50764480067e-06,3.06141782858e-06
2016,Scotland,0,7.4,12,FCEV LGV,Rural (not London),0.0,7.46197929402e-06,4.17151613874e-06
2016,Scotland,0,7.4,12,Full Hybrid Diesel Cars,Rural (not London),0.000260619359324,1.54765530169e-05,1.2531880202e-05
2016,Scotland,0,7.4,12,Full Hybrid Petrol Cars,Rural (not London),0.000219869747525,6.04024853601e-06,3.56739155905e-06
2016,Scotland,0,7.4,12,Full Hybrid Petrol LGV,Rural (not London),1.29564023155e-05,7.67369783716e-06,4.3726486183e-06
2016,Scotland,0,7.4,12,Hybrid Bus,Rural (not London),0.00201882841066,4.05311038776e-05,2.8863292755e-05
2016,Scotland,0,7.4,12,LGV,Rural (not London),0.00100627541542,6.70961089781e-05,6.08239424764e-05
2016,Scotland,0,7.4,12,LPG Cars,Rural (not London),8.80555526237e-05,6.04024853601e-06,3.56739155905e-06
2016,Scotland,0,7.4,12,LPG LGV,Rural (not London),0.000251243560342,7.99458302936e-06,4.67748986921e-06
2016,Scotland,0,7.4,12,Motorcycle,Rural (not London),5.40793444088e-05,5.72118187847e-06,4.46821832156e-06
2016,Scotland,0,7.4,12,Petrol Car,Rural (not London),0.00043973949505,6.04024853601e-06,3.56739155905e-06
2016,Scotland,0,7.4,12,Plug-In Hybrid Petrol Cars,Rural (not London),4.39739524154e-05,5.56090526516e-06,3.11201529257e-06
2016,Scotland,0,7.4,12,Plug-In Hybrid Petrol LGV,Rural (not London),8.60859145178e-05,7.47915555621e-06,4.18783338318e-06
2016,Scotland,0,7.4,12,Rigid HGV,Rural (not London),0.00476405210793,0.000269880198175,0.000246688374318
2016,Scotland,0,7.4,14,Artic HGV,Rural (not London),0.00710966344923,0.000326719135046,0.000299377948977
2016,Scotland,0,7.4,14,B100 Artic HGV,Rural (not London),0.00615450460464,4.21590120823e-05,2.90458228847e-05
2016,Scotland,0,7.4,14,B100 Bus,Rural (not London),0.00392568437383,3.0558941944e-05,1.93897376448e-05
2016,Scotland,0,7.4,14,B100 Coach,Rural (not London),0.00561618898064,5.10197496624e-05,3.88275038858e-05
2016,Scotland,0,7.4,14,B100 Rigid HGV,Rural (not London),0.00373705918901,3.15529832733e-05,2.02775154321e-05
2016,Scotland,0,7.4,14,Battery EV Cars,Rural (not London),0.0,5.50764480067e-06,3.06141782858e-06
2016,Scotland,0,7.4,14,Battery EV LGV,Rural (not London),0.0,7.46197929402e-06,4.17151613874e-06
2016,Scotland,0,7.4,14,Biogas Bus,Rural (not London),0.00069444446126,2.41506240855e-05,1.33018365887e-05
2016,Scotland,0,7.4,14,Biomethane Bus,Rural (not London),0.00069444446126,2.41506240855e-05,1.33018365887e-05
2016,Scotland,0,7.4,14,Bus and Coach,Rural (not London),0.00570210348815,0.000343832594808,0.000316999707138
2016,Scotland,0,7.4,14,CNG Bus,Rural (not London),0.00069444446126,2.41506240855e-05,1.33018365887e-05
2016,Scotland,0,7.4,14,Diesel Car,Rural (not London),0.000238536405959,7.86440941738e-05,7.25410427549e-05
2016,Scotland,0,7.4,14,E85 Bioethanol Cars,Rural (not London),0.000443914148491,5.93372760704e-06,3.46619685843e-06
2016,Scotland,0,7.4,14,E85 Bioethanol LGV,Rural (not London),0.000569443276618,7.88806210039e-06,4.57629494122e-06
2016,Scotland,0,7.4,14,FCEV Bus,Rural (not London),0.0,2.27617347264e-05,1.1982392607e-05
2016,Scotland,0,7.4,14,FCEV Cars,Rural (not London),0.0,5.50764480067e-06,3.06141782858e-06
2016,Scotland,0,7.4,14,FCEV LGV,Rural (not London),0.0,7.46197929402e-06,4.17151613874e-06
2016,Scotland,0,7.4,14,Full Hybrid Diesel Cars,Rural (not London),0.000248000113061,1.5247452211e-05,1.23142344819e-05
2016,Scotland,0,7.4,14,Full Hybrid Petrol Cars,Rural (not London),0.000221957074245,6.04024853601e-06,3.56739155905e-06
2016,Scotland,0,7.4,14,Full Hybrid Petrol LGV,Rural (not London),1.261419402e-05,7.67369783716e-06,4.3726486183e-06
2016,Scotland,0,7.4,14,Hybrid Bus,Rural (not London),0.00179031398147,3.89583037759e-05,2.73691330221e-05
2016,Scotland,0,7.4,14,LGV,Rural (not London),0.000956252566539,6.68162683723e-05,6.05580862612e-05
2016,Scotland,0,7.4,14,LPG Cars,Rural (not London),8.80555526237e-05,6.04024853601e-06,3.56739155905e-06
2016,Scotland,0,7.4,14,LPG LGV,Rural (not London),0.000241842586547,7.99458302936e-06,4.67748986921e-06
2016,Scotland,0,7.4,14,Motorcycle,Rural (not London),5.50870499865e-05,5.72118187847e-06,4.46821832156e-06
2016,Scotland,0,7.4,14,Petrol Car,Rural (not London),0.000443914148491,6.04024853601e-06,3.56739155905e-06
2016,Scotland,0,7.4,14,Plug-In Hybrid Petrol Cars,Rural (not London),4.43914141215e-05,5.56090526516e-06,3.11201529257e-06
2016,Scotland,0,7.4,14,Plug-In Hybrid Petrol LGV,Rural (not London),8.75659025041e-05,7.4784456956e-06,4.18715944761e-06
2016,Scotland,0,7.4,14,Rigid HGV,Rural (not London),0.00437816698104,0.000243476184551,0.000221604554099
2016,Scotland,0,7.4,16,Artic HGV,Rural (not London),0.00669289613143,0.000305302703055,0.00027903233422
2016,Scotland,0,7.4,16,B100 Artic HGV,Rural (not London),0.00573557941243,4.10959873989e-05,2.80359472526e-05
2016,Scotland,0,7.4,16,B100 Bus,Rural (not London),0.0036260925699,2.98895793094e-05,1.87538444152e-05
2016,Scotland,0,7.4,16,B100 Coach,Rural (not London),0.00507896579802,4.82469258714e-05,3.61933234672e-05
2016,Scotland,0,7.4,16,B100 Rigid HGV,Rural (not London),0.00346160726622,3.06809342874e-05,1.94490694412e-05
2016,Scotland,0,7.4,16,Battery EV Cars,Rural (not London),0.0,5.50764480067e-06,3.06141782858e-06
2016,Scotland,0,7.4,16,Battery EV LGV,Rural (not London),0.0,7.46197929402e-06,4.17151613874e-06
2016,Scotland,0,7.4,16,Biogas Bus,Rural (not London),0.00069444446126,2.41506240855e-05,1.33018365887e-05
2016,Scotland,0,7.4,16,Biomethane Bus,Rural (not London),0.00069444446126,2.41506240855e-05,1.33018365887e-05
2016,Scotland,0,7.4,16,Bus and Coach,Rural (not London),0.0052693542093,0.000308106857119,0.000283060246147
2016,Scotland,0,7.4,16,CNG Bus,Rural (not London),0.00069444446126,2.41506240855e-05,1.33018365887e-05
2016,Scotland,0,7.4,16,Diesel Car,Rural (not London),0.000231861005886,7.57012021495e-05,6.97452924214e-05
2016,Scotland,0,7.4,16,E85 Bioethanol Cars,Rural (not London),0.000448316481197,5.93372760704e-06,3.46619685843e-06
2016,Scotland,0,7.4,16,E85 Bioethanol LGV,Rural (not London),0.000578831299208,7.88806210039e-06,4.57629494122e-06
2016,Scotland,0,7.4,16,FCEV Bus,Rural (not London),0.0,2.27617347264e-05,1.1982392607e-05
2016,Scotland,0,7.4,16,FCEV Cars,Rural (not London),0.0,5.50764480067e-06,3.06141782858e-06
2016,Scotland,0,7.4,16,FCEV LGV,Rural (not London),0.0,7.46197929402e-06,4.17151613874e-06
2016,Scotland,0,7.4,16,Full Hybrid Diesel Cars,Rural (not London),0.00023726055224,1.50254618347e-05,1.21033435789e-05
2016,Scotland,0,7.4,16,Full Hybrid Petrol Cars,Rural (not London),0.000224158240599,6.04024853601e-06,3.56739155905e-06
2016,Scotland,0,7.4,16,Full Hybrid Petrol LGV,Rural (not London),1.22844139696e-05,7.67369783716e-06,4.3726486183e-06
2016,Scotland,0,7.4,16,Hybrid Bus,Rural (not London),0.00160647102166,3.77022042812e-05,2.61758377746e-05
2016,Scotland,0,7.4,16,LGV,Rural (not London),0.000907913141418,6.65618354105e-05,6.03163753112e-05
2016,Scotland,0,7.4,16,LPG Cars,Rural (not London),8.80555526237e-05,6.04024853601e-06,3.56739155905e-06
2016,Scotland,0,7.4,16,LPG LGV,Rural (not London),0.000233199534705,7.99458302936e-06,4.67748986921e-06
2016,Scotland,0,7.4,16,Motorcycle,Rural (not London),5.59200016141e-05,5.72118187847e-06,4.46821832156e-06
2016,Scotland,0,7.4,16,Petrol Car,Rural (not London),0.000448316481197,6.04024853601e-06,3.56739155905e-06
2016,Scotland,0,7.4,16,Plug-In Hybrid Petrol Cars,Rural (not London),4.48316495749e-05,5.56090526516e-06,3.11201529257e-06
2016,Scotland,0,7.4,16,Plug-In Hybrid Petrol LGV,Rural (not London),8.905937284e-05,7.47797821532e-06,4.18671515945e-06
2016,Scotland,0,7.4,16,Rigid HGV,Rural (not London),0.00407646875829,0.000222748945816,0.000201913688215
2016,Scotland,0,7.4,18,Artic HGV,Rural (not London),0.00634188111871,0.000285878020804,0.000260578904999
2016,Scotland,0,7.4,18,B100 Artic HGV,Rural (not London),0.00539127271622,4.01329198212e-05,2.71210337814e-05
2016,Scotland,0,7.4,18,B100 Bus,Rural (not London),0.00339138717391,2.93298144243e-05,1.8222066501e-05
2016,Scotland,0,7.4,18,B100 Coach,Rural (not London),0.00465612718835,4.6032051614e-05,3.40891929227e-05
2016,Scotland,0,7.4,18,B100 Rigid HGV,Rural (not London),0.00324074341916,2.99869479932e-05,1.87897840078e-05
2016,Scotland,0,7.4,18,Battery EV Cars,Rural (not London),0.0,5.50764480067e-06,3.06141782858e-06
2016,Scotland,0,7.4,18,Battery EV LGV,Rural (not London),0.0,7.46197929402e-06,4.17151613874e-06
2016,Scotland,0,7.4,18,Biogas Bus,Rural (not London),0.00069444446126,2.41506240855e-05,1.33018365887e-05
2016,Scotland,0,7.4,18,Biomethane Bus,Rural (not London),0.00069444446126,2.41506240855e-05,1.33018365887e-05
2016,Scotland,0,7.4,18,Bus and Coach,Rural (not London),0.00492199184373,0.000279939908069,0.000256301660556
2016,Scotland,0,7.4,18,CNG Bus,Rural (not London),0.00069444446126,2.41506240855e-05,1.33018365887e-05
2016,Scotland,0,7.4,18,Diesel Car,Rural (not London),0.000225434050662,7.28578306735e-05,6.70441004331e-05
2016,Scotland,0,7.4,18,E85 Bioethanol Cars,Rural (not London),0.000452946522273,5.93372760704e-06,3.46619685843e-06
2016,Scotland,0,7.4,18,E85 Bioethanol LGV,Rural (not London),0.000588246330153,7.88806210039e-06,4.57629494122e-06
2016,Scotland,0,7.4,18,FCEV Bus,Rural (not London),0.0,2.27617347264e-05,1.1982392607e-05
2016,Scotland,0,7.4,18,FCEV Cars,Rural (not London),0.0,5.50764480067e-06,3.06141782858e-06
2016,Scotland,0,7.4,18,FCEV LGV,Rural (not London),0.0,7.46197929402e-06,4.17151613874e-06
2016,Scotland,0,7.4,18,Full Hybrid Diesel Cars,Rural (not London),0.000227859200095,1.4810581888e-05,1.18992074931e-05
2016,Scotland,0,7.4,18,Full Hybrid Petrol Cars,Rural (not London),0.000226473261137,6.04024853601e-06,3.56739155905e-06
2016,Scotland,0,7.4,18,Full Hybrid Petrol LGV,Rural (not London),1.19670639833e-05,7.67369783716e-06,4.3726486183e-06
2016,Scotland,0,7.4,18,Hybrid Bus,Rural (not London),0.00145406892989,3.6672794522e-05,2.51978981396e-05
2016,Scotland,0,7.4,18,LGV,Rural (not London),0.000861257081851,6.63328100927e-05,6.00988059887e-05
2016,Scotland,0,7.4,18,LPG Cars,Rural (not London),8.80555526237e-05,6.04024853601e-06,3.56739155905e-06
2016,Scotland,0,7.4,18,LPG LGV,Rural (not London),0.000225193361985,7.99458302936e-06,4.67748986921e-06
2016,Scotland,0,7.4,18,Motorcycle,Rural (not London),5.66159142181e-05,5.72118187847e-06,4.46821832156e-06
2016,Scotland,0,7.4,18,Petrol Car,Rural (not London),0.000452946522273,6.04024853601e-06,3.56739155905e-06
2016,Scotland,0,7.4,18,Plug-In Hybrid Petrol Cars,Rural (not London),4.52946551377e-05,5.56090526516e-06,3.11201529257e-06
2016,Scotland,0,7.4,18,Plug-In Hybrid Petrol LGV,Rural (not London),9.05663255253e-05,7.47769990994e-06,4.18645049649e-06
2016,Scotland,0,7.4,18,Rigid HGV,Rural (not London),0.0038336024154,0.000206020558835,0.000186021716218
2016,Scotland,0,7.4,20,Artic HGV,Rural (not London),0.00604105880484,0.00026825410896,0.000243836155278
2016,Scotland,0,7.4,20,B100 Artic HGV,Rural (not London),0.00510209193453,3.92600231862e-05,2.62917819782e-05
2016,Scotland,0,7.4,20,B100 Bus,Rural (not London),0.00320153706707,2.88559804176e-05,1.77719248313e-05
2016,Scotland,0,7.4,20,B100 Coach,Rural (not London),0.00431459676474,4.42197051598e-05,3.23674612446e-05
2016,Scotland,0,7.4,20,B100 Rigid HGV,Rural (not London),0.00305952643976,2.94217261398e-05,1.82528237929e-05
2016,Scotland,0,7.4,20,Battery EV Cars,Rural (not London),0.0,5.50764480067e-06,3.06141782858e-06
2016,Scotland,0,7.4,20,Battery EV LGV,Rural (not London),0.0,7.46197929402e-06,4.17151613874e-06
2016,Scotland,0,7.4,20,Biogas Bus,Rural (not London),0.00069444446126,2.41506240855e-05,1.33018365887e-05
2016,Scotland,0,7.4,20,Biomethane Bus,Rural (not London),0.00069444446126,2.41506240855e-05,1.33018365887e-05
2016,Scotland,0,7.4,20,Bus and Coach,Rural (not London),0.00463653588668,0.000257179577602,0.000234679348068
2016,Scotland,0,7.4,20,CNG Bus,Rural (not London),0.00069444446126,2.41506240855e-05,1.33018365887e-05
2016,Scotland,0,7.4,20,Diesel Car,Rural (not London),0.000219255554839,7.01139942976e-05,6.44374522381e-05
2016,Scotland,0,7.4,20,E85 Bioethanol Cars,Rural (not London),0.000457804300822,5.93372760704e-06,3.46619685843e-06
2016,Scotland,0,7.4,20,E85 Bioethanol LGV,Rural (not London),0.000597688311245,7.88806210039e-06,4.57629494122e-06
2016,Scotland,0,7.4,20,FCEV Bus,Rural (not London),0.0,2.27617347264e-05,1.1982392607e-05
2016,Scotland,0,7.4,20,FCEV Cars,Rural (not London),0.0,5.50764480067e-06,3.06141782858e-06
2016,Scotland,0,7.4,20,FCEV LGV,Rural (not London),0.0,7.46197929402e-06,4.17151613874e-06
2016,Scotland,0,7.4,20,Full Hybrid Diesel Cars,Rural (not London),0.000219467459829,1.46028114614e-05,1.17018262245e-05
2016,Scotland,0,7.4,20,Full Hybrid Petrol Cars,Rural (not London),0.000228902150411,6.04024853601e-06,3.56739155905e-06
2016,Scotland,0,7.4,20,Full Hybrid Petrol LGV,Rural (not London),1.15722568808e-05,7.67369783716e-06,4.3726486183e-06
2016,Scotland,0,7.4,20,Hybrid Bus,Rural (not London),0.00132508785464,3.5810713598e-05,2.43789218075e-05
2016,Scotland,0,7.4,20,LGV,Rural (not London),0.000816284387838,6.61291996948e-05,5.99053746555e-05
2016,Scotland,0,7.4,20,LPG Cars,Rural (not London),8.80555526237e-05,6.04024853601e-06,3.56739155905e-06
2016,Scotland,0,7.4,20,LPG LGV,Rural (not London),0.000217739056097,7.99458302936e-06,4.67748986921e-06
2016,Scotland,0,7.4,20,Motorcycle,Rural (not London),5.72095523239e-05,5.72118187847e-06,4.46821832156e-06
2016,Scotland,0,7.4,20,Petrol Car,Rural (not London),0.000457804300822,6.04024853601e-06,3.56739155905e-06
2016,Scotland,0,7.4,20,Plug-In Hybrid Petrol Cars,Rural (not London),4.57804308098e-05,5.56090526516e-06,3.11201529257e-06
2016,Scotland,0,7.4,20,Plug-In Hybrid Petrol LGV,Rural (not London),9.2086767836e-05,7.47757349018e-06,4.18633044319e-06
2016,Scotland,0,7.4,20,Rigid HGV,Rural (not London),0.0036336639896,0.000192232473637,0.000172923028003
2016,Scotland,0,7.4,25,Artic HGV,Rural (not London),0.00544445728883,0.000231130310567,0.000208568555536
2016,Scotland,0,7.4,25,B100 Artic HGV,Rural (not London),0.00454393122345,3.74241244572e-05,2.45476785494e-05
2016,Scotland,0,7.4,25,B100 Bus,Rural (not London),0.00285162893124,2.79465966742e-05,1.6908010366e-05
2016,Scotland,0,7.4,25,B100 Coach,Rural (not London),0.00369272613898,4.08561863878e-05,2.91721207759e-05
2016,Scotland,0,7.4,25,B100 Rigid HGV,Rural (not London),0.00272260955535,2.83831031993e-05,1.72661311808e-05
2016,Scotland,0,7.4,25,Battery EV Cars,Rural (not London),0.0,5.50764480067e-06,3.06141782858e-06
2016,Scotland,0,7.4,25,Battery EV LGV,Rural (not London),0.0,7.46197929402e-06,4.17151613874e-06
2016,Scotland,0,7.4,25,Biogas Bus,Rural (not London),0.00069444446126,2.41506240855e-05,1.33018365887e-05
2016,Scotland,0,7.4,25,Biomethane Bus,Rural (not London),0.00069444446126,2.41506240855e-05,1.33018365887e-05
2016,Scotland,0,7.4,25,Bus and Coach,Rural (not London),0.00410380680114,0.000215800580918,0.000195369299036
2016,Scotland,0,7.4,25,CNG Bus,Rural (not London),0.00069444446126,2.41506240855e-05,1.33018365887e-05
2016,Scotland,0,7.4,25,Diesel Car,Rural (not London),0.000204896277864,6.36898257653e-05,5.83344881306e-05
2016,Scotland,0,7.4,25,E85 Bioethanol Cars,Rural (not London),0.000470944913104,5.93372760704e-06,3.46619685843e-06
2016,Scotland,0,7.4,25,E85 Bioethanol LGV,Rural (not London),0.000621411250904,7.88806210039e-06,4.57629494122e-06
2016,Scotland,0,7.4,25,FCEV Bus,Rural (not London),0.0,2.27617347264e-05,1.1982392607e-05
2016,Scotland,0,7.4,25,FCEV Cars,Rural (not London),0.0,5.50764480067e-06,3.06141782858e-06
2016,Scotland,0,7.4,25,FCEV LGV,Rural (not London),0.0,7.46197929402e-06,4.17151613874e-06
2016,Scotland,0,7.4,25,Full Hybrid Diesel Cars,Rural (not London),0.000201674178243,1.4114494661e-05,1.12379248094e-05
2016,Scotland,0,7.4,25,Full Hybrid Petrol Cars,Rural (not London),0.000235472456552,6.04024853601e-06,3.56739155905e-06
2016,Scotland,0,7.4,25,Full Hybrid Petrol LGV,Rural (not London),1.0447751265e-05,7.67369783716e-06,4.3726486183e-06
2016,Scotland,0,7.4,25,Hybrid Bus,Rural (not London),0.00107416033279,3.41514169122e-05,2.28025910474e-05
2016,Scotland,0,7.4,25,LGV,Rural (not London),0.000711217464413,6.57313503325e-05,5.95274177613e-05
2016,Scotland,0,7.4,25,LPG Cars,Rural (not London),8.80555526237e-05,6.04024853601e-06,3.56739155905e-06
2016,Scotland,0,7.4,25,LPG LGV,Rural (not London),0.000201152201043,7.99458302936e-06,4.67748986921e-06
2016,Scotland,0,7.4,25,Motorcycle,Rural (not London),5.84490226174e-05,5.72118187847e-06,4.46821832156e-06
2016,Scotland,0,7.4,25,Petrol Car,Rural (not London),0.000470944913104,6.04024853601e-06,3.56739155905e-06
2016,Scotland,0,7.4,25,Plug-In Hybrid Petrol Cars,Rural (not London),4.70944942208e-05,5.56090526516e-06,3.11201529257e-06
2016,Scotland,0,7.4,25,Plug-In Hybrid Petrol LGV,Rural (not London),9.59468598012e-05,7.47776084609e-06,4.1865082494e-06
2016,Scotland,0,7.4,25,Rigid HGV,Rural (not London),0.00326027278788,0.000166505909874,0.000148482795339
2016,Scotland,0,7.4,30,Artic HGV,Rural (not London),0.00499674212188,0.000202523937332,0.000181392504601
2016,Scotland,0,7.4,30,B100 Artic HGV,Rural (not London),0.00413803802803,3.60124795407e-05,2.32066140597e-05
2016,Scotland,0,7.4,30,B100 Bus,Rural (not London),0.00260876538232,2.73093537544e-05,1.63026306836e-05
2016,Scotland,0,7.4,30,B100 Coach,Rural (not London),0.00327402632684,3.85327002732e-05,2.69648080575e-05
2016,Scotland,0,7.4,30,B100 Rigid HGV,Rural (not London),0.00249059172347,2.76789232885e-05,1.65971596289e-05
2016,Scotland,0,7.4,30,Battery EV Cars,Rural (not London),0.0,5.50764480067e-06,3.06141782858e-06
2016,Scotland,0,7.4,30,Battery EV LGV,Rural (not London),0.0,7.46197929402e-06,4.17151613874e-06
2016,Scotland,0,7.4,30,Biogas Bus,Rural (not London),0.00069444446126,2.41506240855e-05,1.33018365887e-05
2016,Scotland,0,7.4,30,Biomethane Bus,Rural (not London),0.00069444446126,2.41506240855e-05,1.33018365887e-05
2016,Scotland,0,7.4,30,Bus and Coach,Rural (not London),0.00373400817625,0.000188085105037,0.000169039602042
2016,Scotland,0,7.4,30,CNG Bus,Rural (not London),0.00069444446126,2.41506240855e-05,1.33018365887e-05
2016,Scotland,0,7.4,30,Diesel Car,Rural (not London),0.000192089821212,5.78876934014e-05,5.28224627487e-05
2016,Scotland,0,7.4,30,E85 Bioethanol Cars,Rural (not London),0.000485508731799,5.93372760704e-06,3.46619685843e-06
2016,Scotland,0,7.4,30,E85 Bioethanol LGV,Rural (not London),0.000645302759949,7.88806210039e-06,4.57629494122e-06
2016,Scotland,0,7.4,30,FCEV Bus,Rural (not London),0.0,2.27617347264e-05,1.1982392607e-05
2016,Scotland,0,7.4,30,FCEV Cars,Rural (not London),0.0,5.50764480067e-06,3.06141782858e-06
2016,Scotland,0,7.4,30,FCEV LGV,Rural (not London),0.0,7.46197929402e-06,4.17151613874e-06
2016,Scotland,0,7.4,30,Full Hybrid Diesel Cars,Rural (not London),0.000187142431969,1.36706157718e-05,1.08162403194e-05
2016,Scotland,0,7.4,30,Full Hybrid Petrol Cars,Rural (not London),0.0002427543659,6.04024853601e-06,3.56739155905e-06
2016,Scotland,0,7.4,30,Full Hybrid Petrol LGV,Rural (not London),9.44911244005e-06,7.67369783716e-06,4.3726486183e-06
2016,Scotland,0,7.4,30,Hybrid Bus,Rural (not London),0.000891491537914,3.29449358105e-05,2.16564312723e-05
2016,Scotland,0,7.4,30,LGV,Rural (not London),0.000616671633907,6.5492320573e-05,5.93003424001e-05
2016,Scotland,0,7.4,30,LPG Cars,Rural (not London),8.80555526237e-05,6.04024853601e-06,3.56739155905e-06
2016,Scotland,0,7.4,30,LPG LGV,Rural (not London),0.00018706053379,7.99458302936e-06,4.67748986921e-06
2016,Scotland,0,7.4,30,Motorcycle,Rural (not London),5.96675236011e-05,5.72118187847e-06,4.46821832156e-06
2016,Scotland,0,7.4,30,Petrol Car,Rural (not London),0.000485508731799,6.04024853601e-06,3.56739155905e-06
2016,Scotland,0,7.4,30,Plug-In Hybrid Petrol Cars,Rural (not London),4.85508753627e-05,5.56090526516e-06,3.11201529257e-06
2016,Scotland,0,7.4,30,Plug-In Hybrid Petrol LGV,Rural (not London),9.98912291834e-05,7.47847479943e-06,4.18718673245e-06
2016,Scotland,0,7.4,30,Rigid HGV,Rural (not London),0.00300187501125,0.000148804057972,0.000131666034576
2016,Scotland,0,7.4,35,Artic HGV,Rural (not London),0.00464496389031,0.000181023380719,0.000160966970725
2016,Scotland,0,7.4,35,B100 Artic HGV,Rural (not London),0.00382683845237,3.4954307921e-05,2.22013532039e-05
2016,Scotland,0,7.4,35,B100 Bus,Rural (not London),0.00242782244459,2.68509866146e-05,1.58671809913e-05
2016,Scotland,0,7.4,35,B100 Coach,Rural (not London),0.00297436490655,3.68288492609e-05,2.5346151233e-05
2016,Scotland,0,7.4,35,B100 Rigid HGV,Rural (not London),0.00232227751985,2.71743738267e-05,1.61178377311e-05
2016,Scotland,0,7.4,35,Battery EV Cars,Rural (not London),0.0,5.50764480067e-06,3.06141782858e-06
2016,Scotland,0,7.4,35,Battery EV LGV,Rural (not London),0.0,7.46197929402e-06,4.17151613874e-06
2016,Scotland,0,7.4,35,Biogas Bus,Rural (not London),0.00069444446126,2.41506240855e-05,1.33018365887e-05
2016,Scotland,0,7.4,35,Biomethane Bus,Rural (not London),0.00069444446126,2.41506240855e-05,1.33018365887e-05
2016,Scotland,0,7.4,35,Bus and Coach,Rural (not London),0.00346272764727,0.000168387341546,0.000150326712173
2016,Scotland,0,7.4,35,CNG Bus,Rural (not London),0.00069444446126,2.41506240855e-05,1.33018365887e-05
2016,Scotland,0,7.4,35,Diesel Car,Rural (not London),0.000180836199434,5.27076008439e-05,4.79013760923e-05
2016,Scotland,0,7.4,35,E85 Bioethanol Cars,Rural (not London),0.000501495727804,5.93372760704e-06,3.46619685843e-06
2016,Scotland,0,7.4,35,E85 Bioethanol LGV,Rural (not London),0.000669362780172,7.88806210039e-06,4.57629494122e-06
2016,Scotland,0,7.4,35,FCEV Bus,Rural (not London),0.0,2.27617347264e-05,1.1982392607e-05
2016,Scotland,0,7.4,35,FCEV Cars,Rural (not London),0.0,5.50764480067e-06,3.06141782858e-06
2016,Scotland,0,7.4,35,FCEV LGV,Rural (not London),0.0,7.46197929402e-06,4.17151613874e-06
2016,Scotland,0,7.4,35,Full Hybrid Diesel Cars,Rural (not London),0.000175001594471,1.32711766128e-05,1.04367727545e-05
2016,Scotland,0,7.4,35,Full Hybrid Petrol Cars,Rural (not London),0.000250747863902,6.04024853601e-06,3.56739155905e-06
2016,Scotland,0,7.4,35,Full Hybrid Petrol LGV,Rural (not London),8.56738734001e-06,7.67369783716e-06,4.3726486183e-06
2016,Scotland,0,7.4,35,Hybrid Bus,Rural (not London),0.000753102242015,3.20199178532e-05,2.07776647585e-05
2016,Scotland,0,7.4,35,LGV,Rural (not London),0.000532646954525,6.54121176922e-05,5.9224148572e-05
2016,Scotland,0,7.4,35,LPG Cars,Rural (not London),8.80555526237e-05,6.04024853601e-06,3.56739155905e-06
2016,Scotland,0,7.4,35,LPG LGV,Rural (not London),0.000175143708475,7.99458302936e-06,4.67748986921e-06
2016,Scotland,0,7.4,35,Motorcycle,Rural (not London),6.11944124103e-05,5.72118187847e-06,4.46821832156e-06
2016,Scotland,0,7.4,35,Petrol Car,Rural (not London),0.000501495727804,6.04024853601e-06,3.56739155905e-06
2016,Scotland,0,7.4,35,Plug-In Hybrid Petrol Cars,Rural (not London),5.01495742355e-05,5.56090526516e-06,3.11201529257e-06
2016,Scotland,0,7.4,35,Plug-In Hybrid Petrol LGV,Rural (not London),0.000103919868707,7.47956892155e-06,4.1882262849e-06
2016,Scotland,0,7.4,35,Rigid HGV,Rural (not London),0.0028138468042,0.000136037851917,0.000119538148283
2016,Scotland,0,7.4,40,Artic HGV,Rural (not London),0.00435924017802,0.000165425153682,0.000146148653585
2016,Scotland,0,7.4,40,B100 Artic HGV,Rural (not London),0.00357914343476,3.41898339684e-05,2.14751016756e-05
2016,Scotland,0,7.4,40,B100 Bus,Rural (not London),0.00228632520884,2.65152102656e-05,1.55481939146e-05
2016,Scotland,0,7.4,40,B100 Coach,Rural (not London),0.00275073200464,3.55252959707e-05,2.41077741521e-05
2016,Scotland,0,7.4,40,B100 Rigid HGV,Rural (not London),0.00219595199451,2.67988652922e-05,1.57611048053e-05
2016,Scotland,0,7.4,40,Battery EV Cars,Rural (not London),0.0,5.50764480067e-06,3.06141782858e-06
2016,Scotland,0,7.4,40,Battery EV LGV,Rural (not London),0.0,7.46197929402e-06,4.17151613874e-06
2016,Scotland,0,7.4,40,Biogas Bus,Rural (not London),0.00069444446126,2.41506240855e-05,1.33018365887e-05
2016,Scotland,0,7.4,40,Biomethane Bus,Rural (not London),0.00069444446126,2.41506240855e-05,1.33018365887e-05
2016,Scotland,0,7.4,40,Bus and Coach,Rural (not London),0.00325605086982,0.00015379000979,0.000136459246278
2016,Scotland,0,7.4,40,CNG Bus,Rural (not London),0.00069444446126,2.41506240855e-05,1.33018365887e-05
2016,Scotland,0,7.4,40,Diesel Car,Rural (not London),0.000171135397977,4.81495517306e-05,4.35712281615e-05
2016,Scotland,0,7.4,40,E85 Bioethanol Cars,Rural (not London),0.000518905930221,5.93372760704e-06,3.46619685843e-06
2016,Scotland,0,7.4,40,E85 Bioethanol LGV,Rural (not London),0.000693591369782,7.88806210039e-06,4.57629494122e-06
2016,Scotland,0,7.4,40,FCEV Bus,Rural (not London),0.0,2.27617347264e-05,1.1982392607e-05
2016,Scotland,0,7.4,40,FCEV Cars,Rural (not London),0.0,5.50764480067e-06,3.06141782858e-06
2016,Scotland,0,7.4,40,FCEV LGV,Rural (not London),0.0,7.46197929402e-06,4.17151613874e-06
2016,Scotland,0,7.4,40,Full Hybrid Diesel Cars,Rural (not London),0.000164784520166,1.29161753648e-05,1.00995221146e-05
2016,Scotland,0,7.4,40,Full Hybrid Petrol Cars,Rural (not London),0.000259452965111,6.04024853601e-06,3.56739155905e-06
2016,Scotland,0,7.4,40,Full Hybrid Petrol LGV,Rural (not London),7.79362380854e-06,7.67369783716e-06,4.3726486183e-06
2016,Scotland,0,7.4,40,Hybrid Bus,Rural (not London),0.00064565485809,3.12911543006e-05,2.00853410206e-05
2016,Scotland,0,7.4,40,LGV,Rural (not London),0.000459143397165,6.54907344142e-05,5.92988362769e-05
2016,Scotland,0,7.4,40,LPG Cars,Rural (not London),8.80555526237e-05,6.04024853601e-06,3.56739155905e-06
2016,Scotland,0,7.4,40,LPG LGV,Rural (not London),0.000165218487382,7.99458302936e-06,4.67748986921e-06
2016,Scotland,0,7.4,40,Motorcycle,Rural (not London),6.32723094895e-05,5.72118187847e-06,4.46821832156e-06
2016,Scotland,0,7.4,40,Petrol Car,Rural (not London),0.000518905930221,6.04024853601e-06,3.56739155905e-06
2016,Scotland,0,7.4,40,Plug-In Hybrid Petrol Cars,Rural (not London),5.18905908393e-05,5.56090526516e-06,3.11201529257e-06
2016,Scotland,0,7.4,40,Plug-In Hybrid Petrol LGV,Rural (not London),0.000108032785647,7.48095635572e-06,4.18954459747e-06
2016,Scotland,0,7.4,40,Rigid HGV,Rural (not London),0.00267250533216,0.000126530983835,0.000110506625788
2016,Scotland,0,7.4,45,Artic HGV,Rural (not London),0.00412127142772,0.000154639754328,0.000135902519105
2016,Scotland,0,7.4,45,B100 Artic HGV,Rural (not London),0.00337641919032,3.36651828547e-05,2.09766840271e-05
2016,Scotland,0,7.4,45,B100 Bus,Rural (not London),0.00217172107659,2.6265894121e-05,1.53113433043e-05
2016,Scotland,0,7.4,45,B100 Coach,Rural (not London),0.00257879123092,3.44959626091e-05,2.31299090956e-05
2016,Scotland,0,7.4,45,B100 Rigid HGV,Rural (not London),0.00209901528433,2.65117614617e-05,1.54883564392e-05
2016,Scotland,0,7.4,45,Battery EV Cars,Rural (not London),0.0,5.50764480067e-06,3.06141782858e-06
2016,Scotland,0,7.4,45,Battery EV LGV,Rural (not London),0.0,7.46197929402e-06,4.17151613874e-06
2016,Scotland,0,7.4,45,Biogas Bus,Rural (not London),0.00069444446126,2.41506240855e-05,1.33018365887e-05
2016,Scotland,0,7.4,45,Biomethane Bus,Rural (not London),0.00069444446126,2.41506240855e-05,1.33018365887e-05
2016,Scotland,0,7.4,45,Bus and Coach,Rural (not London),0.00309430388734,0.000142630044138,0.000125857273815
2016,Scotland,0,7.4,45,CNG Bus,Rural (not London),0.00069444446126,2.41506240855e-05,1.33018365887e-05
2016,Scotland,0,7.4,45,Diesel Car,Rural (not London),0.000162987431395,4.42135387857e-05,3.98320189561e-05
2016,Scotland,0,7.4,45,E85 Bioethanol Cars,Rural (not London),0.00053773925174,5.93372760704e-06,3.46619685843e-06
2016,Scotland,0,7.4,45,E85 Bioethanol LGV,Rural (not London),0.000717988528777,7.88806210039e-06,4.57629494122e-06
2016,Scotland,0,7.4,45,FCEV Bus,Rural (not London),0.0,2.27617347264e-05,1.1982392607e-05
2016,Scotland,0,7.4,45,FCEV Cars,Rural (not London),0.0,5.50764480067e-06,3.06141782858e-06
2016,Scotland,0,7.4,45,FCEV LGV,Rural (not London),0.0,7.46197929402e-06,4.17151613874e-06
2016,Scotland,0,7.4,45,Full Hybrid Diesel Cars,Rural (not London),0.000156213005539,1.2605613847e-05,9.80448839982e-06
2016,Scotland,0,7.4,45,Full Hybrid Petrol Cars,Rural (not London),0.00026886962587,6.04024853601e-06,3.56739155905e-06
2016,Scotland,0,7.4,45,Full Hybrid Petrol LGV,Rural (not London),7.1188687798e-06,7.67369783716e-06,4.3726486183e-06
2016,Scotland,0,7.4,45,Hybrid Bus,Rural (not London),0.000561089836992,3.07153641188e-05,1.95383381651e-05
2016,Scotland,0,7.4,45,LGV,Rural (not London),0.000396160932723,6.5728178015e-05,5.95244055148e-05
2016,Scotland,0,7.4,45,LPG Cars,Rural (not London),8.80555526237e-05,6.04024853601e-06,3.56739155905e-06
2016,Scotland,0,7.4,45,LPG LGV,Rural (not London),0.000157172777108,7.99458302936e-06,4.67748986921e-06
2016,Scotland,0,7.4,45,Motorcycle,Rural (not London),6.60671648802e-05,5.72118187847e-06,4.46821832156e-06
2016,Scotland,0,7.4,45,Petrol Car,Rural (not London),0.00053773925174,6.04024853601e-06,3.56739155905e-06
2016,Scotland,0,7.4,45,Plug-In Hybrid Petrol Cars,Rural (not London),5.3773928812e-05,5.56090526516e-06,3.11201529257e-06
2016,Scotland,0,7.4,45,Plug-In Hybrid Petrol LGV,Rural (not London),0.000112229980004,7.48258253225e-06,4.19108891947e-06
2016,Scotland,0,7.4,45,Rigid HGV,Rural (not London),0.00256402906962,0.000119285075925,0.00010362300236
2016,Scotland,0,7.4,50,Artic HGV,Rural (not London),0.00391914462671,0.000147646234836,0.000129258682136
2016,Scotland,0,7.4,50,B100 Artic HGV,Rural (not London),0.00320688146167,3.33299649355e-05,2.06582244573e-05
2016,Scotland,0,7.4,50,B100 Bus,Rural (not London),0.00207639951259,2.60788765445e-05,1.51336771523e-05
2016,Scotland,0,7.4,50,B100 Coach,Rural (not London),0.00244371220469,3.36630509992e-05,2.23386432481e-05
2016,Scotland,0,7.4,50,B100 Rigid HGV,Rural (not London),0.00202362798154,2.62880184891e-05,1.52758002514e-05
2016,Scotland,0,7.4,50,Battery EV Cars,Rural (not London),0.0,5.50764480067e-06,3.06141782858e-06
2016,Scotland,0,7.4,50,Battery EV LGV,Rural (not London),0.0,7.46197929402e-06,4.17151613874e-06
2016,Scotland,0,7.4,50,Biogas Bus,Rural (not London),0.00069444446126,2.41506240855e-05,1.33018365887e-05
2016,Scotland,0,7.4,50,Biomethane Bus,Rural (not London),0.00069444446126,2.41506240855e-05,1.33018365887e-05
2016,Scotland,0,7.4,50,Bus and Coach,Rural (not London),0.00296523654833,0.000133889232529,0.000117553507152
2016,Scotland,0,7.4,50,CNG Bus,Rural (not London),0.00069444446126,2.41506240855e-05,1.33018365887e-05
2016,Scotland,0,7.4,50,Diesel Car,Rural (not London),0.000156392299687,4.08995692851e-05,3.66837448382e-05
2016,Scotland,0,7.4,50,E85 Bioethanol Cars,Rural (not London),0.000557995808776,5.93372760704e-06,3.46619685843e-06
2016,Scotland,0,7.4,50,E85 Bioethanol LGV,Rural (not London),0.000742554198951,7.88806210039e-06,4.57629494122e-06
2016,Scotland,0,7.4,50,FCEV Bus,Rural (not London),0.0,2.27617347264e-05,1.1982392607e-05
2016,Scotland,0,7.4,50,FCEV Cars,Rural (not London),0.0,5.50764480067e-06,3.06141782858e-06
2016,Scotland,0,7.4,50,FCEV LGV,Rural (not London),0.0,7.46197929402e-06,4.17151613874e-06
2016,Scotland,0,7.4,50,Full Hybrid Diesel Cars,Rural (not London),0.000149111278006,1.23394911498e-05,9.55167251959e-06
2016,Scotland,0,7.4,50,Full Hybrid Petrol Cars,Rural (not London),0.000278997904388,6.04024853601e-06,3.56739155905e-06
2016,Scotland,0,7.4,50,Full Hybrid Petrol LGV,Rural (not London),6.53417146168e-06,7.67369783716e-06,4.3726486183e-06
2016,Scotland,0,7.4,50,Hybrid Bus,Rural (not London),0.000494284555316,3.02700755128e-05,1.91153158084e-05
2016,Scotland,0,7.4,50,LGV,Rural (not London),0.000343699561199,6.61244412186e-05,5.99008562858e-05
2016,Scotland,0,7.4,50,LPG Cars,Rural (not London),8.80555526237e-05,6.04024853601e-06,3.56739155905e-06
2016,Scotland,0,7.4,50,LPG LGV,Rural (not London),0.000150934400153,7.99458302936e-06,4.67748986921e-06
2016,Scotland,0,7.4,50,Motorcycle,Rural (not London),6.96783463354e-05,5.72118187847e-06,4.46821832156e-06
2016,Scotland,0,7.4,50,Petrol Car,Rural (not London),0.000557995808776,6.04024853601e-06,3.56739155905e-06
2016,Scotland,0,7.4,50,Plug-In Hybrid Petrol Cars,Rural (not London),5.57995808776e-05,5.56090526516e-06,3.11201529257e-06
2016,Scotland,0,7.4,50,Plug-In Hybrid Petrol LGV,Rural (not London),0.000116511451779,7.48441289034e-06,4.19282787334e-06
2016,Scotland,0,7.4,50,Rigid HGV,Rural (not London),0.00247977557592,0.000113664995297,9.82839264907e-05
2016,Scotland,0,7.4,60,Artic HGV,Rural (not London),0.00359226553701,0.000141156051541,0.000123093021102
2016,Scotland,0,7.4,60,B100 Artic HGV,Rural (not London),0.00293817953207,3.30363582179e-05,2.03793024411e-05
2016,Scotland,0,7.4,60,B100 Bus,Rural (not London),0.00192555377726,2.58301224676e-05,1.48973604155e-05
2016,Scotland,0,7.4,60,B100 Coach,Rural (not London),0.00224899942987,3.23998865497e-05,2.11386341107e-05
2016,Scotland,0,7.4,60,B100 Rigid HGV,Rural (not London),0.00191855488811,2.59709358943e-05,1.49745719682e-05
2016,Scotland,0,7.4,60,Battery EV Cars,Rural (not London),0.0,5.50764480067e-06,3.06141782858e-06
2016,Scotland,0,7.4,60,Battery EV LGV,Rural (not London),0.0,7.46197929402e-06,4.17151613874e-06
2016,Scotland,0,7.4,60,Biogas Bus,Rural (not London),0.00069444446126,2.41506240855e-05,1.33018365887e-05
2016,Scotland,0,7.4,60,Biomethane Bus,Rural (not London),0.00069444446126,2.41506240855e-05,1.33018365887e-05
2016,Scotland,0,7.4,60,Bus and Coach,Rural (not London),0.00277546187863,0.000121247263451,0.000105543644167
2016,Scotland,0,7.4,60,CNG Bus,Rural (not London),0.00069444446126,2.41506240855e-05,1.33018365887e-05
2016,Scotland,0,7.4,60,Diesel Car,Rural (not London),0.000147860497236,3.61377460649e-05,3.2160016417e-05
2016,Scotland,0,7.4,60,E85 Bioethanol Cars,Rural (not London),0.000602778454777,5.75112062506e-06,3.29272006638e-06
2016,Scotland,0,7.4,60,E85 Bioethanol LGV,Rural (not London),0.000792191247456,7.70545557316e-06,4.40281837655e-06
2016,Scotland,0,7.4,60,FCEV Bus,Rural (not London),0.0,2.27617347264e-05,1.1982392607e-05
2016,Scotland,0,7.4,60,FCEV Cars,Rural (not London),0.0,5.50764480067e-06,3.06141782858e-06
2016,Scotland,0,7.4,60,FCEV LGV,Rural (not London),0.0,7.46197929402e-06,4.17151613874e-06
2016,Scotland,0,7.4,60,Full Hybrid Diesel Cars,Rural (not London),0.000138907809742,1.19405622172e-05,9.17268971534e-06
2016,Scotland,0,7.4,60,Full Hybrid Petrol Cars,Rural (not London),0.000421944918344,5.81198946747e-06,3.35054573952e-06
2016,Scotland,0,7.4,60,Full Hybrid Petrol LGV,Rural (not London),7.8387947724e-06,7.60025795898e-06,4.30288082498e-06
2016,Scotland,0,7.4,60,Hybrid Bus,Rural (not London),0.000500392750837,2.97346487059e-05,1.86066608876e-05
2016,Scotland,0,7.4,60,LGV,Rural (not London),0.000270340184215,6.73859685776e-05,6.10993010923e-05
2016,Scotland,0,7.4,60,LPG Cars,Rural (not London),8.11111094663e-05,5.81198946747e-06,3.35054573952e-06
2016,Scotland,0,7.4,60,LPG LGV,Rural (not London),0.000115474438644,7.76632441557e-06,4.46064404969e-06
2016,Scotland,0,7.4,60,Motorcycle,Rural (not London),7.94747684267e-05,5.72118187847e-06,4.46821832156e-06
2016,Scotland,0,7.4,60,Petrol Car,Rural (not London),0.000602778454777,5.81198946747e-06,3.35054573952e-06
2016,Scotland,0,7.4,60,Plug-In Hybrid Petrol Cars,Rural (not London),0.000301389227388,5.65981736145e-06,3.20598178405e-06
2016,Scotland,0,7.4,60,Plug-In Hybrid Petrol LGV,Rural (not London),0.000419149670051,7.5952248153e-06,4.29809961133e-06
2016,Scotland,0,7.4,60,Rigid HGV,Rural (not London),0.00236293883063,0.000105736056867,9.07514404389e-05
2016,Scotland,0,7.4,70,Artic HGV,Rural (not London),0.0033373797778,0.000138438103022,0.000120510958368
2016,Scotland,0,7.4,70,B100 Artic HGV,Rural (not London),0.00273376028053,3.29377144226e-05,2.02855899261e-05
2016,Scotland,0,7.4,70,B100 Bus,Rural (not London),0.00181019224692,2.56859384535e-05,1.47603850564e-05
2016,Scotland,0,7.4,70,B100 Coach,Rural (not London),0.00212090928108,3.14903554681e-05,2.02745795832e-05
2016,Scotland,0,7.4,70,B100 Rigid HGV,Rural (not London),0.00185578421224,2.57703595707e-05,1.47840237332e-05
2016,Scotland,0,7.4,70,Battery EV Cars,Rural (not London),0.0,5.50764480067e-06,3.06141782858e-06
2016,Scotland,0,7.4,70,Battery EV LGV,Rural (not London),0.0,7.46197929402e-06,4.17151613874e-06
2016,Scotland,0,7.4,70,Biogas Bus,Rural (not London),0.00069444446126,2.41506240855e-05,1.33018365887e-05
2016,Scotland,0,7.4,70,Biomethane Bus,Rural (not London),0.00069444446126,2.41506240855e-05,1.33018365887e-05
2016,Scotland,0,7.4,70,Bus and Coach,Rural (not London),0.00264747627079,0.000112724177598,9.74467111519e-05
2016,Scotland,0,7.4,70,CNG Bus,Rural (not London),0.00069444446126,2.41506240855e-05,1.33018365887e-05
2016,Scotland,0,7.4,70,Diesel Car,Rural (not London),0.000145540005178,3.38640820701e-05,3.00000356219e-05
2016,Scotland,0,7.4,70,E85 Bioethanol Cars,Rural (not London),0.000653253810015,5.75112062506e-06,3.29272006638e-06
2016,Scotland,0,7.4,70,E85 Bioethanol LGV,Rural (not London),0.000842502515297,7.70545557316e-06,4.40281837655e-06
2016,Scotland,0,7.4,70,FCEV Bus,Rural (not London),0.0,2.27617347264e-05,1.1982392607e-05
2016,Scotland,0,7.4,70,FCEV Cars,Rural (not London),0.0,5.50764480067e-06,3.06141782858e-06
2016,Scotland,0,7.4,70,FCEV LGV,Rural (not London),0.0,7.46197929402e-06,4.17151613874e-06
2016,Scotland,0,7.4,70,Full Hybrid Diesel Cars,Rural (not London),0.000133727662615,1.17193894766e-05,8.96257552085e-06
2016,Scotland,0,7.4,70,Full Hybrid Petrol Cars,Rural (not London),0.00045727766701,5.81198946747e-06,3.35054573952e-06
2016,Scotland,0,7.4,70,Full Hybrid Petrol LGV,Rural (not London),7.49118498788e-06,7.60025795898e-06,4.30288082498e-06
2016,Scotland,0,7.4,70,Hybrid Bus,Rural (not London),0.000441039883299,2.96947273455e-05,1.85687349585e-05
2016,Scotland,0,7.4,70,LGV,Rural (not London),0.000239065280766,6.92902540322e-05,6.29083733656e-05
2016,Scotland,0,7.4,70,LPG Cars,Rural (not London),8.11111094663e-05,5.81198946747e-06,3.35054573952e-06
2016,Scotland,0,7.4,70,LPG LGV,Rural (not London),0.000115139446279,7.76632441557e-06,4.46064404969e-06
2016,Scotland,0,7.4,70,Motorcycle,Rural (not London),9.25079293665e-05,5.72118187847e-06,4.46821832156e-06
2016,Scotland,0,7.4,70,Petrol Car,Rural (not London),0.000653253810015,5.81198946747e-06,3.35054573952e-06
2016,Scotland,0,7.4,70,Plug-In Hybrid Petrol Cars,Rural (not London),0.000326626905007,5.65981736145e-06,3.20598178405e-06
2016,Scotland,0,7.4,70,Plug-In Hybrid Petrol LGV,Rural (not London),0.000446366175311,7.620125416e-06,4.32175511378e-06
2016,Scotland,0,7.4,70,Rigid HGV,Rural (not London),0.00229423004203,0.000100656856375,8.59261999722e-05
2016,Scotland,0,7.4,80,Artic HGV,Rural (not London),0.00313161849044,0.000132218337967,0.000114602175017
2016,Scotland,0,7.4,80,B100 Artic HGV,Rural (not London),0.00257237465121,3.26741901517e-05,2.00352405955e-05
2016,Scotland,0,7.4,80,B100 Bus,Rural (not London),0.00171810516622,2.56029288721e-05,1.46815254993e-05
2016,Scotland,0,7.4,80,B100 Coach,Rural (not London),0.00203618733212,3.08589878841e-05,1.96747841983e-05
2016,Scotland,0,7.4,80,B100 Rigid HGV,Rural (not London),0.00182241748553,2.56482326222e-05,1.46680031321e-05
2016,Scotland,0,7.4,80,Battery EV Cars,Rural (not London),0.0,5.50764480067e-06,3.06141782858e-06
2016,Scotland,0,7.4,80,Battery EV LGV,Rural (not London),0.0,7.46197929402e-06,4.17151613874e-06
2016,Scotland,0,7.4,80,Biogas Bus,Rural (not London),0.00069444446126,2.41506240855e-05,1.33018365887e-05
2016,Scotland,0,7.4,80,Biomethane Bus,Rural (not London),0.00069444446126,2.41506240855e-05,1.33018365887e-05
2016,Scotland,0,7.4,80,Bus and Coach,Rural (not London),0.00256069586612,0.000106732404674,9.17545257835e-05
2016,Scotland,0,7.4,80,CNG Bus,Rural (not London),0.00069444446126,2.41506240855e-05,1.33018365887e-05
2016,Scotland,0,7.4,80,Diesel Car,Rural (not London),0.000149430823512,3.40785809385e-05,3.02038060909e-05
2016,Scotland,0,7.4,80,E85 Bioethanol Cars,Rural (not London),0.00070942187449,5.75112062506e-06,3.29272006638e-06
2016,Scotland,0,7.4,80,E85 Bioethanol LGV,Rural (not London),0.000893487944268,7.70545557316e-06,4.40281837655e-06
2016,Scotland,0,7.4,80,FCEV Bus,Rural (not London),0.0,2.27617347264e-05,1.1982392607e-05
2016,Scotland,0,7.4,80,FCEV Cars,Rural (not London),0.0,5.50764480067e-06,3.06141782858e-06
2016,Scotland,0,7.4,80,FCEV LGV,Rural (not London),0.0,7.46197929402e-06,4.17151613874e-06
2016,Scotland,0,7.4,80,Full Hybrid Diesel Cars,Rural (not London),0.000133586145239,1.16759720186e-05,8.92132902663e-06
2016,Scotland,0,7.4,80,Full Hybrid Petrol Cars,Rural (not London),0.000496595341247,5.81198946747e-06,3.35054573952e-06
2016,Scotland,0,7.4,80,Full Hybrid Petrol LGV,Rural (not London),7.6952692325e-06,7.60025795898e-06,4.30288082498e-06
2016,Scotland,0,7.4,80,Hybrid Bus,Rural (not London),0.000435059482697,3.03017859551e-05,1.9145440092e-05
2016,Scotland,0,7.4,80,LGV,Rural (not London),0.000249874807196,7.18298251741e-05,6.53209717711e-05
2016,Scotland,0,7.4,80,LPG Cars,Rural (not London),8.11111094663e-05,5.81198946747e-06,3.35054573952e-06
2016,Scotland,0,7.4,80,LPG LGV,Rural (not London),0.000120186625281,7.76632441557e-06,4.46064404969e-06
2016,Scotland,0,7.4,80,Motorcycle,Rural (not London),0.000108203908894,5.72118187847e-06,4.46821832156e-06
2016,Scotland,0,7.4,80,Petrol Car,Rural (not London),0.00070942187449,5.81198946747e-06,3.35054573952e-06
2016,Scotland,0,7.4,80,Plug-In Hybrid Petrol Cars,Rural (not London),0.000354710937245,5.65981736145e-06,3.20598178405e-06
2016,Scotland,0,7.4,80,Plug-In Hybrid Petrol LGV,Rural (not London),0.000474054599181,7.64980995882e-06,4.349955816e-06
2016,Scotland,0,7.4,80,Rigid HGV,Rural (not London),0.00225918577053,9.73325586529e-05,8.27681142255e-05
2016,Scotland,0,7.4,90,Artic HGV,Rural (not London),0.00302575156093,0.000123827849166,0.000106631217932
2016,Scotland,0,7.4,90,B100 Artic HGV,Rural (not London),0.002490733983,3.22894811688e-05,1.96697674255e-05
2016,Scotland,0,7.4,90,B100 Bus,Rural (not London),0.00167097325902,2.55721024587e-05,1.46522415889e-05
2016,Scotland,0,7.4,90,B100 Coach,Rural (not London),0.00198176107369,3.0297851481e-05,1.91417038877e-05
2016,Scotland,0,7.4,90,B100 Rigid HGV,Rural (not London),0.00181335909292,2.56040875684e-05,1.46260663314e-05
2016,Scotland,0,7.4,90,Battery EV Cars,Rural (not London),0.0,5.50764480067e-06,3.06141782858e-06
2016,Scotland,0,7.4,90,Battery EV LGV,Rural (not London),0.0,7.46197929402e-06,4.17151613874e-06
2016,Scotland,0,7.4,90,Biogas Bus,Rural (not London),0.00069444446126,2.41506240855e-05,1.33018365887e-05
2016,Scotland,0,7.4,90,Biomethane Bus,Rural (not London),0.00069444446126,2.41506240855e-05,1.33018365887e-05
2016,Scotland,0,7.4,90,Bus and Coach,Rural (not London),0.00251758960076,0.000103497550299,8.86814159458e-05
2016,Scotland,0,7.4,90,CNG Bus,Rural (not London),0.00069444446126,2.41506240855e-05,1.33018365887e-05
2016,Scotland,0,7.4,90,Diesel Car,Rural (not London),0.000159532937687,3.67812353943e-05,3.27713314618e-05
2016,Scotland,0,7.4,90,E85 Bioethanol Cars,Rural (not London),0.00077128270641,5.75906005906e-06,3.30026250595e-06
2016,Scotland,0,7.4,90,E85 Bioethanol LGV,Rural (not London),0.000945147592574,7.71339455241e-06,4.41036081611e-06
2016,Scotland,0,7.4,90,FCEV Bus,Rural (not London),0.0,2.27617347264e-05,1.1982392607e-05
2016,Scotland,0,7.4,90,FCEV Cars,Rural (not London),0.0,5.50764480067e-06,3.06141782858e-06
2016,Scotland,0,7.4,90,FCEV LGV,Rural (not London),0.0,7.46197929402e-06,4.17151613874e-06
2016,Scotland,0,7.4,90,Full Hybrid Diesel Cars,Rural (not London),0.000138910341775,1.18103107525e-05,9.04895023268e-06
2016,Scotland,0,7.4,90,Full Hybrid Petrol Cars,Rural (not London),0.000694154470693,5.82191387366e-06,3.35997378897e-06
2016,Scotland,0,7.4,90,Full Hybrid Petrol LGV,Rural (not London),1.05265380625e-05,7.65881122788e-06,4.35850643044e-06
2016,Scotland,0,7.4,90,Hybrid Bus,Rural (not London),0.000455785368104,3.10041432385e-05,1.9812679966e-05
2016,Scotland,0,7.4,90,LGV,Rural (not London),0.00030276880716,7.50050166971e-05,6.8337401899e-05
2016,Scotland,0,7.4,90,LPG Cars,Rural (not London),9.0555557108e-05,5.82191387366e-06,3.35997378897e-06
2016,Scotland,0,7.4,90,LPG LGV,Rural (not London),0.000127666615299,7.77624882176e-06,4.47007187176e-06
2016,Scotland,0,7.4,90,Motorcycle,Rural (not London),0.000125891063362,5.72118187847e-06,4.46821832156e-06
2016,Scotland,0,7.4,90,Petrol Car,Rural (not London),0.00077128270641,5.82191387366e-06,3.35997378897e-06
2016,Scotland,0,7.4,90,Plug-In Hybrid Petrol Cars,Rural (not London),0.000694154470693,5.79048719374e-06,3.33011826115e-06
2016,Scotland,0,7.4,90,Plug-In Hybrid Petrol LGV,Rural (not London),0.000850632844958,7.86560940469e-06,4.55496456198e-06
2016,Scotland,0,7.4,90,Rigid HGV,Rural (not London),0.00225075869821,9.59112730925e-05,8.14178929431e-05
2016,Scotland,0,7.4,100,Artic HGV,Rural (not London),0.00302575156093,0.000123827849166,0.000106631217932
2016,Scotland,0,7.4,100,B100 Artic HGV,Rural (not London),0.002490733983,3.22894811688e-05,1.96697674255e-05
2016,Scotland,0,7.4,100,B100 Bus,Rural (not London),0.00167097325902,2.55721024587e-05,1.46522415889e-05
2016,Scotland,0,7.4,100,B100 Coach,Rural (not London),0.00194974231999,2.9889646612e-05,1.87539080798e-05
2016,Scotland,0,7.4,100,B100 Rigid HGV,Rural (not London),0.00181335909292,2.56040875684e-05,1.46260663314e-05
2016,Scotland,0,7.4,100,Battery EV Cars,Rural (not London),0.0,5.50764480067e-06,3.06141782858e-06
2016,Scotland,0,7.4,100,Battery EV LGV,Rural (not London),0.0,7.46197929402e-06,4.17151613874e-06
2016,Scotland,0,7.4,100,Biogas Bus,Rural (not London),0.00069444446126,2.41506240855e-05,1.33018365887e-05
2016,Scotland,0,7.4,100,Biomethane Bus,Rural (not London),0.00069444446126,2.41506240855e-05,1.33018365887e-05
2016,Scotland,0,7.4,100,Bus and Coach,Rural (not London),0.00250816624612,0.000102515907201,8.77488564583e-05
2016,Scotland,0,7.4,100,CNG Bus,Rural (not London),0.00069444446126,2.41506240855e-05,1.33018365887e-05
2016,Scotland,0,7.4,100,Diesel Car,Rural (not London),0.000175846376806,4.19720527134e-05,3.77026044589e-05
2016,Scotland,0,7.4,100,E85 Bioethanol Cars,Rural (not London),0.000838836247567,5.75906005906e-06,3.30026250595e-06
2016,Scotland,0,7.4,100,E85 Bioethanol LGV,Rural (not London),0.00099748140201,7.71339455241e-06,4.41036081611e-06
2016,Scotland,0,7.4,100,FCEV Bus,Rural (not London),0.0,2.27617347264e-05,1.1982392607e-05
2016,Scotland,0,7.4,100,FCEV Cars,Rural (not London),0.0,5.50764480067e-06,3.06141782858e-06
2016,Scotland,0,7.4,100,FCEV LGV,Rural (not London),0.0,7.46197929402e-06,4.17151613874e-06
2016,Scotland,0,7.4,100,Full Hybrid Diesel Cars,Rural (not London),0.000150619103806,1.21224047689e-05,9.34544004849e-06
2016,Scotland,0,7.4,100,Full Hybrid Petrol Cars,Rural (not London),0.000754952663556,5.82191387366e-06,3.35997378897e-06
2016,Scotland,0,7.4,100,Full Hybrid Petrol LGV,Rural (not London),1.15293833005e-05,7.65881122788e-06,4.35850643044e-06
2016,Scotland,0,7.4,100,Hybrid Bus,Rural (not London),0.000455785368104,3.10041432385e-05,1.9812679966e-05
2016,Scotland,0,7.4,100,LGV,Rural (not London),0.000397747237002,7.88151737652e-05,7.19570525689e-05
2016,Scotland,0,7.4,100,LPG Cars,Rural (not London),9.0555557108e-05,5.82191387366e-06,3.35997378897e-06
2016,Scotland,0,7.4,100,LPG LGV,Rural (not London),0.00014301284682,7.77624882176e-06,4.47007187176e-06
2016,Scotland,0,7.4,100,Motorcycle,Rural (not London),0.000145122481626,5.72118187847e-06,4.46821832156e-06
2016,Scotland,0,7.4,100,Petrol Car,Rural (not London),0.000838836247567,5.82191387366e-06,3.35997378897e-06
2016,Scotland,0,7.4,100,Plug-In Hybrid Petrol Cars,Rural (not London),0.000754952663556,5.79048719374e-06,3.33011826115e-06
2016,Scotland,0,7.4,100,Plug-In Hybrid Petrol LGV,Rural (not London),0.000897733261809,7.94877450971e-06,4.63397145722e-06
2016,Scotland,0,7.4,100,Rigid HGV,Rural (not London),0.00225075869821,9.59112730925e-05,8.14178929431e-05
2016,Scotland,0,7.4,110,Artic HGV,Rural (not London),0.00302575156093,0.000123827849166,0.000106631217932
2016,Scotland,0,7.4,110,B100 Artic HGV,Rural (not London),0.002490733983,3.22894811688e-05,1.96697674255e-05
2016,Scotland,0,7.4,110,B100 Bus,Rural (not London),0.00167097325902,2.55721024587e-05,1.46522415889e-05
2016,Scotland,0,7.4,110,B100 Coach,Rural (not London),0.00194049323909,2.97962760669e-05,1.86652068805e-05
2016,Scotland,0,7.4,110,B100 Rigid HGV,Rural (not London),0.00181335909292,2.56040875684e-05,1.46260663314e-05
2016,Scotland,0,7.4,110,Battery EV Cars,Rural (not London),0.0,5.50764480067e-06,3.06141782858e-06
2016,Scotland,0,7.4,110,Battery EV LGV,Rural (not London),0.0,7.46197929402e-06,4.17151613874e-06
2016,Scotland,0,7.4,110,Biogas Bus,Rural (not London),0.00069444446126,2.41506240855e-05,1.33018365887e-05
2016,Scotland,0,7.4,110,Biomethane Bus,Rural (not London),0.00069444446126,2.41506240855e-05,1.33018365887e-05
2016,Scotland,0,7.4,110,Bus and Coach,Rural (not London),0.00250562350266,0.000102109981526,8.73632234288e-05
2016,Scotland,0,7.4,110,CNG Bus,Rural (not London),0.00069444446126,2.41506240855e-05,1.33018365887e-05
2016,Scotland,0,7.4,110,Diesel Car,Rural (not London),0.000198371126316,4.96510256198e-05,4.4997632358e-05
2016,Scotland,0,7.4,110,E85 Bioethanol Cars,Rural (not London),0.000912082556169,5.75906005906e-06,3.30026250595e-06
2016,Scotland,0,7.4,110,E85 Bioethanol LGV,Rural (not London),0.00105048948899,7.71339455241e-06,4.41036081611e-06
2016,Scotland,0,7.4,110,FCEV Bus,Rural (not London),0.0,2.27617347264e-05,1.1982392607e-05
2016,Scotland,0,7.4,110,FCEV Cars,Rural (not London),0.0,5.50764480067e-06,3.06141782858e-06
2016,Scotland,0,7.4,110,FCEV LGV,Rural (not London),0.0,7.46197929402e-06,4.17151613874e-06
2016,Scotland,0,7.4,110,Full Hybrid Diesel Cars,Rural (not London),0.000170342624187,1.26122540678e-05,9.81079665507e-06
2016,Scotland,0,7.4,110,Full Hybrid Petrol Cars,Rural (not London),0.000820874294732,5.82191387366e-06,3.35997378897e-06
2016,Scotland,0,7.4,110,Full Hybrid Petrol LGV,Rural (not London),1.29024547277e-05,7.65881122788e-06,4.35850643044e-06
2016,Scotland,0,7.4,110,Hybrid Bus,Rural (not London),0.000455785368104,3.10041432385e-05,1.9812679966e-05
2016,Scotland,0,7.4,110,LGV,Rural (not London),0.000534810125828,8.32606165204e-05,7.6180222095e-05
2016,Scotland,0,7.4,110,LPG Cars,Rural (not London),9.0555557108e-05,5.82191387366e-06,3.35997378897e-06
2016,Scotland,0,7.4,110,LPG LGV,Rural (not London),0.000163551521837,7.77624882176e-06,4.47007187176e-06
2016,Scotland,0,7.4,110,Motorcycle,Rural (not London),0.000165591336554,5.72118187847e-06,4.46821832156e-06
2016,Scotland,0,7.4,110,Petrol Car,Rural (not London),0.000912082556169,5.82191387366e-06,3.35997378897e-06
2016,Scotland,0,7.4,110,Plug-In Hybrid Petrol Cars,Rural (not London),0.000820874294732,5.79048719374e-06,3.33011826115e-06
2016,Scotland,0,7.4,110,Plug-In Hybrid Petrol LGV,Rural (not London),0.000945440493524,8.05766558187e-06,4.73741783935e-06
2016,Scotland,0,7.4,110,Rigid HGV,Rural (not London),0.00225075869821,9.59112730925e-05,8.14178929431e-05
2016,Scotland,0,7.4,120,Artic HGV,Rural (not London),0.00302575156093,0.000123827849166,0.000106631217932
2016,Scotland,0,7.4,120,B100 Artic HGV,Rural (not London),0.002490733983,3.22894811688e-05,1.96697674255e-05
2016,Scotland,0,7.4,120,B100 Bus,Rural (not London),0.00167097325902,2.55721024587e-05,1.46522415889e-05
2016,Scotland,0,7.4,120,B100 Coach,Rural (not London),0.00194049323909,2.97962760669e-05,1.86652068805e-05
2016,Scotland,0,7.4,120,B100 Rigid HGV,Rural (not London),0.00181335909292,2.56040875684e-05,1.46260663314e-05
2016,Scotland,0,7.4,120,Battery EV Cars,Rural (not London),0.0,5.50764480067e-06,3.06141782858e-06
2016,Scotland,0,7.4,120,Battery EV LGV,Rural (not London),0.0,7.46197929402e-06,4.17151613874e-06
2016,Scotland,0,7.4,120,Biogas Bus,Rural (not London),0.00069444446126,2.41506240855e-05,1.33018365887e-05
2016,Scotland,0,7.4,120,Biomethane Bus,Rural (not London),0.00069444446126,2.41506240855e-05,1.33018365887e-05
2016,Scotland,0,7.4,120,Bus and Coach,Rural (not London),0.00250562350266,0.000102109981526,8.73632234288e-05
2016,Scotland,0,7.4,120,CNG Bus,Rural (not London),0.00069444446126,2.41506240855e-05,1.33018365887e-05
2016,Scotland,0,7.4,120,Diesel Car,Rural (not London),0.000227107171668,5.98181613896e-05,5.46564078832e-05
2016,Scotland,0,7.4,120,E85 Bioethanol Cars,Rural (not London),0.000991021515802,5.75906005906e-06,3.30026250595e-06
2016,Scotland,0,7.4,120,E85 Bioethanol LGV,Rural (not London),0.00106416479684,7.71339455241e-06,4.41036081611e-06
2016,Scotland,0,7.4,120,FCEV Bus,Rural (not London),0.0,2.27617347264e-05,1.1982392607e-05
2016,Scotland,0,7.4,120,FCEV Cars,Rural (not London),0.0,5.50764480067e-06,3.06141782858e-06
2016,Scotland,0,7.4,120,FCEV LGV,Rural (not London),0.0,7.46197929402e-06,4.17151613874e-06
2016,Scotland,0,7.4,120,Full Hybrid Diesel Cars,Rural (not London),0.000200883136131,1.32798595587e-05,1.04450218714e-05
2016,Scotland,0,7.4,120,Full Hybrid Petrol Cars,Rural (not London),0.000891919422429,5.82191387366e-06,3.35997378897e-06
2016,Scotland,0,7.4,120,Full Hybrid Petrol LGV,Rural (not London),1.46457514347e-05,7.65881122788e-06,4.35850643044e-06
2016,Scotland,0,7.4,120,Hybrid Bus,Rural (not London),0.000455785368104,3.10041432385e-05,1.9812679966e-05
2016,Scotland,0,7.4,120,LGV,Rural (not London),0.000536810664926,8.38679334265e-05,7.675717643e-05
2016,Scotland,0,7.4,120,LPG Cars,Rural (not London),9.0555557108e-05,5.82191387366e-06,3.35997378897e-06
2016,Scotland,0,7.4,120,LPG LGV,Rural (not London),0.000164973724168,7.77624882176e-06,4.47007187176e-06
2016,Scotland,0,7.4,120,Motorcycle,Rural (not London),0.000196419976419,5.72118187847e-06,4.46821832156e-06
2016,Scotland,0,7.4,120,Petrol Car,Rural (not London),0.000991021515802,5.82191387366e-06,3.35997378897e-06
2016,Scotland,0,7.4,120,Plug-In Hybrid Petrol Cars,Rural (not London),0.000891919422429,5.79048719374e-06,3.33011826115e-06
2016,Scotland,0,7.4,120,Plug-In Hybrid Petrol LGV,Rural (not London),0.000957748328801,8.20387776912e-06,4.87631950818e-06
2016,Scotland,0,7.4,120,Rigid HGV,Rural (not London),0.00225075869821,9.59112730925e-05,8.14178929431e-05
2016,Scotland,0,7.4,130,Artic HGV,Rural (not London),0.00302575156093,0.000123827849166,0.000106631217932
2016,Scotland,0,7.4,130,B100 Artic HGV,Rural (not London),0.002490733983,3.22894811688e-05,1.96697674255e-05
2016,Scotland,0,7.4,130,B100 Bus,Rural (not London),0.00167097325902,2.55721024587e-05,1.46522415889e-05
2016,Scotland,0,7.4,130,B100 Coach,Rural (not London),0.00194049323909,2.97962760669e-05,1.86652068805e-05
2016,Scotland,0,7.4,130,B100 Rigid HGV,Rural (not London),0.00181335909292,2.56040875684e-05,1.46260663314e-05
2016,Scotland,0,7.4,130,Battery EV Cars,Rural (not London),0.0,5.50764480067e-06,3.06141782858e-06
2016,Scotland,0,7.4,130,Battery EV LGV,Rural (not London),0.0,7.46197929402e-06,4.17151613874e-06
2016,Scotland,0,7.4,130,Biogas Bus,Rural (not London),0.00069444446126,2.41506240855e-05,1.33018365887e-05
2016,Scotland,0,7.4,130,Biomethane Bus,Rural (not London),0.00069444446126,2.41506240855e-05,1.33018365887e-05
2016,Scotland,0,7.4,130,Bus and Coach,Rural (not London),0.00250562350266,0.000102109981526,8.73632234288e-05
2016,Scotland,0,7.4,130,CNG Bus,Rural (not London),0.00069444446126,2.41506240855e-05,1.33018365887e-05
2016,Scotland,0,7.4,130,Diesel Car,Rural (not London),0.000262054527411,7.24734563846e-05,6.66789419483e-05
2016,Scotland,0,7.4,130,E85 Bioethanol Cars,Rural (not London),0.00107565324288,5.75906005906e-06,3.30026250595e-06
2016,Scotland,0,7.4,130,E85 Bioethanol LGV,Rural (not London),0.00107851438224,7.71339455241e-06,4.41036081611e-06
2016,Scotland,0,7.4,130,FCEV Bus,Rural (not London),0.0,2.27617347264e-05,1.1982392607e-05
2016,Scotland,0,7.4,130,FCEV Cars,Rural (not London),0.0,5.50764480067e-06,3.06141782858e-06
2016,Scotland,0,7.4,130,FCEV LGV,Rural (not London),0.0,7.46197929402e-06,4.17151613874e-06
2016,Scotland,0,7.4,130,Full Hybrid Diesel Cars,Rural (not London),0.000247190648224,1.41252212416e-05,1.12481156975e-05
2016,Scotland,0,7.4,130,Full Hybrid Petrol Cars,Rural (not London),0.00096808798844,5.82191387366e-06,3.35997378897e-06
2016,Scotland,0,7.4,130,Full Hybrid Petrol LGV,Rural (not London),1.47275250129e-05,7.65881122788e-06,4.35850643044e-06
2016,Scotland,0,7.4,130,Hybrid Bus,Rural (not London),0.000455785368104,3.10041432385e-05,1.9812679966e-05
2016,Scotland,0,7.4,130,LGV,Rural (not London),0.000539173139259,8.46238763188e-05,7.74753207224e-05
2016,Scotland,0,7.4,130,LPG Cars,Rural (not London),9.0555557108e-05,5.82191387366e-06,3.35997378897e-06
2016,Scotland,0,7.4,130,LPG LGV,Rural (not London),0.000164973724168,7.77624882176e-06,4.47007187176e-06
2016,Scotland,0,7.4,130,Motorcycle,Rural (not London),0.00024659227347,5.72118187847e-06,4.46821832156e-06
2016,Scotland,0,7.4,130,Petrol Car,Rural (not London),0.00107565324288,5.82191387366e-06,3.35997378897e-06
2016,Scotland,0,7.4,130,Plug-In Hybrid Petrol Cars,Rural (not London),0.00096808798844,5.79048719374e-06,3.33011826115e-06
2016,Scotland,0,7.4,130,Plug-In Hybrid Petrol LGV,Rural (not London),0.000970662920736,8.40423581394e-06,5.06665946887e-06
2016,Scotland,0,7.4,130,Rigid HGV,Rural (not London),0.00225075869821,9.59112730925e-05,8.14178929431e-05
2016,Scotland,0,7.4,140,Artic HGV,Rural (not London),0.00302575156093,0.000123827849166,0.000106631217932
2016,Scotland,0,7.4,140,B100 Artic HGV,Rural (not London),0.002490733983,3.22894811688e-05,1.96697674255e-05
2016,Scotland,0,7.4,140,B100 Bus,Rural (not London),0.00167097325902,2.55721024587e-05,1.46522415889e-05
2016,Scotland,0,7.4,140,B100 Coach,Rural (not London),0.00194049323909,2.97962760669e-05,1.86652068805e-05
2016,Scotland,0,7.4,140,B100 Rigid HGV,Rural (not London),0.00181335909292,2.56040875684e-05,1.46260663314e-05
2016,Scotland,0,7.4,140,Battery EV Cars,Rural (not London),0.0,5.50764480067e-06,3.06141782858e-06
2016,Scotland,0,7.4,140,Battery EV LGV,Rural (not London),0.0,7.46197929402e-06,4.17151613874e-06
2016,Scotland,0,7.4,140,Biogas Bus,Rural (not London),0.00069444446126,2.41506240855e-05,1.33018365887e-05
2016,Scotland,0,7.4,140,Biomethane Bus,Rural (not London),0.00069444446126,2.41506240855e-05,1.33018365887e-05
2016,Scotland,0,7.4,140,Bus and Coach,Rural (not London),0.00250562350266,0.000102109981526,8.73632234288e-05
2016,Scotland,0,7.4,140,CNG Bus,Rural (not London),0.00069444446126,2.41506240855e-05,1.33018365887e-05
2016,Scotland,0,7.4,140,Diesel Car,Rural (not London),0.000262054527411,7.24734563846e-05,6.66789419483e-05
2016,Scotland,0,7.4,140,E85 Bioethanol Cars,Rural (not London),0.00107565324288,5.75906005906e-06,3.30026250595e-06
2016,Scotland,0,7.4,140,E85 Bioethanol LGV,Rural (not London),0.00107851438224,7.71339455241e-06,4.41036081611e-06
2016,Scotland,0,7.4,140,FCEV Bus,Rural (not London),0.0,2.27617347264e-05,1.1982392607e-05
2016,Scotland,0,7.4,140,FCEV Cars,Rural (not London),0.0,5.50764480067e-06,3.06141782858e-06
2016,Scotland,0,7.4,140,FCEV LGV,Rural (not London),0.0,7.46197929402e-06,4.17151613874e-06
2016,Scotland,0,7.4,140,Full Hybrid Diesel Cars,Rural (not London),0.000247190648224,1.41252212416e-05,1.12481156975e-05
2016,Scotland,0,7.4,140,Full Hybrid Petrol Cars,Rural (not London),0.00096808798844,5.82191387366e-06,3.35997378897e-06
2016,Scotland,0,7.4,140,Full Hybrid Petrol LGV,Rural (not London),1.47275250129e-05,7.65881122788e-06,4.35850643044e-06
2016,Scotland,0,7.4,140,Hybrid Bus,Rural (not London),0.000455785368104,3.10041432385e-05,1.9812679966e-05
2016,Scotland,0,7.4,140,LGV,Rural (not London),0.000539173139259,8.46238763188e-05,7.74753207224e-05
2016,Scotland,0,7.4,140,LPG Cars,Rural (not London),9.0555557108e-05,5.82191387366e-06,3.35997378897e-06
2016,Scotland,0,7.4,140,LPG LGV,Rural (not London),0.000164973724168,7.77624882176e-06,4.47007187176e-06
2016,Scotland,0,7.4,140,Motorcycle,Rural (not London),0.000329444563249,5.72118187847e-06,4.46821832156e-06
2016,Scotland,0,7.4,140,Petrol Car,Rural (not London),0.00107565324288,5.82191387366e-06,3.35997378897e-06
2016,Scotland,0,7.4,140,Plug-In Hybrid Petrol Cars,Rural (not London),0.00096808798844,5.79048719374e-06,3.33011826115e-06
2016,Scotland,0,7.4,140,Plug-In Hybrid Petrol LGV,Rural (not London),0.000970662920736,8.61939042807e-06,5.27105703441e-06
2016,Scotland,0,7.4,140,Rigid HGV,Rural (not London),0.00225075869821,9.59112730925e-05,8.14178929431e-05
2016,Scotland,0,7.4,5,Artic HGV,Urban (not London),0.00761536788195,0.000359413243132,0.000326187961036
2016,Scotland,0,7.4,5,B100 Artic HGV,Urban (not London),0.00667868088931,5.23658236489e-05,3.44929139828e-05
2016,Scotland,0,7.4,5,B100 Bus,Urban (not London),0.0045799841173,4.04652055295e-05,2.44425700657e-05
2016,Scotland,0,7.4,5,B100 Coach,Urban (not London),0.00632201088592,6.52221642667e-05,4.7961682867e-05
2016,Scotland,0,7.4,5,B100 Rigid HGV,Urban (not London),0.00409103464335,4.04329839512e-05,2.4784128982e-05
2016,Scotland,0,7.4,5,Battery EV Cars,Urban (not London),0.0,7.75497937866e-06,4.12188956034e-06
2016,Scotland,0,7.4,5,Battery EV LGV,Urban (not London),0.0,1.09782886284e-05,5.83317932978e-06
2016,Scotland,0,7.4,5,Biogas Bus,Urban (not London),0.00069444446126,3.27659035975e-05,1.71282354131e-05
2016,Scotland,0,7.4,5,Biomethane Bus,Urban (not London),0.00069444446126,3.27659035975e-05,1.71282354131e-05
2016,Scotland,0,7.4,5,Bus and Coach,Urban (not London),0.00646903645247,0.000422218610765,0.000387108302675
2016,Scotland,0,7.4,5,CNG Bus,Urban (not London),0.00069444446126,3.27659035975e-05,1.71282354131e-05
2016,Scotland,0,7.4,5,Diesel Car,Urban (not London),0.000252632598858,8.70757867233e-05,7.94766601757e-05
2016,Scotland,0,7.4,5,E85 Bioethanol Cars,Urban (not London),0.000435792579083,8.18106218503e-06,4.52666836281e-06
2016,Scotland,0,7.4,5,E85 Bioethanol LGV,Urban (not London),0.000550748081878,1.14043714348e-05,6.23795813226e-06
2016,Scotland,0,7.4,5,FCEV Bus,Urban (not London),0.0,3.13770142384e-05,1.58087914315e-05
2016,Scotland,0,7.4,5,FCEV Cars,Urban (not London),0.0,7.75497937866e-06,4.12188956034e-06
2016,Scotland,0,7.4,5,FCEV LGV,Urban (not London),0.0,1.09782886284e-05,5.83317932978e-06
2016,Scotland,0,7.4,5,Full Hybrid Diesel Cars,Urban (not London),0.00027608484379,1.79600974661e-05,1.3816752471e-05
2016,Scotland,0,7.4,5,Full Hybrid Petrol Cars,Urban (not London),0.000217896289541,8.287583114e-06,4.62786329081e-06
2016,Scotland,0,7.4,5,Full Hybrid Petrol LGV,Urban (not London),1.35751561174e-05,1.11900071715e-05,6.03431180934e-06
2016,Scotland,0,7.4,5,Hybrid Bus,Urban (not London),0.00397092988715,5.11762082169e-05,3.4618027712e-05
2016,Scotland,0,7.4,5,LGV,Urban (not London),0.00105798570439,7.09181695129e-05,6.27760673524e-05
2016,Scotland,0,7.4,5,LPG Cars,Urban (not London),8.80555526237e-05,8.287583114e-06,4.62786329081e-06
2016,Scotland,0,7.4,5,LPG LGV,Urban (not London),0.000261580717051,1.15108923637e-05,6.33915260551e-06
2016,Scotland,0,7.4,5,Motorcycle,Urban (not London),4.92688486702e-05,9.31325757847e-06,7.35287767384e-06
2016,Scotland,0,7.4,5,Petrol Car,Urban (not London),0.000435792579083,8.287583114e-06,4.62786329081e-06
2016,Scotland,0,7.4,5,Plug-In Hybrid Petrol Cars,Urban (not London),4.35792571807e-05,7.8082393884e-06,4.17248702433e-06
2016,Scotland,0,7.4,5,Plug-In Hybrid Petrol LGV,Urban (not London),8.46194088808e-05,1.09994698505e-05,5.85330190006e-06
2016,Scotland,0,7.4,5,Rigid HGV,Urban (not London),0.00476405210793,0.000277631101198,0.000250122335274
2016,Scotland,0,7.4,6,Artic HGV,Urban (not London),0.00761536788195,0.000359413243132,0.000326187961036
2016,Scotland,0,7.4,6,B100 Artic HGV,Urban (not London),0.00667868088931,5.23658236489e-05,3.44929139828e-05
2016,Scotland,0,7.4,6,B100 Bus,Urban (not London),0.0045799841173,4.04652055295e-05,2.44425700657e-05
2016,Scotland,0,7.4,6,B100 Coach,Urban (not London),0.00632201088592,6.52221642667e-05,4.7961682867e-05
2016,Scotland,0,7.4,6,B100 Rigid HGV,Urban (not London),0.00409103464335,4.04329839512e-05,2.4784128982e-05
2016,Scotland,0,7.4,6,Battery EV Cars,Urban (not London),0.0,7.75497937866e-06,4.12188956034e-06
2016,Scotland,0,7.4,6,Battery EV LGV,Urban (not London),0.0,1.09782886284e-05,5.83317932978e-06
2016,Scotland,0,7.4,6,Biogas Bus,Urban (not London),0.00069444446126,3.27659035975e-05,1.71282354131e-05
2016,Scotland,0,7.4,6,Biomethane Bus,Urban (not London),0.00069444446126,3.27659035975e-05,1.71282354131e-05
2016,Scotland,0,7.4,6,Bus and Coach,Urban (not London),0.00646903645247,0.000422218610765,0.000387108302675
2016,Scotland,0,7.4,6,CNG Bus,Urban (not London),0.00069444446126,3.27659035975e-05,1.71282354131e-05
2016,Scotland,0,7.4,6,Diesel Car,Urban (not London),0.000252632598858,8.70757867233e-05,7.94766601757e-05
2016,Scotland,0,7.4,6,E85 Bioethanol Cars,Urban (not London),0.000435792579083,8.18106218503e-06,4.52666836281e-06
2016,Scotland,0,7.4,6,E85 Bioethanol LGV,Urban (not London),0.000550748081878,1.14043714348e-05,6.23795813226e-06
2016,Scotland,0,7.4,6,FCEV Bus,Urban (not London),0.0,3.13770142384e-05,1.58087914315e-05
2016,Scotland,0,7.4,6,FCEV Cars,Urban (not London),0.0,7.75497937866e-06,4.12188956034e-06
2016,Scotland,0,7.4,6,FCEV LGV,Urban (not London),0.0,1.09782886284e-05,5.83317932978e-06
2016,Scotland,0,7.4,6,Full Hybrid Diesel Cars,Urban (not London),0.00027608484379,1.79600974661e-05,1.3816752471e-05
2016,Scotland,0,7.4,6,Full Hybrid Petrol Cars,Urban (not London),0.000217896289541,8.287583114e-06,4.62786329081e-06
2016,Scotland,0,7.4,6,Full Hybrid Petrol LGV,Urban (not London),1.35213149406e-05,1.11900071715e-05,6.03431180934e-06
2016,Scotland,0,7.4,6,Hybrid Bus,Urban (not London),0.00343760405667,5.11762082169e-05,3.4618027712e-05
2016,Scotland,0,7.4,6,LGV,Urban (not London),0.00105798570439,7.09181695129e-05,6.27760673524e-05
2016,Scotland,0,7.4,6,LPG Cars,Urban (not London),8.80555526237e-05,8.287583114e-06,4.62786329081e-06
2016,Scotland,0,7.4,6,LPG LGV,Urban (not London),0.000261580717051,1.15108923637e-05,6.33915260551e-06
2016,Scotland,0,7.4,6,Motorcycle,Urban (not London),4.92688486702e-05,9.31325757847e-06,7.35287767384e-06
2016,Scotland,0,7.4,6,Petrol Car,Urban (not London),0.000435792579083,8.287583114e-06,4.62786329081e-06
2016,Scotland,0,7.4,6,Plug-In Hybrid Petrol Cars,Urban (not London),4.35792571807e-05,7.8082393884e-06,4.17248702433e-06
2016,Scotland,0,7.4,6,Plug-In Hybrid Petrol LGV,Urban (not London),8.46194088808e-05,1.09988350232e-05,5.85269845033e-06
2016,Scotland,0,7.4,6,Rigid HGV,Urban (not London),0.00476405210793,0.000277631101198,0.000250122335274
2016,Scotland,0,7.4,7,Artic HGV,Urban (not London),0.00761536788195,0.000359413243132,0.000326187961036
2016,Scotland,0,7.4,7,B100 Artic HGV,Urban (not London),0.00667868088931,5.23658236489e-05,3.44929139828e-05
2016,Scotland,0,7.4,7,B100 Bus,Urban (not London),0.0045799841173,4.04652055295e-05,2.44425700657e-05
2016,Scotland,0,7.4,7,B100 Coach,Urban (not London),0.00632201088592,6.52221642667e-05,4.7961682867e-05
2016,Scotland,0,7.4,7,B100 Rigid HGV,Urban (not London),0.00409103464335,4.04329839512e-05,2.4784128982e-05
2016,Scotland,0,7.4,7,Battery EV Cars,Urban (not London),0.0,7.75497937866e-06,4.12188956034e-06
2016,Scotland,0,7.4,7,Battery EV LGV,Urban (not London),0.0,1.09782886284e-05,5.83317932978e-06
2016,Scotland,0,7.4,7,Biogas Bus,Urban (not London),0.00069444446126,3.27659035975e-05,1.71282354131e-05
2016,Scotland,0,7.4,7,Biomethane Bus,Urban (not London),0.00069444446126,3.27659035975e-05,1.71282354131e-05
2016,Scotland,0,7.4,7,Bus and Coach,Urban (not London),0.00646903645247,0.000422218610765,0.000387108302675
2016,Scotland,0,7.4,7,CNG Bus,Urban (not London),0.00069444446126,3.27659035975e-05,1.71282354131e-05
2016,Scotland,0,7.4,7,Diesel Car,Urban (not London),0.000252632598858,8.70757867233e-05,7.94766601757e-05
2016,Scotland,0,7.4,7,E85 Bioethanol Cars,Urban (not London),0.000435792579083,8.18106218503e-06,4.52666836281e-06
2016,Scotland,0,7.4,7,E85 Bioethanol LGV,Urban (not London),0.000550748081878,1.14043714348e-05,6.23795813226e-06
2016,Scotland,0,7.4,7,FCEV Bus,Urban (not London),0.0,3.13770142384e-05,1.58087914315e-05
2016,Scotland,0,7.4,7,FCEV Cars,Urban (not London),0.0,7.75497937866e-06,4.12188956034e-06
2016,Scotland,0,7.4,7,FCEV LGV,Urban (not London),0.0,1.09782886284e-05,5.83317932978e-06
2016,Scotland,0,7.4,7,Full Hybrid Diesel Cars,Urban (not London),0.00027608484379,1.79600974661e-05,1.3816752471e-05
2016,Scotland,0,7.4,7,Full Hybrid Petrol Cars,Urban (not London),0.000217896289541,8.287583114e-06,4.62786329081e-06
2016,Scotland,0,7.4,7,Full Hybrid Petrol LGV,Urban (not London),1.34679821713e-05,1.11900071715e-05,6.03431180934e-06
2016,Scotland,0,7.4,7,Hybrid Bus,Urban (not London),0.00304097239859,5.11762082169e-05,3.4618027712e-05
2016,Scotland,0,7.4,7,LGV,Urban (not London),0.00105798570439,7.09181695129e-05,6.27760673524e-05
2016,Scotland,0,7.4,7,LPG Cars,Urban (not London),8.80555526237e-05,8.287583114e-06,4.62786329081e-06
2016,Scotland,0,7.4,7,LPG LGV,Urban (not London),0.000261580717051,1.15108923637e-05,6.33915260551e-06
2016,Scotland,0,7.4,7,Motorcycle,Urban (not London),4.92688486702e-05,9.31325757847e-06,7.35287767384e-06
2016,Scotland,0,7.4,7,Petrol Car,Urban (not London),0.000435792579083,8.287583114e-06,4.62786329081e-06
2016,Scotland,0,7.4,7,Plug-In Hybrid Petrol Cars,Urban (not London),4.35792571807e-05,7.8082393884e-06,4.17248702433e-06
2016,Scotland,0,7.4,7,Plug-In Hybrid Petrol LGV,Urban (not London),8.46194088808e-05,1.09981274363e-05,5.85202587899e-06
2016,Scotland,0,7.4,7,Rigid HGV,Urban (not London),0.00476405210793,0.000277631101198,0.000250122335274
2016,Scotland,0,7.4,8,Artic HGV,Urban (not London),0.00761536788195,0.000359413243132,0.000326187961036
2016,Scotland,0,7.4,8,B100 Artic HGV,Urban (not London),0.00667868088931,5.23658236489e-05,3.44929139828e-05
2016,Scotland,0,7.4,8,B100 Bus,Urban (not London),0.0045799841173,4.04652055295e-05,2.44425700657e-05
2016,Scotland,0,7.4,8,B100 Coach,Urban (not London),0.00632201088592,6.52221642667e-05,4.7961682867e-05
2016,Scotland,0,7.4,8,B100 Rigid HGV,Urban (not London),0.00409103464335,4.04329839512e-05,2.4784128982e-05
2016,Scotland,0,7.4,8,Battery EV Cars,Urban (not London),0.0,7.75497937866e-06,4.12188956034e-06
2016,Scotland,0,7.4,8,Battery EV LGV,Urban (not London),0.0,1.09782886284e-05,5.83317932978e-06
2016,Scotland,0,7.4,8,Biogas Bus,Urban (not London),0.00069444446126,3.27659035975e-05,1.71282354131e-05
2016,Scotland,0,7.4,8,Biomethane Bus,Urban (not London),0.00069444446126,3.27659035975e-05,1.71282354131e-05
2016,Scotland,0,7.4,8,Bus and Coach,Urban (not London),0.00646903645247,0.000422218610765,0.000387108302675
2016,Scotland,0,7.4,8,CNG Bus,Urban (not London),0.00069444446126,3.27659035975e-05,1.71282354131e-05
2016,Scotland,0,7.4,8,Diesel Car,Urban (not London),0.000252632598858,8.70757867233e-05,7.94766601757e-05
2016,Scotland,0,7.4,8,E85 Bioethanol Cars,Urban (not London),0.000435792579083,8.18106218503e-06,4.52666836281e-06
2016,Scotland,0,7.4,8,E85 Bioethanol LGV,Urban (not London),0.000550748081878,1.14043714348e-05,6.23795813226e-06
2016,Scotland,0,7.4,8,FCEV Bus,Urban (not London),0.0,3.13770142384e-05,1.58087914315e-05
2016,Scotland,0,7.4,8,FCEV Cars,Urban (not London),0.0,7.75497937866e-06,4.12188956034e-06
2016,Scotland,0,7.4,8,FCEV LGV,Urban (not London),0.0,1.09782886284e-05,5.83317932978e-06
2016,Scotland,0,7.4,8,Full Hybrid Diesel Cars,Urban (not London),0.00027608484379,1.79600974661e-05,1.3816752471e-05
2016,Scotland,0,7.4,8,Full Hybrid Petrol Cars,Urban (not London),0.000217896289541,8.287583114e-06,4.62786329081e-06
2016,Scotland,0,7.4,8,Full Hybrid Petrol LGV,Urban (not London),1.3415158719e-05,1.11900071715e-05,6.03431180934e-06
2016,Scotland,0,7.4,8,Hybrid Bus,Urban (not London),0.00274155149236,5.11762082169e-05,3.4618027712e-05
2016,Scotland,0,7.4,8,LGV,Urban (not London),0.00105798570439,7.09181695129e-05,6.27760673524e-05
2016,Scotland,0,7.4,8,LPG Cars,Urban (not London),8.80555526237e-05,8.287583114e-06,4.62786329081e-06
2016,Scotland,0,7.4,8,LPG LGV,Urban (not London),0.000261580717051,1.15108923637e-05,6.33915260551e-06
2016,Scotland,0,7.4,8,Motorcycle,Urban (not London),4.92688486702e-05,9.31325757847e-06,7.35287767384e-06
2016,Scotland,0,7.4,8,Petrol Car,Urban (not London),0.000435792579083,8.287583114e-06,4.62786329081e-06
2016,Scotland,0,7.4,8,Plug-In Hybrid Petrol Cars,Urban (not London),4.35792571807e-05,7.8082393884e-06,4.17248702433e-06
2016,Scotland,0,7.4,8,Plug-In Hybrid Petrol LGV,Urban (not London),8.46194088808e-05,1.09974835141e-05,5.85141424381e-06
2016,Scotland,0,7.4,8,Rigid HGV,Urban (not London),0.00476405210793,0.000277631101198,0.000250122335274
2016,Scotland,0,7.4,9,Artic HGV,Urban (not London),0.00761536788195,0.000359413243132,0.000326187961036
2016,Scotland,0,7.4,9,B100 Artic HGV,Urban (not London),0.00667868088931,5.23658236489e-05,3.44929139828e-05
2016,Scotland,0,7.4,9,B100 Bus,Urban (not London),0.0045799841173,4.04652055295e-05,2.44425700657e-05
2016,Scotland,0,7.4,9,B100 Coach,Urban (not London),0.00632201088592,6.52221642667e-05,4.7961682867e-05
2016,Scotland,0,7.4,9,B100 Rigid HGV,Urban (not London),0.00409103464335,4.04329839512e-05,2.4784128982e-05
2016,Scotland,0,7.4,9,Battery EV Cars,Urban (not London),0.0,7.75497937866e-06,4.12188956034e-06
2016,Scotland,0,7.4,9,Battery EV LGV,Urban (not London),0.0,1.09782886284e-05,5.83317932978e-06
2016,Scotland,0,7.4,9,Biogas Bus,Urban (not London),0.00069444446126,3.27659035975e-05,1.71282354131e-05
2016,Scotland,0,7.4,9,Biomethane Bus,Urban (not London),0.00069444446126,3.27659035975e-05,1.71282354131e-05
2016,Scotland,0,7.4,9,Bus and Coach,Urban (not London),0.00646903645247,0.000422218610765,0.000387108302675
2016,Scotland,0,7.4,9,CNG Bus,Urban (not London),0.00069444446126,3.27659035975e-05,1.71282354131e-05
2016,Scotland,0,7.4,9,Diesel Car,Urban (not London),0.000252632598858,8.70757867233e-05,7.94766601757e-05
2016,Scotland,0,7.4,9,E85 Bioethanol Cars,Urban (not London),0.000435792579083,8.18106218503e-06,4.52666836281e-06
2016,Scotland,0,7.4,9,E85 Bioethanol LGV,Urban (not London),0.000550748081878,1.14043714348e-05,6.23795813226e-06
2016,Scotland,0,7.4,9,FCEV Bus,Urban (not London),0.0,3.13770142384e-05,1.58087914315e-05
2016,Scotland,0,7.4,9,FCEV Cars,Urban (not London),0.0,7.75497937866e-06,4.12188956034e-06
2016,Scotland,0,7.4,9,FCEV LGV,Urban (not London),0.0,1.09782886284e-05,5.83317932978e-06
2016,Scotland,0,7.4,9,Full Hybrid Diesel Cars,Urban (not London),0.00027608484379,1.79600974661e-05,1.3816752471e-05
2016,Scotland,0,7.4,9,Full Hybrid Petrol Cars,Urban (not London),0.000217896289541,8.287583114e-06,4.62786329081e-06
2016,Scotland,0,7.4,9,Full Hybrid Petrol LGV,Urban (not London),1.33628445838e-05,1.11900071715e-05,6.03431180934e-06
2016,Scotland,0,7.4,9,Hybrid Bus,Urban (not London),0.00250743003562,5.11762082169e-05,3.4618027712e-05
2016,Scotland,0,7.4,9,LGV,Urban (not London),0.00105798570439,7.09181695129e-05,6.27760673524e-05
2016,Scotland,0,7.4,9,LPG Cars,Urban (not London),8.80555526237e-05,8.287583114e-06,4.62786329081e-06
2016,Scotland,0,7.4,9,LPG LGV,Urban (not London),0.000261580717051,1.15108923637e-05,6.33915260551e-06
2016,Scotland,0,7.4,9,Motorcycle,Urban (not London),4.92688486702e-05,9.31325757847e-06,7.35287767384e-06
2016,Scotland,0,7.4,9,Petrol Car,Urban (not London),0.000435792579083,8.287583114e-06,4.62786329081e-06
2016,Scotland,0,7.4,9,Plug-In Hybrid Petrol Cars,Urban (not London),4.35792571807e-05,7.8082393884e-06,4.17248702433e-06
2016,Scotland,0,7.4,9,Plug-In Hybrid Petrol LGV,Urban (not London),8.46194088808e-05,1.09969369078e-05,5.85089537708e-06
2016,Scotland,0,7.4,9,Rigid HGV,Urban (not London),0.00476405210793,0.000277631101198,0.000250122335274
2016,Scotland,0,7.4,10,Artic HGV,Urban (not London),0.00761536788195,0.000359413243132,0.000326187961036
2016,Scotland,0,7.4,10,B100 Artic HGV,Urban (not London),0.00667868088931,5.23658236489e-05,3.44929139828e-05
2016,Scotland,0,7.4,10,B100 Bus,Urban (not London),0.0045799841173,4.04652055295e-05,2.44425700657e-05
2016,Scotland,0,7.4,10,B100 Coach,Urban (not London),0.00632201088592,6.52221642667e-05,4.7961682867e-05
2016,Scotland,0,7.4,10,B100 Rigid HGV,Urban (not London),0.00409103464335,4.04329839512e-05,2.4784128982e-05
2016,Scotland,0,7.4,10,Battery EV Cars,Urban (not London),0.0,7.75497937866e-06,4.12188956034e-06
2016,Scotland,0,7.4,10,Battery EV LGV,Urban (not London),0.0,1.09782886284e-05,5.83317932978e-06
2016,Scotland,0,7.4,10,Biogas Bus,Urban (not London),0.00069444446126,3.27659035975e-05,1.71282354131e-05
2016,Scotland,0,7.4,10,Biomethane Bus,Urban (not London),0.00069444446126,3.27659035975e-05,1.71282354131e-05
2016,Scotland,0,7.4,10,Bus and Coach,Urban (not London),0.00646903645247,0.000422218610765,0.000387108302675
2016,Scotland,0,7.4,10,CNG Bus,Urban (not London),0.00069444446126,3.27659035975e-05,1.71282354131e-05
2016,Scotland,0,7.4,10,Diesel Car,Urban (not London),0.000252632598858,8.70757867233e-05,7.94766601757e-05
2016,Scotland,0,7.4,10,E85 Bioethanol Cars,Urban (not London),0.000435792579083,8.18106218503e-06,4.52666836281e-06
2016,Scotland,0,7.4,10,E85 Bioethanol LGV,Urban (not London),0.000550748081878,1.14043714348e-05,6.23795813226e-06
2016,Scotland,0,7.4,10,FCEV Bus,Urban (not London),0.0,3.13770142384e-05,1.58087914315e-05
2016,Scotland,0,7.4,10,FCEV Cars,Urban (not London),0.0,7.75497937866e-06,4.12188956034e-06
2016,Scotland,0,7.4,10,FCEV LGV,Urban (not London),0.0,1.09782886284e-05,5.83317932978e-06
2016,Scotland,0,7.4,10,Full Hybrid Diesel Cars,Urban (not London),0.00027608484379,1.79600974661e-05,1.3816752471e-05
2016,Scotland,0,7.4,10,Full Hybrid Petrol Cars,Urban (not London),0.000217896289541,8.287583114e-06,4.62786329081e-06
2016,Scotland,0,7.4,10,Full Hybrid Petrol LGV,Urban (not London),1.3311038856e-05,1.11900071715e-05,6.03431180934e-06
2016,Scotland,0,7.4,10,Hybrid Bus,Urban (not London),0.00231695338152,5.11762082169e-05,3.4618027712e-05
2016,Scotland,0,7.4,10,LGV,Urban (not London),0.00105798570439,7.09181695129e-05,6.27760673524e-05
2016,Scotland,0,7.4,10,LPG Cars,Urban (not London),8.80555526237e-05,8.287583114e-06,4.62786329081e-06
2016,Scotland,0,7.4,10,LPG LGV,Urban (not London),0.000261580717051,1.15108923637e-05,6.33915260551e-06
2016,Scotland,0,7.4,10,Motorcycle,Urban (not London),4.92688486702e-05,9.31325757847e-06,7.35287767384e-06
2016,Scotland,0,7.4,10,Petrol Car,Urban (not London),0.000435792579083,8.287583114e-06,4.62786329081e-06
2016,Scotland,0,7.4,10,Plug-In Hybrid Petrol Cars,Urban (not London),4.35792571807e-05,7.8082393884e-06,4.17248702433e-06
2016,Scotland,0,7.4,10,Plug-In Hybrid Petrol LGV,Urban (not London),8.46194088808e-05,1.09964885269e-05,5.85046927881e-06
2016,Scotland,0,7.4,10,Rigid HGV,Urban (not London),0.00476405210793,0.000277631101198,0.000250122335274
2016,Scotland,0,7.4,12,Artic HGV,Urban (not London),0.00761536788195,0.000359413243132,0.000326187961036
2016,Scotland,0,7.4,12,B100 Artic HGV,Urban (not London),0.00667868088931,5.23658236489e-05,3.44929139828e-05
2016,Scotland,0,7.4,12,B100 Bus,Urban (not London),0.00432474305853,3.99880591431e-05,2.39892833633e-05
2016,Scotland,0,7.4,12,B100 Coach,Urban (not London),0.00632201088592,6.32153387414e-05,4.60551964352e-05
2016,Scotland,0,7.4,12,B100 Rigid HGV,Urban (not London),0.00409103464335,4.04329839512e-05,2.4784128982e-05
2016,Scotland,0,7.4,12,Battery EV Cars,Urban (not London),0.0,7.75497937866e-06,4.12188956034e-06
2016,Scotland,0,7.4,12,Battery EV LGV,Urban (not London),0.0,1.09782886284e-05,5.83317932978e-06
2016,Scotland,0,7.4,12,Biogas Bus,Urban (not London),0.00069444446126,3.27659035975e-05,1.71282354131e-05
2016,Scotland,0,7.4,12,Biomethane Bus,Urban (not London),0.00069444446126,3.27659035975e-05,1.71282354131e-05
2016,Scotland,0,7.4,12,Bus and Coach,Urban (not London),0.00625792238861,0.000399229291361,0.000365268468158
2016,Scotland,0,7.4,12,CNG Bus,Urban (not London),0.00069444446126,3.27659035975e-05,1.71282354131e-05
2016,Scotland,0,7.4,12,Diesel Car,Urban (not London),0.000245460279984,8.39338463265e-05,7.64918149798e-05
2016,Scotland,0,7.4,12,E85 Bioethanol Cars,Urban (not London),0.00043973949505,8.18106218503e-06,4.52666836281e-06
2016,Scotland,0,7.4,12,E85 Bioethanol LGV,Urban (not London),0.000560082204174,1.14043714348e-05,6.23795813226e-06
2016,Scotland,0,7.4,12,FCEV Bus,Urban (not London),0.0,3.13770142384e-05,1.58087914315e-05
2016,Scotland,0,7.4,12,FCEV Cars,Urban (not London),0.0,7.75497937866e-06,4.12188956034e-06
2016,Scotland,0,7.4,12,FCEV LGV,Urban (not London),0.0,1.09782886284e-05,5.83317932978e-06
2016,Scotland,0,7.4,12,Full Hybrid Diesel Cars,Urban (not London),0.000260619359324,1.77238871402e-05,1.35923519338e-05
2016,Scotland,0,7.4,12,Full Hybrid Petrol Cars,Urban (not London),0.000219869747525,8.287583114e-06,4.62786329081e-06
2016,Scotland,0,7.4,12,Full Hybrid Petrol LGV,Urban (not London),1.29564023155e-05,1.11900071715e-05,6.03431180934e-06
2016,Scotland,0,7.4,12,Hybrid Bus,Urban (not London),0.00201882841066,4.91463833896e-05,3.26896915794e-05
2016,Scotland,0,7.4,12,LGV,Urban (not London),0.0010062790243,7.06129067112e-05,6.24860695098e-05
2016,Scotland,0,7.4,12,LPG Cars,Urban (not London),8.80555526237e-05,8.287583114e-06,4.62786329081e-06
2016,Scotland,0,7.4,12,LPG LGV,Urban (not London),0.000251243560342,1.15108923637e-05,6.33915260551e-06
2016,Scotland,0,7.4,12,Motorcycle,Urban (not London),5.03319133713e-05,9.31325757847e-06,7.35287767384e-06
2016,Scotland,0,7.4,12,Petrol Car,Urban (not London),0.00043973949505,8.287583114e-06,4.62786329081e-06
2016,Scotland,0,7.4,12,Plug-In Hybrid Petrol Cars,Urban (not London),4.39739524154e-05,7.8082393884e-06,4.17248702433e-06
2016,Scotland,0,7.4,12,Plug-In Hybrid Petrol LGV,Urban (not London),8.60859145178e-05,1.09954644358e-05,5.84949657423e-06
2016,Scotland,0,7.4,12,Rigid HGV,Urban (not London),0.00476405210793,0.000277631101198,0.000250122335274
2016,Scotland,0,7.4,14,Artic HGV,Urban (not London),0.00710966344923,0.000335749966325,0.000303707871353
2016,Scotland,0,7.4,14,B100 Artic HGV,Urban (not London),0.00615450460464,5.11898542754e-05,3.33757416229e-05
2016,Scotland,0,7.4,14,B100 Bus,Urban (not London),0.00392568437383,3.91742214561e-05,2.32161364693e-05
2016,Scotland,0,7.4,14,B100 Coach,Urban (not London),0.00561618898064,5.96350291744e-05,4.26539045293e-05
2016,Scotland,0,7.4,14,B100 Rigid HGV,Urban (not London),0.00373705918901,3.93038753828e-05,2.37114745687e-05
2016,Scotland,0,7.4,14,Battery EV Cars,Urban (not London),0.0,7.75497937866e-06,4.12188956034e-06
2016,Scotland,0,7.4,14,Battery EV LGV,Urban (not London),0.0,1.09782886284e-05,5.83317932978e-06
2016,Scotland,0,7.4,14,Biogas Bus,Urban (not London),0.00069444446126,3.27659035975e-05,1.71282354131e-05
2016,Scotland,0,7.4,14,Biomethane Bus,Urban (not London),0.00069444446126,3.27659035975e-05,1.71282354131e-05
2016,Scotland,0,7.4,14,Bus and Coach,Urban (not London),0.00570210348815,0.000352447881596,0.000320826104144
2016,Scotland,0,7.4,14,CNG Bus,Urban (not London),0.00069444446126,3.27659035975e-05,1.71282354131e-05
2016,Scotland,0,7.4,14,Diesel Car,Urban (not London),0.000238536405959,8.0891426478e-05,7.36015135772e-05
2016,Scotland,0,7.4,14,E85 Bioethanol Cars,Urban (not London),0.000443914148491,8.18106218503e-06,4.52666836281e-06
2016,Scotland,0,7.4,14,E85 Bioethanol LGV,Urban (not London),0.000569443276618,1.14043714348e-05,6.23795813226e-06
2016,Scotland,0,7.4,14,FCEV Bus,Urban (not London),0.0,3.13770142384e-05,1.58087914315e-05
2016,Scotland,0,7.4,14,FCEV Cars,Urban (not London),0.0,7.75497937866e-06,4.12188956034e-06
2016,Scotland,0,7.4,14,FCEV LGV,Urban (not London),0.0,1.09782886284e-05,5.83317932978e-06
2016,Scotland,0,7.4,14,Full Hybrid Diesel Cars,Urban (not London),0.000248000113061,1.74947872438e-05,1.33747062137e-05
2016,Scotland,0,7.4,14,Full Hybrid Petrol Cars,Urban (not London),0.000221957074245,8.287583114e-06,4.62786329081e-06
2016,Scotland,0,7.4,14,Full Hybrid Petrol LGV,Urban (not London),1.261419402e-05,1.11900071715e-05,6.03431180934e-06
2016,Scotland,0,7.4,14,Hybrid Bus,Urban (not London),0.00179031398147,4.75735869259e-05,3.11955336656e-05
2016,Scotland,0,7.4,14,LGV,Urban (not London),0.00095625576796,7.03330588294e-05,6.22202132945e-05
2016,Scotland,0,7.4,14,LPG Cars,Urban (not London),8.80555526237e-05,8.287583114e-06,4.62786329081e-06
2016,Scotland,0,7.4,14,LPG LGV,Urban (not London),0.000241842586547,1.15108923637e-05,6.33915260551e-06
2016,Scotland,0,7.4,14,Motorcycle,Urban (not London),5.12117730977e-05,9.31325757847e-06,7.35287767384e-06
2016,Scotland,0,7.4,14,Petrol Car,Urban (not London),0.000443914148491,8.287583114e-06,4.62786329081e-06
2016,Scotland,0,7.4,14,Plug-In Hybrid Petrol Cars,Urban (not London),4.43914141215e-05,7.8082393884e-06,4.17248702433e-06
2016,Scotland,0,7.4,14,Plug-In Hybrid Petrol LGV,Urban (not London),8.75659025041e-05,1.099475503e-05,5.84882218391e-06
2016,Scotland,0,7.4,14,Rigid HGV,Urban (not London),0.00437816698104,0.000251227087574,0.000225038515055
2016,Scotland,0,7.4,16,Artic HGV,Urban (not London),0.00669289613143,0.000314333534334,0.000283362227492
2016,Scotland,0,7.4,16,B100 Artic HGV,Urban (not London),0.00573557941243,5.01268259541e-05,3.23658678099e-05
2016,Scotland,0,7.4,16,B100 Bus,Urban (not London),0.0036260925699,3.85048588214e-05,2.25802432396e-05
2016,Scotland,0,7.4,16,B100 Coach,Urban (not London),0.00507896579802,5.68622053834e-05,4.00197241106e-05
2016,Scotland,0,7.4,16,B100 Rigid HGV,Urban (not London),0.00346160726622,3.84318263968e-05,2.28830267588e-05
2016,Scotland,0,7.4,16,Battery EV Cars,Urban (not London),0.0,7.75497937866e-06,4.12188956034e-06
2016,Scotland,0,7.4,16,Battery EV LGV,Urban (not London),0.0,1.09782886284e-05,5.83317932978e-06
2016,Scotland,0,7.4,16,Biogas Bus,Urban (not London),0.00069444446126,3.27659035975e-05,1.71282354131e-05
2016,Scotland,0,7.4,16,Biomethane Bus,Urban (not London),0.00069444446126,3.27659035975e-05,1.71282354131e-05
2016,Scotland,0,7.4,16,Bus and Coach,Urban (not London),0.0052693542093,0.000316722143907,0.000286886672257
2016,Scotland,0,7.4,16,CNG Bus,Urban (not London),0.00069444446126,3.27659035975e-05,1.71282354131e-05
2016,Scotland,0,7.4,16,Diesel Car,Urban (not London),0.000231861005886,7.79485344538e-05,7.08057632437e-05
2016,Scotland,0,7.4,16,E85 Bioethanol Cars,Urban (not London),0.000448316481197,8.18106218503e-06,4.52666836281e-06
2016,Scotland,0,7.4,16,E85 Bioethanol LGV,Urban (not London),0.000578831299208,1.14043714348e-05,6.23795813226e-06
2016,Scotland,0,7.4,16,FCEV Bus,Urban (not London),0.0,3.13770142384e-05,1.58087914315e-05
2016,Scotland,0,7.4,16,FCEV Cars,Urban (not London),0.0,7.75497937866e-06,4.12188956034e-06
2016,Scotland,0,7.4,16,FCEV LGV,Urban (not London),0.0,1.09782886284e-05,5.83317932978e-06
2016,Scotland,0,7.4,16,Full Hybrid Diesel Cars,Urban (not London),0.00023726055224,1.7272795958e-05,1.31638162202e-05
2016,Scotland,0,7.4,16,Full Hybrid Petrol Cars,Urban (not London),0.000224158240599,8.287583114e-06,4.62786329081e-06
2016,Scotland,0,7.4,16,Full Hybrid Petrol LGV,Urban (not London),1.22844139696e-05,1.11900071715e-05,6.03431180934e-06
2016,Scotland,0,7.4,16,Hybrid Bus,Urban (not London),0.00160647102166,4.63174837932e-05,3.00022365991e-05
2016,Scotland,0,7.4,16,LGV,Urban (not London),0.000907915818971,7.00786258676e-05,6.19784987066e-05
2016,Scotland,0,7.4,16,LPG Cars,Urban (not London),8.80555526237e-05,8.287583114e-06,4.62786329081e-06
2016,Scotland,0,7.4,16,LPG LGV,Urban (not London),0.000233199534705,1.15108923637e-05,6.33915260551e-06
2016,Scotland,0,7.4,16,Motorcycle,Urban (not London),5.19433779118e-05,9.31325757847e-06,7.35287767384e-06
2016,Scotland,0,7.4,16,Petrol Car,Urban (not London),0.000448316481197,8.287583114e-06,4.62786329081e-06
2016,Scotland,0,7.4,16,Plug-In Hybrid Petrol Cars,Urban (not London),4.48316495749e-05,7.8082393884e-06,4.17248702433e-06
2016,Scotland,0,7.4,16,Plug-In Hybrid Petrol LGV,Urban (not London),8.905937284e-05,1.09942875497e-05,5.84837789575e-06
2016,Scotland,0,7.4,16,Rigid HGV,Urban (not London),0.00407646875829,0.00023049984884,0.000205347649171
2016,Scotland,0,7.4,18,Artic HGV,Urban (not London),0.00634188111871,0.000294908881187,0.000264908798272
2016,Scotland,0,7.4,18,B100 Artic HGV,Urban (not London),0.00539127271622,4.91637583764e-05,3.14509525197e-05
2016,Scotland,0,7.4,18,B100 Bus,Urban (not London),0.00339138717391,3.79450939363e-05,2.20484671445e-05
2016,Scotland,0,7.4,18,B100 Coach,Urban (not London),0.00465612718835,5.4647334764e-05,3.79155935661e-05
2016,Scotland,0,7.4,18,B100 Rigid HGV,Urban (not London),0.00324074341916,3.77378419216e-05,2.22237413254e-05
2016,Scotland,0,7.4,18,Battery EV Cars,Urban (not London),0.0,7.75497937866e-06,4.12188956034e-06
2016,Scotland,0,7.4,18,Battery EV LGV,Urban (not London),0.0,1.09782886284e-05,5.83317932978e-06
2016,Scotland,0,7.4,18,Biogas Bus,Urban (not London),0.00069444446126,3.27659035975e-05,1.71282354131e-05
2016,Scotland,0,7.4,18,Biomethane Bus,Urban (not London),0.00069444446126,3.27659035975e-05,1.71282354131e-05
2016,Scotland,0,7.4,18,Bus and Coach,Urban (not London),0.00492199184373,0.000288555194857,0.000260128057562
2016,Scotland,0,7.4,18,CNG Bus,Urban (not London),0.00069444446126,3.27659035975e-05,1.71282354131e-05
2016,Scotland,0,7.4,18,Diesel Car,Urban (not London),0.000225434050662,7.51051702537e-05,6.81045712554e-05
2016,Scotland,0,7.4,18,E85 Bioethanol Cars,Urban (not London),0.000452946522273,8.18106218503e-06,4.52666836281e-06
2016,Scotland,0,7.4,18,E85 Bioethanol LGV,Urban (not London),0.000588246330153,1.14043714348e-05,6.23795813226e-06
2016,Scotland,0,7.4,18,FCEV Bus,Urban (not London),0.0,3.13770142384e-05,1.58087914315e-05
2016,Scotland,0,7.4,18,FCEV Cars,Urban (not London),0.0,7.75497937866e-06,4.12188956034e-06
2016,Scotland,0,7.4,18,FCEV LGV,Urban (not London),0.0,1.09782886284e-05,5.83317932978e-06
2016,Scotland,0,7.4,18,Full Hybrid Diesel Cars,Urban (not London),0.000227859200095,1.70579169207e-05,1.29596801344e-05
2016,Scotland,0,7.4,18,Full Hybrid Petrol Cars,Urban (not London),0.000226473261137,8.287583114e-06,4.62786329081e-06
2016,Scotland,0,7.4,18,Full Hybrid Petrol LGV,Urban (not London),1.19670639833e-05,1.11900071715e-05,6.03431180934e-06
2016,Scotland,0,7.4,18,Hybrid Bus,Urban (not London),0.00145406892989,4.5288074034e-05,2.90242969641e-05
2016,Scotland,0,7.4,18,LGV,Urban (not London),0.00086125935195,6.98496005498e-05,6.17609257461e-05
2016,Scotland,0,7.4,18,LPG Cars,Urban (not London),8.80555526237e-05,8.287583114e-06,4.62786329081e-06
2016,Scotland,0,7.4,18,LPG LGV,Urban (not London),0.000225193361985,1.15108923637e-05,6.33915260551e-06
2016,Scotland,0,7.4,18,Motorcycle,Urban (not London),5.25591131009e-05,9.31325757847e-06,7.35287767384e-06
2016,Scotland,0,7.4,18,Petrol Car,Urban (not London),0.000452946522273,8.287583114e-06,4.62786329081e-06
2016,Scotland,0,7.4,18,Plug-In Hybrid Petrol Cars,Urban (not London),4.52946551377e-05,7.8082393884e-06,4.17248702433e-06
2016,Scotland,0,7.4,18,Plug-In Hybrid Petrol LGV,Urban (not London),9.05663255253e-05,1.09940092443e-05,5.84811368753e-06
2016,Scotland,0,7.4,18,Rigid HGV,Urban (not London),0.0038336024154,0.000213771461858,0.000189455677173
2016,Scotland,0,7.4,20,Artic HGV,Urban (not London),0.00604105880484,0.000277284940239,0.000248166063102
2016,Scotland,0,7.4,20,B100 Artic HGV,Urban (not London),0.00510209193453,4.82908617414e-05,3.06217043544e-05
2016,Scotland,0,7.4,20,B100 Bus,Urban (not London),0.00320153706707,3.74712617486e-05,2.15983254748e-05
2016,Scotland,0,7.4,20,B100 Coach,Urban (not London),0.00431459676474,5.28349846718e-05,3.6193861888e-05
2016,Scotland,0,7.4,20,B100 Rigid HGV,Urban (not London),0.00305952643976,3.71726200683e-05,2.16867811105e-05
2016,Scotland,0,7.4,20,Battery EV Cars,Urban (not London),0.0,7.75497937866e-06,4.12188956034e-06
2016,Scotland,0,7.4,20,Battery EV LGV,Urban (not London),0.0,1.09782886284e-05,5.83317932978e-06
2016,Scotland,0,7.4,20,Biogas Bus,Urban (not London),0.00069444446126,3.27659035975e-05,1.71282354131e-05
2016,Scotland,0,7.4,20,Biomethane Bus,Urban (not London),0.00069444446126,3.27659035975e-05,1.71282354131e-05
2016,Scotland,0,7.4,20,Bus and Coach,Urban (not London),0.00463653588668,0.00026579486439,0.000238505745074
2016,Scotland,0,7.4,20,CNG Bus,Urban (not London),0.00069444446126,3.27659035975e-05,1.71282354131e-05
2016,Scotland,0,7.4,20,Diesel Car,Urban (not London),0.000219255554839,7.23613266018e-05,6.54979230603e-05
2016,Scotland,0,7.4,20,E85 Bioethanol Cars,Urban (not London),0.000457804300822,8.18106218503e-06,4.52666836281e-06
2016,Scotland,0,7.4,20,E85 Bioethanol LGV,Urban (not London),0.000597688311245,1.14043714348e-05,6.23795813226e-06
2016,Scotland,0,7.4,20,FCEV Bus,Urban (not London),0.0,3.13770142384e-05,1.58087914315e-05
2016,Scotland,0,7.4,20,FCEV Cars,Urban (not London),0.0,7.75497937866e-06,4.12188956034e-06
2016,Scotland,0,7.4,20,FCEV LGV,Urban (not London),0.0,1.09782886284e-05,5.83317932978e-06
2016,Scotland,0,7.4,20,Full Hybrid Diesel Cars,Urban (not London),0.000219467459829,1.68501464941e-05,1.27622979562e-05
2016,Scotland,0,7.4,20,Full Hybrid Petrol Cars,Urban (not London),0.000228902150411,8.287583114e-06,4.62786329081e-06
2016,Scotland,0,7.4,20,Full Hybrid Petrol LGV,Urban (not London),1.15722568808e-05,1.11900071715e-05,6.03431180934e-06
2016,Scotland,0,7.4,20,Hybrid Bus,Urban (not London),0.00132508785464,4.44259931101e-05,2.8205320632e-05
2016,Scotland,0,7.4,20,LGV,Urban (not London),0.000816286192276,6.96459901519e-05,6.15674944129e-05
2016,Scotland,0,7.4,20,LPG Cars,Urban (not London),8.80555526237e-05,8.287583114e-06,4.62786329081e-06
2016,Scotland,0,7.4,20,LPG LGV,Urban (not London),0.000217739056097,1.15108923637e-05,6.33915260551e-06
2016,Scotland,0,7.4,20,Motorcycle,Urban (not London),5.30888937647e-05,9.31325757847e-06,7.35287767384e-06
2016,Scotland,0,7.4,20,Petrol Car,Urban (not London),0.000457804300822,8.287583114e-06,4.62786329081e-06
2016,Scotland,0,7.4,20,Plug-In Hybrid Petrol Cars,Urban (not London),4.57804308098e-05,7.8082393884e-06,4.17248702433e-06
2016,Scotland,0,7.4,20,Plug-In Hybrid Petrol LGV,Urban (not London),9.2086767836e-05,1.09938828246e-05,5.84799363423e-06
2016,Scotland,0,7.4,20,Rigid HGV,Urban (not London),0.0036336639896,0.000199983362108,0.000176356988959
2016,Scotland,0,7.4,25,Artic HGV,Urban (not London),0.00544445728883,0.000240161156398,0.000212898477912
2016,Scotland,0,7.4,25,B100 Artic HGV,Urban (not London),0.00454393122345,4.64549630124e-05,2.88775991066e-05
2016,Scotland,0,7.4,25,B100 Bus,Urban (not London),0.00285162893124,3.65618761862e-05,2.07344091905e-05
2016,Scotland,0,7.4,25,B100 Coach,Urban (not London),0.00369272613898,4.94714658998e-05,3.29985196004e-05
2016,Scotland,0,7.4,25,B100 Rigid HGV,Urban (not London),0.00272260955535,3.61339953088e-05,2.07000903174e-05
2016,Scotland,0,7.4,25,Battery EV Cars,Urban (not London),0.0,7.75497937866e-06,4.12188956034e-06
2016,Scotland,0,7.4,25,Battery EV LGV,Urban (not London),0.0,1.09782886284e-05,5.83317932978e-06
2016,Scotland,0,7.4,25,Biogas Bus,Urban (not London),0.00069444446126,3.27659035975e-05,1.71282354131e-05
2016,Scotland,0,7.4,25,Biomethane Bus,Urban (not London),0.00069444446126,3.27659035975e-05,1.71282354131e-05
2016,Scotland,0,7.4,25,Bus and Coach,Urban (not London),0.00410380680114,0.000224415867706,0.000199195696041
2016,Scotland,0,7.4,25,CNG Bus,Urban (not London),0.00069444446126,3.27659035975e-05,1.71282354131e-05
2016,Scotland,0,7.4,25,Diesel Car,Urban (not London),0.000204896277864,6.59371580696e-05,5.93949589529e-05
2016,Scotland,0,7.4,25,E85 Bioethanol Cars,Urban (not London),0.000470944913104,8.18106218503e-06,4.52666836281e-06
2016,Scotland,0,7.4,25,E85 Bioethanol LGV,Urban (not London),0.000621411250904,1.14043714348e-05,6.23795813226e-06
2016,Scotland,0,7.4,25,FCEV Bus,Urban (not London),0.0,3.13770142384e-05,1.58087914315e-05
2016,Scotland,0,7.4,25,FCEV Cars,Urban (not London),0.0,7.75497937866e-06,4.12188956034e-06
2016,Scotland,0,7.4,25,FCEV LGV,Urban (not London),0.0,1.09782886284e-05,5.83317932978e-06
2016,Scotland,0,7.4,25,Full Hybrid Diesel Cars,Urban (not London),0.000201674178243,1.63618296938e-05,1.22983965412e-05
2016,Scotland,0,7.4,25,Full Hybrid Petrol Cars,Urban (not London),0.000235472456552,8.287583114e-06,4.62786329081e-06
2016,Scotland,0,7.4,25,Full Hybrid Petrol LGV,Urban (not London),1.0447751265e-05,1.11900071715e-05,6.03431180934e-06
2016,Scotland,0,7.4,25,Hybrid Bus,Urban (not London),0.00107416033279,4.27667000622e-05,2.66289898718e-05
2016,Scotland,0,7.4,25,LGV,Urban (not London),0.000711218221113,6.92481335136e-05,6.11895375187e-05
2016,Scotland,0,7.4,25,LPG Cars,Urban (not London),8.80555526237e-05,8.287583114e-06,4.62786329081e-06
2016,Scotland,0,7.4,25,LPG LGV,Urban (not London),0.000201152201043,1.15108923637e-05,6.33915260551e-06
2016,Scotland,0,7.4,25,Motorcycle,Urban (not London),5.4212170653e-05,9.31325757847e-06,7.35287767384e-06
2016,Scotland,0,7.4,25,Petrol Car,Urban (not London),0.000470944913104,8.287583114e-06,4.62786329081e-06
2016,Scotland,0,7.4,25,Plug-In Hybrid Petrol Cars,Urban (not London),4.70944942208e-05,7.8082393884e-06,4.17248702433e-06
2016,Scotland,0,7.4,25,Plug-In Hybrid Petrol LGV,Urban (not London),9.59468598012e-05,1.09940701805e-05,5.84817144045e-06
2016,Scotland,0,7.4,25,Rigid HGV,Urban (not London),0.00326027278788,0.000174256798346,0.000151916756295
2016,Scotland,0,7.4,30,Artic HGV,Urban (not London),0.00499674212188,0.000211554783164,0.000185722426977
2016,Scotland,0,7.4,30,B100 Artic HGV,Urban (not London),0.00413803802803,4.50433180958e-05,2.7536534617e-05
2016,Scotland,0,7.4,30,B100 Bus,Urban (not London),0.00260876538232,3.59246332664e-05,2.01290295081e-05
2016,Scotland,0,7.4,30,B100 Coach,Urban (not London),0.00327402632684,4.71479797852e-05,3.0791208701e-05
2016,Scotland,0,7.4,30,B100 Rigid HGV,Urban (not London),0.00249059172347,3.54298172169e-05,2.00311169465e-05
2016,Scotland,0,7.4,30,Battery EV Cars,Urban (not London),0.0,7.75497937866e-06,4.12188956034e-06
2016,Scotland,0,7.4,30,Battery EV LGV,Urban (not London),0.0,1.09782886284e-05,5.83317932978e-06
2016,Scotland,0,7.4,30,Biogas Bus,Urban (not London),0.00069444446126,3.27659035975e-05,1.71282354131e-05
2016,Scotland,0,7.4,30,Biomethane Bus,Urban (not London),0.00069444446126,3.27659035975e-05,1.71282354131e-05
2016,Scotland,0,7.4,30,Bus and Coach,Urban (not London),0.00373400817625,0.000196700391825,0.000172865999048
2016,Scotland,0,7.4,30,CNG Bus,Urban (not London),0.00069444446126,3.27659035975e-05,1.71282354131e-05
2016,Scotland,0,7.4,30,Diesel Car,Urban (not London),0.000192089821212,6.01350257057e-05,5.3882937209e-05
2016,Scotland,0,7.4,30,E85 Bioethanol Cars,Urban (not London),0.000485508731799,8.18106218503e-06,4.52666836281e-06
2016,Scotland,0,7.4,30,E85 Bioethanol LGV,Urban (not London),0.000645302759949,1.14043714348e-05,6.23795813226e-06
2016,Scotland,0,7.4,30,FCEV Bus,Urban (not London),0.0,3.13770142384e-05,1.58087914315e-05
2016,Scotland,0,7.4,30,FCEV Cars,Urban (not London),0.0,7.75497937866e-06,4.12188956034e-06
2016,Scotland,0,7.4,30,FCEV LGV,Urban (not London),0.0,1.09782886284e-05,5.83317932978e-06
2016,Scotland,0,7.4,30,Full Hybrid Diesel Cars,Urban (not London),0.000187142431969,1.59179508046e-05,1.18767120512e-05
2016,Scotland,0,7.4,30,Full Hybrid Petrol Cars,Urban (not London),0.0002427543659,8.287583114e-06,4.62786329081e-06
2016,Scotland,0,7.4,30,Full Hybrid Petrol LGV,Urban (not London),9.44911244005e-06,1.11900071715e-05,6.03431180934e-06
2016,Scotland,0,7.4,30,Hybrid Bus,Urban (not London),0.000891491537914,4.15602153225e-05,2.54828319157e-05
2016,Scotland,0,7.4,30,LGV,Urban (not London),0.000616671401076,6.900911103e-05,6.09624585195e-05
2016,Scotland,0,7.4,30,LPG Cars,Urban (not London),8.80555526237e-05,8.287583114e-06,4.62786329081e-06
2016,Scotland,0,7.4,30,LPG LGV,Urban (not London),0.00018706053379,1.15108923637e-05,6.33915260551e-06
2016,Scotland,0,7.4,30,Motorcycle,Urban (not London),5.53323443455e-05,9.31325757847e-06,7.35287767384e-06
2016,Scotland,0,7.4,30,Petrol Car,Urban (not London),0.000485508731799,8.287583114e-06,4.62786329081e-06
2016,Scotland,0,7.4,30,Plug-In Hybrid Petrol Cars,Urban (not London),4.85508753627e-05,7.8082393884e-06,4.17248702433e-06
2016,Scotland,0,7.4,30,Plug-In Hybrid Petrol LGV,Urban (not London),9.98912291834e-05,1.09947841338e-05,5.8488499235e-06
2016,Scotland,0,7.4,30,Rigid HGV,Urban (not London),0.00300187501125,0.000156554946443,0.000135099995532
2016,Scotland,0,7.4,35,Artic HGV,Urban (not London),0.00464496389031,0.000190054211998,0.000165296893101
2016,Scotland,0,7.4,35,B100 Artic HGV,Urban (not London),0.00382683845237,4.39851464762e-05,2.65312737611e-05
2016,Scotland,0,7.4,35,B100 Bus,Urban (not London),0.00242782244459,3.54662661266e-05,1.96935816348e-05
2016,Scotland,0,7.4,35,B100 Coach,Urban (not London),0.00297436490655,4.54441287729e-05,2.91725500574e-05
2016,Scotland,0,7.4,35,B100 Rigid HGV,Urban (not London),0.00232227751985,3.49252659362e-05,1.95517950488e-05
2016,Scotland,0,7.4,35,Battery EV Cars,Urban (not London),0.0,7.75497937866e-06,4.12188956034e-06
2016,Scotland,0,7.4,35,Battery EV LGV,Urban (not London),0.0,1.09782886284e-05,5.83317932978e-06
2016,Scotland,0,7.4,35,Biogas Bus,Urban (not London),0.00069444446126,3.27659035975e-05,1.71282354131e-05
2016,Scotland,0,7.4,35,Biomethane Bus,Urban (not London),0.00069444446126,3.27659035975e-05,1.71282354131e-05
2016,Scotland,0,7.4,35,Bus and Coach,Urban (not London),0.00346272764727,0.000177002613782,0.000154153109179
2016,Scotland,0,7.4,35,CNG Bus,Urban (not London),0.00069444446126,3.27659035975e-05,1.71282354131e-05
2016,Scotland,0,7.4,35,Diesel Car,Urban (not London),0.000180836199434,5.49549367861e-05,4.89618505526e-05
2016,Scotland,0,7.4,35,E85 Bioethanol Cars,Urban (not London),0.000501495727804,8.18106218503e-06,4.52666836281e-06
2016,Scotland,0,7.4,35,E85 Bioethanol LGV,Urban (not London),0.000669362780172,1.14043714348e-05,6.23795813226e-06
2016,Scotland,0,7.4,35,FCEV Bus,Urban (not London),0.0,3.13770142384e-05,1.58087914315e-05
2016,Scotland,0,7.4,35,FCEV Cars,Urban (not London),0.0,7.75497937866e-06,4.12188956034e-06
2016,Scotland,0,7.4,35,FCEV LGV,Urban (not London),0.0,1.09782886284e-05,5.83317932978e-06
2016,Scotland,0,7.4,35,Full Hybrid Diesel Cars,Urban (not London),0.000175001594471,1.55185116455e-05,1.14972444862e-05
2016,Scotland,0,7.4,35,Full Hybrid Petrol Cars,Urban (not London),0.000250747863902,8.287583114e-06,4.62786329081e-06
2016,Scotland,0,7.4,35,Full Hybrid Petrol LGV,Urban (not London),8.56738734001e-06,1.11900071715e-05,6.03431180934e-06
2016,Scotland,0,7.4,35,Hybrid Bus,Urban (not London),0.000753102242015,4.06351973652e-05,2.46040654019e-05
2016,Scotland,0,7.4,35,LGV,Urban (not London),0.00053264584858,6.89289008733e-05,6.08862610534e-05
2016,Scotland,0,7.4,35,LPG Cars,Urban (not London),8.80555526237e-05,8.287583114e-06,4.62786329081e-06
2016,Scotland,0,7.4,35,LPG LGV,Urban (not London),0.000175143708475,1.15108923637e-05,6.33915260551e-06
2016,Scotland,0,7.4,35,Motorcycle,Urban (not London),5.6735920225e-05,9.31325757847e-06,7.35287767384e-06
2016,Scotland,0,7.4,35,Petrol Car,Urban (not London),0.000501495727804,8.287583114e-06,4.62786329081e-06
2016,Scotland,0,7.4,35,Plug-In Hybrid Petrol Cars,Urban (not London),5.01495742355e-05,7.8082393884e-06,4.17248702433e-06
2016,Scotland,0,7.4,35,Plug-In Hybrid Petrol LGV,Urban (not London),0.000103919868707,1.09958782559e-05,5.84988947594e-06
2016,Scotland,0,7.4,35,Rigid HGV,Urban (not London),0.0028138468042,0.00014378875494,0.000122972109239
2016,Scotland,0,7.4,40,Artic HGV,Urban (not London),0.00435924017802,0.000174455984961,0.000150478575961
2016,Scotland,0,7.4,40,B100 Artic HGV,Urban (not London),0.00357914343476,4.32206725236e-05,2.58050222328e-05
2016,Scotland,0,7.4,40,B100 Bus,Urban (not London),0.00228632520884,3.51304915966e-05,1.9374592739e-05
2016,Scotland,0,7.4,40,B100 Coach,Urban (not London),0.00275073200464,4.41405754827e-05,2.79341747955e-05
2016,Scotland,0,7.4,40,B100 Rigid HGV,Urban (not London),0.00219595199451,3.45497574017e-05,1.91950621229e-05
2016,Scotland,0,7.4,40,Battery EV Cars,Urban (not London),0.0,7.75497937866e-06,4.12188956034e-06
2016,Scotland,0,7.4,40,Battery EV LGV,Urban (not London),0.0,1.09782886284e-05,5.83317932978e-06
2016,Scotland,0,7.4,40,Biogas Bus,Urban (not London),0.00069444446126,3.27659035975e-05,1.71282354131e-05
2016,Scotland,0,7.4,40,Biomethane Bus,Urban (not London),0.00069444446126,3.27659035975e-05,1.71282354131e-05
2016,Scotland,0,7.4,40,Bus and Coach,Urban (not London),0.00325605086982,0.000162405282026,0.000140285643283
2016,Scotland,0,7.4,40,CNG Bus,Urban (not London),0.00069444446126,3.27659035975e-05,1.71282354131e-05
2016,Scotland,0,7.4,40,Diesel Car,Urban (not London),0.000171135397977,5.03968840349e-05,4.46317026217e-05
2016,Scotland,0,7.4,40,E85 Bioethanol Cars,Urban (not London),0.000518905930221,8.18106218503e-06,4.52666836281e-06
2016,Scotland,0,7.4,40,E85 Bioethanol LGV,Urban (not London),0.000693591369782,1.14043714348e-05,6.23795813226e-06
2016,Scotland,0,7.4,40,FCEV Bus,Urban (not London),0.0,3.13770142384e-05,1.58087914315e-05
2016,Scotland,0,7.4,40,FCEV Cars,Urban (not London),0.0,7.75497937866e-06,4.12188956034e-06
2016,Scotland,0,7.4,40,FCEV LGV,Urban (not London),0.0,1.09782886284e-05,5.83317932978e-06
2016,Scotland,0,7.4,40,Full Hybrid Diesel Cars,Urban (not London),0.000164784520166,1.51635103975e-05,1.11599938464e-05
2016,Scotland,0,7.4,40,Full Hybrid Petrol Cars,Urban (not London),0.000259452965111,8.287583114e-06,4.62786329081e-06
2016,Scotland,0,7.4,40,Full Hybrid Petrol LGV,Urban (not London),7.79362380854e-06,1.11900071715e-05,6.03431180934e-06
2016,Scotland,0,7.4,40,Hybrid Bus,Urban (not London),0.00064565485809,3.99064338126e-05,2.39117398451e-05
2016,Scotland,0,7.4,40,LGV,Urban (not London),0.000459141447209,6.90075248713e-05,6.09609523963e-05
2016,Scotland,0,7.4,40,LPG Cars,Urban (not London),8.80555526237e-05,8.287583114e-06,4.62786329081e-06
2016,Scotland,0,7.4,40,LPG LGV,Urban (not London),0.000165218487382,1.15108923637e-05,6.33915260551e-06
2016,Scotland,0,7.4,40,Motorcycle,Urban (not London),5.86356545682e-05,9.31325757847e-06,7.35287767384e-06
2016,Scotland,0,7.4,40,Petrol Car,Urban (not London),0.000518905930221,8.287583114e-06,4.62786329081e-06
2016,Scotland,0,7.4,40,Plug-In Hybrid Petrol Cars,Urban (not London),5.18905908393e-05,7.8082393884e-06,4.17248702433e-06
2016,Scotland,0,7.4,40,Plug-In Hybrid Petrol LGV,Urban (not London),0.000108032785647,1.09972661448e-05,5.85120733376e-06
2016,Scotland,0,7.4,40,Rigid HGV,Urban (not London),0.00267250533216,0.000134281886858,0.000113940579467
2016,Scotland,0,7.4,45,Artic HGV,Urban (not London),0.00412127142772,0.000163670585607,0.000140232441481
2016,Scotland,0,7.4,45,B100 Artic HGV,Urban (not London),0.00337641919032,4.26960214099e-05,2.53066045843e-05
2016,Scotland,0,7.4,45,B100 Bus,Urban (not London),0.00217172107659,3.4881173633e-05,1.91377421288e-05
2016,Scotland,0,7.4,45,B100 Coach,Urban (not London),0.00257879123092,4.31112421211e-05,2.695630792e-05
2016,Scotland,0,7.4,45,B100 Rigid HGV,Urban (not London),0.00209901528433,3.42626553902e-05,1.89223155758e-05
2016,Scotland,0,7.4,45,Battery EV Cars,Urban (not London),0.0,7.75497937866e-06,4.12188956034e-06
2016,Scotland,0,7.4,45,Battery EV LGV,Urban (not London),0.0,1.09782886284e-05,5.83317932978e-06
2016,Scotland,0,7.4,45,Biogas Bus,Urban (not London),0.00069444446126,3.27659035975e-05,1.71282354131e-05
2016,Scotland,0,7.4,45,Biomethane Bus,Urban (not London),0.00069444446126,3.27659035975e-05,1.71282354131e-05
2016,Scotland,0,7.4,45,Bus and Coach,Urban (not London),0.00309430388734,0.000151245316374,0.000129683685373
2016,Scotland,0,7.4,45,CNG Bus,Urban (not London),0.00069444446126,3.27659035975e-05,1.71282354131e-05
2016,Scotland,0,7.4,45,Diesel Car,Urban (not London),0.000162987431395,4.64608747279e-05,4.08924897783e-05
2016,Scotland,0,7.4,45,E85 Bioethanol Cars,Urban (not London),0.00053773925174,8.18106218503e-06,4.52666836281e-06
2016,Scotland,0,7.4,45,E85 Bioethanol LGV,Urban (not London),0.000717988528777,1.14043714348e-05,6.23795813226e-06
2016,Scotland,0,7.4,45,FCEV Bus,Urban (not London),0.0,3.13770142384e-05,1.58087914315e-05
2016,Scotland,0,7.4,45,FCEV Cars,Urban (not London),0.0,7.75497937866e-06,4.12188956034e-06
2016,Scotland,0,7.4,45,FCEV LGV,Urban (not London),0.0,1.09782886284e-05,5.83317932978e-06
2016,Scotland,0,7.4,45,Full Hybrid Diesel Cars,Urban (not London),0.000156213005539,1.48529488797e-05,1.08649601316e-05
2016,Scotland,0,7.4,45,Full Hybrid Petrol Cars,Urban (not London),0.00026886962587,8.287583114e-06,4.62786329081e-06
2016,Scotland,0,7.4,45,Full Hybrid Petrol LGV,Urban (not London),7.1188687798e-06,1.11900071715e-05,6.03431180934e-06
2016,Scotland,0,7.4,45,Hybrid Bus,Urban (not London),0.000561089836992,3.93306436308e-05,2.33647388086e-05
2016,Scotland,0,7.4,45,LGV,Urban (not London),0.000396158255171,6.92449611961e-05,6.11865179962e-05
2016,Scotland,0,7.4,45,LPG Cars,Urban (not London),8.80555526237e-05,8.287583114e-06,4.62786329081e-06
2016,Scotland,0,7.4,45,LPG LGV,Urban (not London),0.000157172777108,1.15108923637e-05,6.33915260551e-06
2016,Scotland,0,7.4,45,Motorcycle,Urban (not London),6.11787982052e-05,9.31325757847e-06,7.35287767384e-06
2016,Scotland,0,7.4,45,Petrol Car,Urban (not London),0.00053773925174,8.287583114e-06,4.62786329081e-06
2016,Scotland,0,7.4,45,Plug-In Hybrid Petrol Cars,Urban (not London),5.3773928812e-05,7.8082393884e-06,4.17248702433e-06
2016,Scotland,0,7.4,45,Plug-In Hybrid Petrol LGV,Urban (not London),0.000112229980004,1.09988914119e-05,5.85275211051e-06
2016,Scotland,0,7.4,45,Rigid HGV,Urban (not London),0.00256402906962,0.000127035964397,0.000107056963316
2016,Scotland,0,7.4,50,Artic HGV,Urban (not London),0.00391914462671,0.000156677080668,0.000133588604513
2016,Scotland,0,7.4,50,B100 Artic HGV,Urban (not London),0.00320688146167,4.23608034907e-05,2.49881450145e-05
2016,Scotland,0,7.4,50,B100 Bus,Urban (not London),0.00207639951259,3.46941560565e-05,1.89600759768e-05
2016,Scotland,0,7.4,50,B100 Coach,Urban (not London),0.00244371220469,4.22783341492e-05,2.61650438915e-05
2016,Scotland,0,7.4,50,B100 Rigid HGV,Urban (not London),0.00202362798154,3.40389124176e-05,1.8709759388e-05
2016,Scotland,0,7.4,50,Battery EV Cars,Urban (not London),0.0,7.75497937866e-06,4.12188956034e-06
2016,Scotland,0,7.4,50,Battery EV LGV,Urban (not London),0.0,1.09782886284e-05,5.83317932978e-06
2016,Scotland,0,7.4,50,Biogas Bus,Urban (not London),0.00069444446126,3.27659035975e-05,1.71282354131e-05
2016,Scotland,0,7.4,50,Biomethane Bus,Urban (not London),0.00069444446126,3.27659035975e-05,1.71282354131e-05
2016,Scotland,0,7.4,50,Bus and Coach,Urban (not London),0.00296523654833,0.000142504504765,0.000121379911434
2016,Scotland,0,7.4,50,CNG Bus,Urban (not London),0.00069444446126,3.27659035975e-05,1.71282354131e-05
2016,Scotland,0,7.4,50,Diesel Car,Urban (not London),0.000156392299687,4.31469052273e-05,3.77442192985e-05
2016,Scotland,0,7.4,50,E85 Bioethanol Cars,Urban (not London),0.000557995808776,8.18106218503e-06,4.52666836281e-06
2016,Scotland,0,7.4,50,E85 Bioethanol LGV,Urban (not London),0.000742554198951,1.14043714348e-05,6.23795813226e-06
2016,Scotland,0,7.4,50,FCEV Bus,Urban (not London),0.0,3.13770142384e-05,1.58087914315e-05
2016,Scotland,0,7.4,50,FCEV Cars,Urban (not London),0.0,7.75497937866e-06,4.12188956034e-06
2016,Scotland,0,7.4,50,FCEV LGV,Urban (not London),0.0,1.09782886284e-05,5.83317932978e-06
2016,Scotland,0,7.4,50,Full Hybrid Diesel Cars,Urban (not London),0.000149111278006,1.45868261825e-05,1.06121442514e-05
2016,Scotland,0,7.4,50,Full Hybrid Petrol Cars,Urban (not London),0.000278997904388,8.287583114e-06,4.62786329081e-06
2016,Scotland,0,7.4,50,Full Hybrid Petrol LGV,Urban (not London),6.53417146168e-06,1.11900071715e-05,6.03431180934e-06
2016,Scotland,0,7.4,50,Hybrid Bus,Urban (not London),0.000494284555316,3.88853550248e-05,2.29417146329e-05
2016,Scotland,0,7.4,50,LGV,Urban (not London),0.000343696272466,6.96412316756e-05,6.15629760432e-05
2016,Scotland,0,7.4,50,LPG Cars,Urban (not London),8.80555526237e-05,8.287583114e-06,4.62786329081e-06
2016,Scotland,0,7.4,50,LPG LGV,Urban (not London),0.000150934400153,1.15108923637e-05,6.33915260551e-06
2016,Scotland,0,7.4,50,Motorcycle,Urban (not London),6.44553365419e-05,9.31325757847e-06,7.35287767384e-06
2016,Scotland,0,7.4,50,Petrol Car,Urban (not London),0.000557995808776,8.287583114e-06,4.62786329081e-06
2016,Scotland,0,7.4,50,Plug-In Hybrid Petrol Cars,Urban (not London),5.57995808776e-05,7.8082393884e-06,4.17248702433e-06
2016,Scotland,0,7.4,50,Plug-In Hybrid Petrol LGV,Urban (not London),0.000116511451779,1.10007222247e-05,5.85449106438e-06
2016,Scotland,0,7.4,50,Rigid HGV,Urban (not London),0.00247977557592,0.000121415891044,0.000101717887446
2016,Scotland,0,7.4,60,Artic HGV,Urban (not London),0.00359226553701,0.000150186897372,0.000127422928927
2016,Scotland,0,7.4,60,B100 Artic HGV,Urban (not London),0.00293817953207,4.20672004111e-05,2.47092229984e-05
2016,Scotland,0,7.4,60,B100 Bus,Urban (not London),0.00192555377726,3.44454019796e-05,1.87237601494e-05
2016,Scotland,0,7.4,60,B100 Coach,Urban (not London),0.00224899942987,4.10151660617e-05,2.49650347541e-05
2016,Scotland,0,7.4,60,B100 Rigid HGV,Urban (not London),0.00191855488811,3.37218298228e-05,1.84085292858e-05
2016,Scotland,0,7.4,60,Battery EV Cars,Urban (not London),0.0,7.75497937866e-06,4.12188956034e-06
2016,Scotland,0,7.4,60,Battery EV LGV,Urban (not London),0.0,1.09782886284e-05,5.83317932978e-06
2016,Scotland,0,7.4,60,Biogas Bus,Urban (not London),0.00069444446126,3.27659035975e-05,1.71282354131e-05
2016,Scotland,0,7.4,60,Biomethane Bus,Urban (not London),0.00069444446126,3.27659035975e-05,1.71282354131e-05
2016,Scotland,0,7.4,60,Bus and Coach,Urban (not London),0.00277546187863,0.000129862542963,0.000109370041173
2016,Scotland,0,7.4,60,CNG Bus,Urban (not London),0.00069444446126,3.27659035975e-05,1.71282354131e-05
2016,Scotland,0,7.4,60,Diesel Car,Urban (not London),0.000147860497236,3.83850820072e-05,3.32204872393e-05
2016,Scotland,0,7.4,60,E85 Bioethanol Cars,Urban (not London),0.000602778454777,7.9984556578e-06,4.35319179815e-06
2016,Scotland,0,7.4,60,E85 Bioethanol LGV,Urban (not London),0.000792191247456,1.12217649075e-05,6.06448156759e-06
2016,Scotland,0,7.4,60,FCEV Bus,Urban (not London),0.0,3.13770142384e-05,1.58087914315e-05
2016,Scotland,0,7.4,60,FCEV Cars,Urban (not London),0.0,7.75497937866e-06,4.12188956034e-06
2016,Scotland,0,7.4,60,FCEV LGV,Urban (not London),0.0,1.09782886284e-05,5.83317932978e-06
2016,Scotland,0,7.4,60,Full Hybrid Diesel Cars,Urban (not London),0.000138907809742,1.41878972499e-05,1.02331614471e-05
2016,Scotland,0,7.4,60,Full Hybrid Petrol Cars,Urban (not London),0.000421944918344,8.05932450021e-06,4.41101747128e-06
2016,Scotland,0,7.4,60,Full Hybrid Petrol LGV,Urban (not London),7.8387947724e-06,1.11165672934e-05,5.96454401602e-06
2016,Scotland,0,7.4,60,Hybrid Bus,Urban (not London),0.000500392750837,3.83499318559e-05,2.24330597121e-05
2016,Scotland,0,7.4,60,LGV,Urban (not London),0.000270335876849,7.09027663106e-05,6.27614354016e-05
2016,Scotland,0,7.4,60,LPG Cars,Urban (not London),8.11111094663e-05,8.05932450021e-06,4.41101747128e-06
2016,Scotland,0,7.4,60,LPG LGV,Urban (not London),0.000115474438644,1.12826337499e-05,6.12230678598e-06
2016,Scotland,0,7.4,60,Motorcycle,Urban (not London),7.3331691965e-05,9.31325757847e-06,7.35287767384e-06
2016,Scotland,0,7.4,60,Petrol Car,Urban (not London),0.000602778454777,8.05932450021e-06,4.41101747128e-06
2016,Scotland,0,7.4,60,Plug-In Hybrid Petrol Cars,Urban (not London),0.000301389227388,7.90715148469e-06,4.26645374318e-06
2016,Scotland,0,7.4,60,Plug-In Hybrid Petrol LGV,Urban (not London),0.000419149670051,1.11115341497e-05,5.95976280238e-06
2016,Scotland,0,7.4,60,Rigid HGV,Urban (not London),0.00236293883063,0.000113486952614,9.41853941185e-05
2016,Scotland,0,7.4,70,Artic HGV,Urban (not London),0.0033373797778,0.000147468948853,0.000124840880744
2016,Scotland,0,7.4,70,B100 Artic HGV,Urban (not London),0.00273376028053,4.19685566158e-05,2.46155104833e-05
2016,Scotland,0,7.4,70,B100 Bus,Urban (not London),0.00181019224692,3.43012179655e-05,1.85867847904e-05
2016,Scotland,0,7.4,70,B100 Coach,Urban (not London),0.00212090928108,4.01056349801e-05,2.41009802266e-05
2016,Scotland,0,7.4,70,B100 Rigid HGV,Urban (not London),0.00185578421224,3.35212534992e-05,1.82179828698e-05
2016,Scotland,0,7.4,70,Battery EV Cars,Urban (not London),0.0,7.75497937866e-06,4.12188956034e-06
2016,Scotland,0,7.4,70,Battery EV LGV,Urban (not London),0.0,1.09782886284e-05,5.83317932978e-06
2016,Scotland,0,7.4,70,Biogas Bus,Urban (not London),0.00069444446126,3.27659035975e-05,1.71282354131e-05
2016,Scotland,0,7.4,70,Biomethane Bus,Urban (not London),0.00069444446126,3.27659035975e-05,1.71282354131e-05
2016,Scotland,0,7.4,70,Bus and Coach,Urban (not London),0.00264747627079,0.00012133945711,0.000101273115433
2016,Scotland,0,7.4,70,CNG Bus,Urban (not London),0.00069444446126,3.27659035975e-05,1.71282354131e-05
2016,Scotland,0,7.4,70,Diesel Car,Urban (not London),0.000145540005178,3.61114180123e-05,3.10605064442e-05
2016,Scotland,0,7.4,70,E85 Bioethanol Cars,Urban (not London),0.000653253810015,7.9984556578e-06,4.35319179815e-06
2016,Scotland,0,7.4,70,E85 Bioethanol LGV,Urban (not London),0.000842502515297,1.12217649075e-05,6.06448156759e-06
2016,Scotland,0,7.4,70,FCEV Bus,Urban (not London),0.0,3.13770142384e-05,1.58087914315e-05
2016,Scotland,0,7.4,70,FCEV Cars,Urban (not London),0.0,7.75497937866e-06,4.12188956034e-06
2016,Scotland,0,7.4,70,FCEV LGV,Urban (not London),0.0,1.09782886284e-05,5.83317932978e-06
2016,Scotland,0,7.4,70,Full Hybrid Diesel Cars,Urban (not London),0.000133727662615,1.39667235999e-05,1.00230472526e-05
2016,Scotland,0,7.4,70,Full Hybrid Petrol Cars,Urban (not London),0.00045727766701,8.05932450021e-06,4.41101747128e-06
2016,Scotland,0,7.4,70,Full Hybrid Petrol LGV,Urban (not London),7.49118498788e-06,1.11165672934e-05,5.96454401602e-06
2016,Scotland,0,7.4,70,Hybrid Bus,Urban (not London),0.000441039883299,3.83100086765e-05,2.2395133783e-05
2016,Scotland,0,7.4,70,LGV,Urban (not London),0.000239060289459,7.28070735931e-05,6.45705222269e-05
2016,Scotland,0,7.4,70,LPG Cars,Urban (not London),8.11111094663e-05,8.05932450021e-06,4.41101747128e-06
2016,Scotland,0,7.4,70,LPG LGV,Urban (not London),0.000115139446279,1.12826337499e-05,6.12230678598e-06
2016,Scotland,0,7.4,70,Motorcycle,Urban (not London),8.51524819154e-05,9.31325757847e-06,7.35287767384e-06
2016,Scotland,0,7.4,70,Petrol Car,Urban (not London),0.000653253810015,8.05932450021e-06,4.41101747128e-06
2016,Scotland,0,7.4,70,Plug-In Hybrid Petrol Cars,Urban (not London),0.000326626905007,7.90715148469e-06,4.26645374318e-06
2016,Scotland,0,7.4,70,Plug-In Hybrid Petrol LGV,Urban (not London),0.000446366175311,1.11364352051e-05,5.98341785008e-06
2016,Scotland,0,7.4,70,Rigid HGV,Urban (not London),0.00229423004203,0.000108407752123,8.93601536518e-05
2016,Scotland,0,7.4,80,Artic HGV,Urban (not London),0.00313161849044,0.000141249169246,0.000118932097394
2016,Scotland,0,7.4,80,B100 Artic HGV,Urban (not London),0.00257237465121,4.17050287069e-05,2.43651611527e-05
2016,Scotland,0,7.4,80,B100 Bus,Urban (not London),0.00171810516622,3.42182102031e-05,1.85079243238e-05
2016,Scotland,0,7.4,80,B100 Coach,Urban (not London),0.00203618733212,3.94742710341e-05,2.35011830227e-05
2016,Scotland,0,7.4,80,B100 Rigid HGV,Urban (not London),0.00182241748553,3.33991265506e-05,1.81019622687e-05
2016,Scotland,0,7.4,80,Battery EV Cars,Urban (not London),0.0,7.75497937866e-06,4.12188956034e-06
2016,Scotland,0,7.4,80,Battery EV LGV,Urban (not London),0.0,1.09782886284e-05,5.83317932978e-06
2016,Scotland,0,7.4,80,Biogas Bus,Urban (not London),0.00069444446126,3.27659035975e-05,1.71282354131e-05
2016,Scotland,0,7.4,80,Biomethane Bus,Urban (not London),0.00069444446126,3.27659035975e-05,1.71282354131e-05
2016,Scotland,0,7.4,80,Bus and Coach,Urban (not London),0.00256069586612,0.000115347684186,9.55809300649e-05
2016,Scotland,0,7.4,80,CNG Bus,Urban (not London),0.00069444446126,3.27659035975e-05,1.71282354131e-05
2016,Scotland,0,7.4,80,Diesel Car,Urban (not London),0.000149430823512,3.63259132428e-05,3.12642769131e-05
2016,Scotland,0,7.4,80,E85 Bioethanol Cars,Urban (not London),0.00070942187449,7.9984556578e-06,4.35319179815e-06
2016,Scotland,0,7.4,80,E85 Bioethanol LGV,Urban (not London),0.000893487944268,1.12217649075e-05,6.06448156759e-06
2016,Scotland,0,7.4,80,FCEV Bus,Urban (not London),0.0,3.13770142384e-05,1.58087914315e-05
2016,Scotland,0,7.4,80,FCEV Cars,Urban (not London),0.0,7.75497937866e-06,4.12188956034e-06
2016,Scotland,0,7.4,80,FCEV LGV,Urban (not London),0.0,1.09782886284e-05,5.83317932978e-06
2016,Scotland,0,7.4,80,Full Hybrid Diesel Cars,Urban (not London),0.000133586145239,1.39233070513e-05,9.9818007584e-06
2016,Scotland,0,7.4,80,Full Hybrid Petrol Cars,Urban (not London),0.000496595341247,8.05932450021e-06,4.41101747128e-06
2016,Scotland,0,7.4,80,Full Hybrid Petrol LGV,Urban (not London),7.6952692325e-06,1.11165672934e-05,5.96454401602e-06
2016,Scotland,0,7.4,80,Hybrid Bus,Urban (not London),0.000435059482697,3.89170672861e-05,2.29718389164e-05
2016,Scotland,0,7.4,80,LGV,Urban (not London),0.000249869481195,7.53466665628e-05,6.69831351843e-05
2016,Scotland,0,7.4,80,LPG Cars,Urban (not London),8.11111094663e-05,8.05932450021e-06,4.41101747128e-06
2016,Scotland,0,7.4,80,LPG LGV,Urban (not London),0.000120186625281,1.12826337499e-05,6.12230678598e-06
2016,Scotland,0,7.4,80,Motorcycle,Urban (not London),9.9416654848e-05,9.31325757847e-06,7.35287767384e-06
2016,Scotland,0,7.4,80,Petrol Car,Urban (not London),0.00070942187449,8.05932450021e-06,4.41101747128e-06
2016,Scotland,0,7.4,80,Plug-In Hybrid Petrol Cars,Urban (not London),0.000354710937245,7.90715148469e-06,4.26645374318e-06
2016,Scotland,0,7.4,80,Plug-In Hybrid Petrol LGV,Urban (not London),0.000474054599181,1.11661192932e-05,6.01161855229e-06
2016,Scotland,0,7.4,80,Rigid HGV,Urban (not London),0.00225918577053,0.0001050834544,8.62020751811e-05
2016,Scotland,0,7.4,90,Artic HGV,Urban (not London),0.00302575156093,0.000132858694997,0.000110961140308
2016,Scotland,0,7.4,90,B100 Artic HGV,Urban (not London),0.002490733983,4.1320319724e-05,2.39996879827e-05
2016,Scotland,0,7.4,90,B100 Bus,Urban (not London),0.00167097325902,3.41873819707e-05,1.84786404134e-05
2016,Scotland,0,7.4,90,B100 Coach,Urban (not London),0.00198176107369,3.8913130993e-05,2.29681027122e-05
2016,Scotland,0,7.4,90,B100 Rigid HGV,Urban (not London),0.00181335909292,3.33549796778e-05,1.8060023649e-05
2016,Scotland,0,7.4,90,Battery EV Cars,Urban (not London),0.0,7.75497937866e-06,4.12188956034e-06
2016,Scotland,0,7.4,90,Battery EV LGV,Urban (not London),0.0,1.09782886284e-05,5.83317932978e-06
2016,Scotland,0,7.4,90,Biogas Bus,Urban (not London),0.00069444446126,3.27659035975e-05,1.71282354131e-05
2016,Scotland,0,7.4,90,Biomethane Bus,Urban (not London),0.00069444446126,3.27659035975e-05,1.71282354131e-05
2016,Scotland,0,7.4,90,Bus and Coach,Urban (not London),0.00251758960076,0.000112112829811,9.25078202272e-05
2016,Scotland,0,7.4,90,CNG Bus,Urban (not London),0.00069444446126,3.27659035975e-05,1.71282354131e-05
2016,Scotland,0,7.4,90,Diesel Car,Urban (not London),0.000159532937687,3.90285713365e-05,3.38318022841e-05
2016,Scotland,0,7.4,90,E85 Bioethanol Cars,Urban (not London),0.00077128270641,8.00639463705e-06,4.36073423771e-06
2016,Scotland,0,7.4,90,E85 Bioethanol LGV,Urban (not London),0.000945147592574,1.12297038868e-05,6.07202400715e-06
2016,Scotland,0,7.4,90,FCEV Bus,Urban (not London),0.0,3.13770142384e-05,1.58087914315e-05
2016,Scotland,0,7.4,90,FCEV Cars,Urban (not London),0.0,7.75497937866e-06,4.12188956034e-06
2016,Scotland,0,7.4,90,FCEV LGV,Urban (not London),0.0,1.09782886284e-05,5.83317932978e-06
2016,Scotland,0,7.4,90,Full Hybrid Diesel Cars,Urban (not London),0.000138910341775,1.40576448757e-05,1.01094219644e-05
2016,Scotland,0,7.4,90,Full Hybrid Petrol Cars,Urban (not London),0.000694154470693,8.06924890639e-06,4.42044574811e-06
2016,Scotland,0,7.4,90,Full Hybrid Petrol LGV,Urban (not London),1.05265380625e-05,1.11751205623e-05,6.02016962148e-06
2016,Scotland,0,7.4,90,Hybrid Bus,Urban (not London),0.000455785368104,3.96194227505e-05,2.36390787904e-05
2016,Scotland,0,7.4,90,LGV,Urban (not London),0.000302763481159,7.85218799138e-05,6.9999594416e-05
2016,Scotland,0,7.4,90,LPG Cars,Urban (not London),9.0555557108e-05,8.06924890639e-06,4.42044574811e-06
2016,Scotland,0,7.4,90,LPG LGV,Urban (not London),0.000127666615299,1.12925581561e-05,6.13173506281e-06
2016,Scotland,0,7.4,90,Motorcycle,Urban (not London),0.000115498034575,9.31325757847e-06,7.35287767384e-06
2016,Scotland,0,7.4,90,Petrol Car,Urban (not London),0.00077128270641,8.06924890639e-06,4.42044574811e-06
2016,Scotland,0,7.4,90,Plug-In Hybrid Petrol Cars,Urban (not London),0.000694154470693,8.03782131698e-06,4.39058976553e-06
2016,Scotland,0,7.4,90,Plug-In Hybrid Petrol LGV,Urban (not London),0.000850632844958,1.13819187391e-05,6.21662775302e-06
2016,Scotland,0,7.4,90,Rigid HGV,Urban (not London),0.00225075869821,0.00010366216884,8.48518538987e-05
2016,Scotland,0,7.4,100,Artic HGV,Urban (not London),0.00302575156093,0.000132858694997,0.000110961140308
2016,Scotland,0,7.4,100,B100 Artic HGV,Urban (not London),0.002490733983,4.1320319724e-05,2.39996879827e-05
2016,Scotland,0,7.4,100,B100 Bus,Urban (not London),0.00167097325902,3.41873819707e-05,1.84786404134e-05
2016,Scotland,0,7.4,100,B100 Coach,Urban (not London),0.00194974231999,3.8504927943e-05,2.25803087233e-05
2016,Scotland,0,7.4,100,B100 Rigid HGV,Urban (not London),0.00181335909292,3.33549796778e-05,1.8060023649e-05
2016,Scotland,0,7.4,100,Battery EV Cars,Urban (not London),0.0,7.75497937866e-06,4.12188956034e-06
2016,Scotland,0,7.4,100,Battery EV LGV,Urban (not London),0.0,1.09782886284e-05,5.83317932978e-06
2016,Scotland,0,7.4,100,Biogas Bus,Urban (not London),0.00069444446126,3.27659035975e-05,1.71282354131e-05
2016,Scotland,0,7.4,100,Biomethane Bus,Urban (not London),0.00069444446126,3.27659035975e-05,1.71282354131e-05
2016,Scotland,0,7.4,100,Bus and Coach,Urban (not London),0.00250816624612,0.000111131186713,9.15752534638e-05
2016,Scotland,0,7.4,100,CNG Bus,Urban (not London),0.00069444446126,3.27659035975e-05,1.71282354131e-05
2016,Scotland,0,7.4,100,Diesel Car,Urban (not London),0.000175846376806,4.42193850176e-05,3.87630752812e-05
2016,Scotland,0,7.4,100,E85 Bioethanol Cars,Urban (not London),0.000838836247567,8.00639463705e-06,4.36073423771e-06
2016,Scotland,0,7.4,100,E85 Bioethanol LGV,Urban (not London),0.00099748140201,1.12297038868e-05,6.07202400715e-06
2016,Scotland,0,7.4,100,FCEV Bus,Urban (not London),0.0,3.13770142384e-05,1.58087914315e-05
2016,Scotland,0,7.4,100,FCEV Cars,Urban (not London),0.0,7.75497937866e-06,4.12188956034e-06
2016,Scotland,0,7.4,100,FCEV LGV,Urban (not London),0.0,1.09782886284e-05,5.83317932978e-06
2016,Scotland,0,7.4,100,Full Hybrid Diesel Cars,Urban (not London),0.000150619103806,1.43697388921e-05,1.04059117803e-05
2016,Scotland,0,7.4,100,Full Hybrid Petrol Cars,Urban (not London),0.000754952663556,8.06924890639e-06,4.42044574811e-06
2016,Scotland,0,7.4,100,Full Hybrid Petrol LGV,Urban (not London),1.15293833005e-05,1.11751205623e-05,6.02016962148e-06
2016,Scotland,0,7.4,100,Hybrid Bus,Urban (not London),0.000455785368104,3.96194227505e-05,2.36390787904e-05
2016,Scotland,0,7.4,100,LGV,Urban (not London),0.000397742289351,8.23320733616e-05,7.36192741897e-05
2016,Scotland,0,7.4,100,LPG Cars,Urban (not London),9.0555557108e-05,8.06924890639e-06,4.42044574811e-06
2016,Scotland,0,7.4,100,LPG LGV,Urban (not London),0.00014301284682,1.12925581561e-05,6.13173506281e-06
2016,Scotland,0,7.4,100,Motorcycle,Urban (not London),0.000132909030071,9.31325757847e-06,7.35287767384e-06
2016,Scotland,0,7.4,100,Petrol Car,Urban (not London),0.000838836247567,8.06924890639e-06,4.42044574811e-06
2016,Scotland,0,7.4,100,Plug-In Hybrid Petrol Cars,Urban (not London),0.000754952663556,8.03782131698e-06,4.39058976553e-06
2016,Scotland,0,7.4,100,Plug-In Hybrid Petrol LGV,Urban (not London),0.000897733261809,1.14650838441e-05,6.29563464827e-06
2016,Scotland,0,7.4,100,Rigid HGV,Urban (not London),0.00225075869821,0.00010366216884,8.48518538987e-05
2016,Scotland,0,7.4,110,Artic HGV,Urban (not London),0.00302575156093,0.000132858694997,0.000110961140308
2016,Scotland,0,7.4,110,B100 Artic HGV,Urban (not London),0.002490733983,4.1320319724e-05,2.39996879827e-05
2016,Scotland,0,7.4,110,B100 Bus,Urban (not London),0.00167097325902,3.41873819707e-05,1.84786404134e-05
2016,Scotland,0,7.4,110,B100 Coach,Urban (not London),0.00194049323909,3.84115555789e-05,2.2491605705e-05
2016,Scotland,0,7.4,110,B100 Rigid HGV,Urban (not London),0.00181335909292,3.33549796778e-05,1.8060023649e-05
2016,Scotland,0,7.4,110,Battery EV Cars,Urban (not London),0.0,7.75497937866e-06,4.12188956034e-06
2016,Scotland,0,7.4,110,Battery EV LGV,Urban (not London),0.0,1.09782886284e-05,5.83317932978e-06
2016,Scotland,0,7.4,110,Biogas Bus,Urban (not London),0.00069444446126,3.27659035975e-05,1.71282354131e-05
2016,Scotland,0,7.4,110,Biomethane Bus,Urban (not London),0.00069444446126,3.27659035975e-05,1.71282354131e-05
2016,Scotland,0,7.4,110,Bus and Coach,Urban (not London),0.00250562350266,0.000110725261038,9.11896277103e-05
2016,Scotland,0,7.4,110,CNG Bus,Urban (not London),0.00069444446126,3.27659035975e-05,1.71282354131e-05
2016,Scotland,0,7.4,110,Diesel Car,Urban (not London),0.000198371126316,5.18983615621e-05,4.60581031803e-05
2016,Scotland,0,7.4,110,E85 Bioethanol Cars,Urban (not London),0.000912082556169,8.00639463705e-06,4.36073423771e-06
2016,Scotland,0,7.4,110,E85 Bioethanol LGV,Urban (not London),0.00105048948899,1.12297038868e-05,6.07202400715e-06
2016,Scotland,0,7.4,110,FCEV Bus,Urban (not London),0.0,3.13770142384e-05,1.58087914315e-05
2016,Scotland,0,7.4,110,FCEV Cars,Urban (not London),0.0,7.75497937866e-06,4.12188956034e-06
2016,Scotland,0,7.4,110,FCEV LGV,Urban (not London),0.0,1.09782886284e-05,5.83317932978e-06
2016,Scotland,0,7.4,110,Full Hybrid Diesel Cars,Urban (not London),0.000170342624187,1.48595891005e-05,1.08712683868e-05
2016,Scotland,0,7.4,110,Full Hybrid Petrol Cars,Urban (not London),0.000820874294732,8.06924890639e-06,4.42044574811e-06
2016,Scotland,0,7.4,110,Full Hybrid Petrol LGV,Urban (not London),1.29024547277e-05,1.11751205623e-05,6.02016962148e-06
2016,Scotland,0,7.4,110,Hybrid Bus,Urban (not London),0.000455785368104,3.96194227505e-05,2.36390787904e-05
2016,Scotland,0,7.4,110,LGV,Urban (not London),0.000534805876669,8.67775524966e-05,7.78424800956e-05
2016,Scotland,0,7.4,110,LPG Cars,Urban (not London),9.0555557108e-05,8.06924890639e-06,4.42044574811e-06
2016,Scotland,0,7.4,110,LPG LGV,Urban (not London),0.000163551521837,1.12925581561e-05,6.13173506281e-06
2016,Scotland,0,7.4,110,Motorcycle,Urban (not London),0.000151467305841,9.31325757847e-06,7.35287767384e-06
2016,Scotland,0,7.4,110,Petrol Car,Urban (not London),0.000912082556169,8.06924890639e-06,4.42044574811e-06
2016,Scotland,0,7.4,110,Plug-In Hybrid Petrol Cars,Urban (not London),0.000820874294732,8.03782131698e-06,4.39058976553e-06
2016,Scotland,0,7.4,110,Plug-In Hybrid Petrol LGV,Urban (not London),0.000945440493524,1.15739749162e-05,6.39908103039e-06
2016,Scotland,0,7.4,110,Rigid HGV,Urban (not London),0.00225075869821,0.00010366216884,8.48518538987e-05
2016,Scotland,0,7.4,120,Artic HGV,Urban (not London),0.00302575156093,0.000132858694997,0.000110961140308
2016,Scotland,0,7.4,120,B100 Artic HGV,Urban (not London),0.002490733983,4.1320319724e-05,2.39996879827e-05
2016,Scotland,0,7.4,120,B100 Bus,Urban (not London),0.00167097325902,3.41873819707e-05,1.84786404134e-05
2016,Scotland,0,7.4,120,B100 Coach,Urban (not London),0.00194049323909,3.84115555789e-05,2.2491605705e-05
2016,Scotland,0,7.4,120,B100 Rigid HGV,Urban (not London),0.00181335909292,3.33549796778e-05,1.8060023649e-05
2016,Scotland,0,7.4,120,Battery EV Cars,Urban (not London),0.0,7.75497937866e-06,4.12188956034e-06
2016,Scotland,0,7.4,120,Battery EV LGV,Urban (not London),0.0,1.09782886284e-05,5.83317932978e-06
2016,Scotland,0,7.4,120,Biogas Bus,Urban (not London),0.00069444446126,3.27659035975e-05,1.71282354131e-05
2016,Scotland,0,7.4,120,Biomethane Bus,Urban (not London),0.00069444446126,3.27659035975e-05,1.71282354131e-05
2016,Scotland,0,7.4,120,Bus and Coach,Urban (not London),0.00250562350266,0.000110725261038,9.11896277103e-05
2016,Scotland,0,7.4,120,CNG Bus,Urban (not London),0.00069444446126,3.27659035975e-05,1.71282354131e-05
2016,Scotland,0,7.4,120,Diesel Car,Urban (not London),0.000227107171668,6.20654973318e-05,5.57168823434e-05
2016,Scotland,0,7.4,120,E85 Bioethanol Cars,Urban (not London),0.000991021515802,8.00639463705e-06,4.36073423771e-06
2016,Scotland,0,7.4,120,E85 Bioethanol LGV,Urban (not London),0.00106416479684,1.12297038868e-05,6.07202400715e-06
2016,Scotland,0,7.4,120,FCEV Bus,Urban (not London),0.0,3.13770142384e-05,1.58087914315e-05
2016,Scotland,0,7.4,120,FCEV Cars,Urban (not London),0.0,7.75497937866e-06,4.12188956034e-06
2016,Scotland,0,7.4,120,FCEV LGV,Urban (not London),0.0,1.09782886284e-05,5.83317932978e-06
2016,Scotland,0,7.4,120,Full Hybrid Diesel Cars,Urban (not London),0.000200883136131,1.55271936819e-05,1.15054936032e-05
2016,Scotland,0,7.4,120,Full Hybrid Petrol Cars,Urban (not London),0.000891919422429,8.06924890639e-06,4.42044574811e-06
2016,Scotland,0,7.4,120,Full Hybrid Petrol LGV,Urban (not London),1.46457514347e-05,1.11751205623e-05,6.02016962148e-06
2016,Scotland,0,7.4,120,Hybrid Bus,Urban (not London),0.000455785368104,3.96194227505e-05,2.36390787904e-05
2016,Scotland,0,7.4,120,LGV,Urban (not London),0.000536806299351,8.73848766787e-05,7.84194344305e-05
2016,Scotland,0,7.4,120,LPG Cars,Urban (not London),9.0555557108e-05,8.06924890639e-06,4.42044574811e-06
2016,Scotland,0,7.4,120,LPG LGV,Urban (not London),0.000164973724168,1.12925581561e-05,6.13173506281e-06
2016,Scotland,0,7.4,120,Motorcycle,Urban (not London),0.000179418362677,9.31325757847e-06,7.35287767384e-06
2016,Scotland,0,7.4,120,Petrol Car,Urban (not London),0.000991021515802,8.06924890639e-06,4.42044574811e-06
2016,Scotland,0,7.4,120,Plug-In Hybrid Petrol Cars,Urban (not London),0.000891919422429,8.03782131698e-06,4.39058976553e-06
2016,Scotland,0,7.4,120,Plug-In Hybrid Petrol LGV,Urban (not London),0.000957748328801,1.17201871035e-05,6.53798269923e-06
2016,Scotland,0,7.4,120,Rigid HGV,Urban (not London),0.00225075869821,0.00010366216884,8.48518538987e-05
2016,Scotland,0,7.4,130,Artic HGV,Urban (not London),0.00302575156093,0.000132858694997,0.000110961140308
2016,Scotland,0,7.4,130,B100 Artic HGV,Urban (not London),0.002490733983,4.1320319724e-05,2.39996879827e-05
2016,Scotland,0,7.4,130,B100 Bus,Urban (not London),0.00167097325902,3.41873819707e-05,1.84786404134e-05
2016,Scotland,0,7.4,130,B100 Coach,Urban (not London),0.00194049323909,3.84115555789e-05,2.2491605705e-05
2016,Scotland,0,7.4,130,B100 Rigid HGV,Urban (not London),0.00181335909292,3.33549796778e-05,1.8060023649e-05
2016,Scotland,0,7.4,130,Battery EV Cars,Urban (not London),0.0,7.75497937866e-06,4.12188956034e-06
2016,Scotland,0,7.4,130,Battery EV LGV,Urban (not London),0.0,1.09782886284e-05,5.83317932978e-06
2016,Scotland,0,7.4,130,Biogas Bus,Urban (not London),0.00069444446126,3.27659035975e-05,1.71282354131e-05
2016,Scotland,0,7.4,130,Biomethane Bus,Urban (not London),0.00069444446126,3.27659035975e-05,1.71282354131e-05
2016,Scotland,0,7.4,130,Bus and Coach,Urban (not London),0.00250562350266,0.000110725261038,9.11896277103e-05
2016,Scotland,0,7.4,130,CNG Bus,Urban (not London),0.00069444446126,3.27659035975e-05,1.71282354131e-05
2016,Scotland,0,7.4,130,Diesel Car,Urban (not London),0.000262054527411,7.47207886889e-05,6.77394127706e-05
2016,Scotland,0,7.4,130,E85 Bioethanol Cars,Urban (not London),0.00107565324288,8.00639463705e-06,4.36073423771e-06
2016,Scotland,0,7.4,130,E85 Bioethanol LGV,Urban (not London),0.00107851438224,1.12297038868e-05,6.07202400715e-06
2016,Scotland,0,7.4,130,FCEV Bus,Urban (not London),0.0,3.13770142384e-05,1.58087914315e-05
2016,Scotland,0,7.4,130,FCEV Cars,Urban (not London),0.0,7.75497937866e-06,4.12188956034e-06
2016,Scotland,0,7.4,130,FCEV LGV,Urban (not London),0.0,1.09782886284e-05,5.83317932978e-06
2016,Scotland,0,7.4,130,Full Hybrid Diesel Cars,Urban (not London),0.000247190648224,1.63725562743e-05,1.23085874293e-05
2016,Scotland,0,7.4,130,Full Hybrid Petrol Cars,Urban (not London),0.00096808798844,8.06924890639e-06,4.42044574811e-06
2016,Scotland,0,7.4,130,Full Hybrid Petrol LGV,Urban (not London),1.47275250129e-05,1.11751205623e-05,6.02016962148e-06
2016,Scotland,0,7.4,130,Hybrid Bus,Urban (not London),0.000455785368104,3.96194227505e-05,2.36390787904e-05
2016,Scotland,0,7.4,130,LGV,Urban (not London),0.000539168715477,8.8140819571e-05,7.9137585999e-05
2016,Scotland,0,7.4,130,LPG Cars,Urban (not London),9.0555557108e-05,8.06924890639e-06,4.42044574811e-06
2016,Scotland,0,7.4,130,LPG LGV,Urban (not London),0.000164973724168,1.12925581561e-05,6.13173506281e-06
2016,Scotland,0,7.4,130,Motorcycle,Urban (not London),0.000224907547818,9.31325757847e-06,7.35287767384e-06
2016,Scotland,0,7.4,130,Petrol Car,Urban (not London),0.00107565324288,8.06924890639e-06,4.42044574811e-06
2016,Scotland,0,7.4,130,Plug-In Hybrid Petrol Cars,Urban (not London),0.00096808798844,8.03782131698e-06,4.39058976553e-06
2016,Scotland,0,7.4,130,Plug-In Hybrid Petrol LGV,Urban (not London),0.000970662920736,1.19205451483e-05,6.72832265991e-06
2016,Scotland,0,7.4,130,Rigid HGV,Urban (not London),0.00225075869821,0.00010366216884,8.48518538987e-05
2016,Scotland,0,7.4,140,Artic HGV,Urban (not London),0.00302575156093,0.000132858694997,0.000110961140308
2016,Scotland,0,7.4,140,B100 Artic HGV,Urban (not London),0.002490733983,4.1320319724e-05,2.39996879827e-05
2016,Scotland,0,7.4,140,B100 Bus,Urban (not London),0.00167097325902,3.41873819707e-05,1.84786404134e-05
2016,Scotland,0,7.4,140,B100 Coach,Urban (not London),0.00194049323909,3.84115555789e-05,2.2491605705e-05
2016,Scotland,0,7.4,140,B100 Rigid HGV,Urban (not London),0.00181335909292,3.33549796778e-05,1.8060023649e-05
2016,Scotland,0,7.4,140,Battery EV Cars,Urban (not London),0.0,7.75497937866e-06,4.12188956034e-06
2016,Scotland,0,7.4,140,Battery EV LGV,Urban (not London),0.0,1.09782886284e-05,5.83317932978e-06
2016,Scotland,0,7.4,140,Biogas Bus,Urban (not London),0.00069444446126,3.27659035975e-05,1.71282354131e-05
2016,Scotland,0,7.4,140,Biomethane Bus,Urban (not London),0.00069444446126,3.27659035975e-05,1.71282354131e-05
2016,Scotland,0,7.4,140,Bus and Coach,Urban (not London),0.00250562350266,0.000110725261038,9.11896277103e-05
2016,Scotland,0,7.4,140,CNG Bus,Urban (not London),0.00069444446126,3.27659035975e-05,1.71282354131e-05
2016,Scotland,0,7.4,140,Diesel Car,Urban (not London),0.000262054527411,7.47207886889e-05,6.77394127706e-05
2016,Scotland,0,7.4,140,E85 Bioethanol Cars,Urban (not London),0.00107565324288,8.00639463705e-06,4.36073423771e-06
2016,Scotland,0,7.4,140,E85 Bioethanol LGV,Urban (not London),0.00107851438224,1.12297038868e-05,6.07202400715e-06
2016,Scotland,0,7.4,140,FCEV Bus,Urban (not London),0.0,3.13770142384e-05,1.58087914315e-05
2016,Scotland,0,7.4,140,FCEV Cars,Urban (not London),0.0,7.75497937866e-06,4.12188956034e-06
2016,Scotland,0,7.4,140,FCEV LGV,Urban (not London),0.0,1.09782886284e-05,5.83317932978e-06
2016,Scotland,0,7.4,140,Full Hybrid Diesel Cars,Urban (not London),0.000247190648224,1.63725562743e-05,1.23085874293e-05
2016,Scotland,0,7.4,140,Full Hybrid Petrol Cars,Urban (not London),0.00096808798844,8.06924890639e-06,4.42044574811e-06
2016,Scotland,0,7.4,140,Full Hybrid Petrol LGV,Urban (not London),1.47275250129e-05,1.11751205623e-05,6.02016962148e-06
2016,Scotland,0,7.4,140,Hybrid Bus,Urban (not London),0.000455785368104,3.96194227505e-05,2.36390787904e-05
2016,Scotland,0,7.4,140,LGV,Urban (not London),0.000539168715477,8.8140819571e-05,7.9137585999e-05
2016,Scotland,0,7.4,140,LPG Cars,Urban (not London),9.0555557108e-05,8.06924890639e-06,4.42044574811e-06
2016,Scotland,0,7.4,140,LPG LGV,Urban (not London),0.000164973724168,1.12925581561e-05,6.13173506281e-06
2016,Scotland,0,7.4,140,Motorcycle,Urban (not London),0.000300026324112,9.31325757847e-06,7.35287767384e-06
2016,Scotland,0,7.4,140,Petrol Car,Urban (not London),0.00107565324288,8.06924890639e-06,4.42044574811e-06
2016,Scotland,0,7.4,140,Plug-In Hybrid Petrol Cars,Urban (not London),0.00096808798844,8.03782131698e-06,4.39058976553e-06
2016,Scotland,0,7.4,140,Plug-In Hybrid Petrol LGV,Urban (not London),0.000970662920736,1.21356997624e-05,6.9327197707e-06
2016,Scotland,0,7.4,140,Rigid HGV,Urban (not London),0.00225075869821,0.00010366216884,8.48518538987e-05
2016,Scotland,1,7.4,5,Artic HGV,Motorway (not London),0.00552122201771,0.000295893521979,0.000273386191111
2016,Scotland,1,7.4,5,B100 Artic HGV,Motorway (not London),0.00667868088931,3.63980361726e-05,2.68654639513e-05
2016,Scotland,1,7.4,5,B100 Bus,Motorway (not London),0.0045799841173,2.70554410235e-05,1.88185531442e-05
2016,Scotland,1,7.4,5,B100 Coach,Motorway (not London),0.00632201088592,5.18123997608e-05,4.23376659455e-05
2016,Scotland,1,7.4,5,B100 Rigid HGV,Motorway (not London),0.00409103464335,2.65182625299e-05,1.85938242794e-05
2016,Scotland,1,7.4,5,Battery EV Cars,Motorway (not London),0.0,4.0696081669e-06,2.40208009927e-06
2016,Scotland,1,7.4,5,Battery EV LGV,Motorway (not London),0.0,5.21319179825e-06,3.13913324135e-06
2016,Scotland,1,7.4,5,Biogas Bus,Motorway (not London),0.00069444446126,1.93561409105e-05,1.15042184916e-05
2016,Scotland,1,7.4,5,Biomethane Bus,Motorway (not London),0.00069444446126,1.93561409105e-05,1.15042184916e-05
2016,Scotland,1,7.4,5,Bus and Coach,Motorway (not London),0.0057472824119,0.00026542856358,0.000245273025939
2016,Scotland,1,7.4,5,CNG Bus,Motorway (not London),0.00069444446126,1.93561409105e-05,1.15042184916e-05
2016,Scotland,1,7.4,5,Diesel Car,Motorway (not London),0.000366908294382,2.39657219936e-05,2.13033872569e-05
2016,Scotland,1,7.4,5,E85 Bioethanol Cars,Motorway (not London),0.000308735237923,4.49569142802e-06,2.80685890175e-06
2016,Scotland,1,7.4,5,E85 Bioethanol LGV,Motorway (not London),0.000357161188731,5.63927460462e-06,3.5439122712e-06
2016,Scotland,1,7.4,5,FCEV Bus,Motorway (not London),0.0,1.79672515515e-05,1.018477451e-05
2016,Scotland,1,7.4,5,FCEV Cars,Motorway (not London),0.0,4.0696081669e-06,2.40208009927e-06
2016,Scotland,1,7.4,5,FCEV LGV,Motorway (not London),0.0,5.21319179825e-06,3.13913324135e-06
2016,Scotland,1,7.4,5,Full Hybrid Diesel Cars,Motorway (not London),0.00027608484379,1.42747267091e-05,1.20969425552e-05
2016,Scotland,1,7.4,5,Full Hybrid Petrol Cars,Motorway (not London),0.000217896289541,4.60221190224e-06,2.90805360237e-06
2016,Scotland,1,7.4,5,Full Hybrid Petrol LGV,Motorway (not London),1.35751561174e-05,5.42490988664e-06,3.34026572091e-06
2016,Scotland,1,7.4,5,Hybrid Bus,Motorway (not London),0.00397092988715,3.7766447349e-05,2.89940089715e-05
2016,Scotland,1,7.4,5,LGV,Motorway (not London),0.000476064247778,3.53960458597e-05,3.18128477375e-05
2016,Scotland,1,7.4,5,LPG Cars,Motorway (not London),8.80555526237e-05,4.60221190224e-06,2.90805360237e-06
2016,Scotland,1,7.4,5,LPG LGV,Motorway (not London),0.000261580717051,5.74579553358e-06,3.64510697182e-06
2016,Scotland,1,7.4,5,Motorcycle,Motorway (not London),6.03414009674e-05,5.02181865158e-06,4.15230806539e-06
2016,Scotland,1,7.4,5,Petrol Car,Motorway (not London),0.000308735237923,4.60221190224e-06,2.90805360237e-06
2016,Scotland,1,7.4,5,Plug-In Hybrid Petrol Cars,Motorway (not London),4.35792571807e-05,4.12286863138e-06,2.4526773359e-06
2016,Scotland,1,7.4,5,Plug-In Hybrid Petrol LGV,Motorway (not London),8.46194088808e-05,5.23437302036e-06,3.15925581162e-06
2016,Scotland,1,7.4,5,Rigid HGV,Motorway (not London),0.00336765637621,0.000192833322217,0.000176593137439
2016,Scotland,1,7.4,6,Artic HGV,Motorway (not London),0.00552122201771,0.000295893521979,0.000273386191111
2016,Scotland,1,7.4,6,B100 Artic HGV,Motorway (not London),0.00667868088931,3.63980361726e-05,2.68654639513e-05
2016,Scotland,1,7.4,6,B100 Bus,Motorway (not London),0.0045799841173,2.70554410235e-05,1.88185531442e-05
2016,Scotland,1,7.4,6,B100 Coach,Motorway (not London),0.00632201088592,5.18123997608e-05,4.23376659455e-05
2016,Scotland,1,7.4,6,B100 Rigid HGV,Motorway (not London),0.00409103464335,2.65182625299e-05,1.85938242794e-05
2016,Scotland,1,7.4,6,Battery EV Cars,Motorway (not London),0.0,4.0696081669e-06,2.40208009927e-06
2016,Scotland,1,7.4,6,Battery EV LGV,Motorway (not London),0.0,5.21319179825e-06,3.13913324135e-06
2016,Scotland,1,7.4,6,Biogas Bus,Motorway (not London),0.00069444446126,1.93561409105e-05,1.15042184916e-05
2016,Scotland,1,7.4,6,Biomethane Bus,Motorway (not London),0.00069444446126,1.93561409105e-05,1.15042184916e-05
2016,Scotland,1,7.4,6,Bus and Coach,Motorway (not London),0.0057472824119,0.00026542856358,0.000245273025939
2016,Scotland,1,7.4,6,CNG Bus,Motorway (not London),0.00069444446126,1.93561409105e-05,1.15042184916e-05
2016,Scotland,1,7.4,6,Diesel Car,Motorway (not London),0.000366908294382,2.39657219936e-05,2.13033872569e-05
2016,Scotland,1,7.4,6,E85 Bioethanol Cars,Motorway (not London),0.00030436416273,4.49569142802e-06,2.80685890175e-06
2016,Scotland,1,7.4,6,E85 Bioethanol LGV,Motorway (not London),0.000356460775947,5.63927460462e-06,3.5439122712e-06
2016,Scotland,1,7.4,6,FCEV Bus,Motorway (not London),0.0,1.79672515515e-05,1.018477451e-05
2016,Scotland,1,7.4,6,FCEV Cars,Motorway (not London),0.0,4.0696081669e-06,2.40208009927e-06
2016,Scotland,1,7.4,6,FCEV LGV,Motorway (not London),0.0,5.21319179825e-06,3.13913324135e-06
2016,Scotland,1,7.4,6,Full Hybrid Diesel Cars,Motorway (not London),0.00027608484379,1.42747267091e-05,1.20969425552e-05
2016,Scotland,1,7.4,6,Full Hybrid Petrol Cars,Motorway (not London),0.000217896289541,4.60221190224e-06,2.90805360237e-06
2016,Scotland,1,7.4,6,Full Hybrid Petrol LGV,Motorway (not London),1.35213149406e-05,5.42490988664e-06,3.34026572091e-06
2016,Scotland,1,7.4,6,Hybrid Bus,Motorway (not London),0.00343760405667,3.7766447349e-05,2.89940089715e-05
2016,Scotland,1,7.4,6,LGV,Motorway (not London),0.000476041372167,3.53960458597e-05,3.18128477375e-05
2016,Scotland,1,7.4,6,LPG Cars,Motorway (not London),8.80555526237e-05,4.60221190224e-06,2.90805360237e-06
2016,Scotland,1,7.4,6,LPG LGV,Motorway (not London),0.000261580717051,5.74579553358e-06,3.64510697182e-06
2016,Scotland,1,7.4,6,Motorcycle,Motorway (not London),6.03414009674e-05,5.02181865158e-06,4.15230806539e-06
2016,Scotland,1,7.4,6,Petrol Car,Motorway (not London),0.00030436416273,4.60221190224e-06,2.90805360237e-06
2016,Scotland,1,7.4,6,Plug-In Hybrid Petrol Cars,Motorway (not London),4.35792571807e-05,4.12286863138e-06,2.4526773359e-06
2016,Scotland,1,7.4,6,Plug-In Hybrid Petrol LGV,Motorway (not London),8.46194088808e-05,5.23373819306e-06,3.15865236189e-06
2016,Scotland,1,7.4,6,Rigid HGV,Motorway (not London),0.00336765637621,0.000192833322217,0.000176593137439
2016,Scotland,1,7.4,7,Artic HGV,Motorway (not London),0.00552122201771,0.000295893521979,0.000273386191111
2016,Scotland,1,7.4,7,B100 Artic HGV,Motorway (not London),0.00667868088931,3.63980361726e-05,2.68654639513e-05
2016,Scotland,1,7.4,7,B100 Bus,Motorway (not London),0.0045799841173,2.70554410235e-05,1.88185531442e-05
2016,Scotland,1,7.4,7,B100 Coach,Motorway (not London),0.00632201088592,5.18123997608e-05,4.23376659455e-05
2016,Scotland,1,7.4,7,B100 Rigid HGV,Motorway (not London),0.00409103464335,2.65182625299e-05,1.85938242794e-05
2016,Scotland,1,7.4,7,Battery EV Cars,Motorway (not London),0.0,4.0696081669e-06,2.40208009927e-06
2016,Scotland,1,7.4,7,Battery EV LGV,Motorway (not London),0.0,5.21319179825e-06,3.13913324135e-06
2016,Scotland,1,7.4,7,Biogas Bus,Motorway (not London),0.00069444446126,1.93561409105e-05,1.15042184916e-05
2016,Scotland,1,7.4,7,Biomethane Bus,Motorway (not London),0.00069444446126,1.93561409105e-05,1.15042184916e-05
2016,Scotland,1,7.4,7,Bus and Coach,Motorway (not London),0.0057472824119,0.00026542856358,0.000245273025939
2016,Scotland,1,7.4,7,CNG Bus,Motorway (not London),0.00069444446126,1.93561409105e-05,1.15042184916e-05
2016,Scotland,1,7.4,7,Diesel Car,Motorway (not London),0.000366908294382,2.39657219936e-05,2.13033872569e-05
2016,Scotland,1,7.4,7,E85 Bioethanol Cars,Motorway (not London),0.000300084269838,4.49569142802e-06,2.80685890175e-06
2016,Scotland,1,7.4,7,E85 Bioethanol LGV,Motorway (not London),0.00035577500239,5.63927460462e-06,3.5439122712e-06
2016,Scotland,1,7.4,7,FCEV Bus,Motorway (not London),0.0,1.79672515515e-05,1.018477451e-05
2016,Scotland,1,7.4,7,FCEV Cars,Motorway (not London),0.0,4.0696081669e-06,2.40208009927e-06
2016,Scotland,1,7.4,7,FCEV LGV,Motorway (not London),0.0,5.21319179825e-06,3.13913324135e-06
2016,Scotland,1,7.4,7,Full Hybrid Diesel Cars,Motorway (not London),0.00027608484379,1.42747267091e-05,1.20969425552e-05
2016,Scotland,1,7.4,7,Full Hybrid Petrol Cars,Motorway (not London),0.000217896289541,4.60221190224e-06,2.90805360237e-06
2016,Scotland,1,7.4,7,Full Hybrid Petrol LGV,Motorway (not London),1.34679821713e-05,5.42490988664e-06,3.34026572091e-06
2016,Scotland,1,7.4,7,Hybrid Bus,Motorway (not London),0.00304097239859,3.7766447349e-05,2.89940089715e-05
2016,Scotland,1,7.4,7,LGV,Motorway (not London),0.000476018933114,3.53960458597e-05,3.18128477375e-05
2016,Scotland,1,7.4,7,LPG Cars,Motorway (not London),8.80555526237e-05,4.60221190224e-06,2.90805360237e-06
2016,Scotland,1,7.4,7,LPG LGV,Motorway (not London),0.000261580717051,5.74579553358e-06,3.64510697182e-06
2016,Scotland,1,7.4,7,Motorcycle,Motorway (not London),6.03414009674e-05,5.02181865158e-06,4.15230806539e-06
2016,Scotland,1,7.4,7,Petrol Car,Motorway (not London),0.000300084269838,4.60221190224e-06,2.90805360237e-06
2016,Scotland,1,7.4,7,Plug-In Hybrid Petrol Cars,Motorway (not London),4.35792571807e-05,4.12286863138e-06,2.4526773359e-06
2016,Scotland,1,7.4,7,Plug-In Hybrid Petrol LGV,Motorway (not London),8.46194088808e-05,5.23303015143e-06,3.15798001793e-06
2016,Scotland,1,7.4,7,Rigid HGV,Motorway (not London),0.00336765637621,0.000192833322217,0.000176593137439
2016,Scotland,1,7.4,8,Artic HGV,Motorway (not London),0.00552122201771,0.000295893521979,0.000273386191111
2016,Scotland,1,7.4,8,B100 Artic HGV,Motorway (not London),0.00667868088931,3.63980361726e-05,2.68654639513e-05
2016,Scotland,1,7.4,8,B100 Bus,Motorway (not London),0.0045799841173,2.70554410235e-05,1.88185531442e-05
2016,Scotland,1,7.4,8,B100 Coach,Motorway (not London),0.00632201088592,5.18123997608e-05,4.23376659455e-05
2016,Scotland,1,7.4,8,B100 Rigid HGV,Motorway (not London),0.00409103464335,2.65182625299e-05,1.85938242794e-05
2016,Scotland,1,7.4,8,Battery EV Cars,Motorway (not London),0.0,4.0696081669e-06,2.40208009927e-06
2016,Scotland,1,7.4,8,Battery EV LGV,Motorway (not London),0.0,5.21319179825e-06,3.13913324135e-06
2016,Scotland,1,7.4,8,Biogas Bus,Motorway (not London),0.00069444446126,1.93561409105e-05,1.15042184916e-05
2016,Scotland,1,7.4,8,Biomethane Bus,Motorway (not London),0.00069444446126,1.93561409105e-05,1.15042184916e-05
2016,Scotland,1,7.4,8,Bus and Coach,Motorway (not London),0.0057472824119,0.00026542856358,0.000245273025939
2016,Scotland,1,7.4,8,CNG Bus,Motorway (not London),0.00069444446126,1.93561409105e-05,1.15042184916e-05
2016,Scotland,1,7.4,8,Diesel Car,Motorway (not London),0.000366908294382,2.39657219936e-05,2.13033872569e-05
2016,Scotland,1,7.4,8,E85 Bioethanol Cars,Motorway (not London),0.000295895646559,4.49569142802e-06,2.80685890175e-06
2016,Scotland,1,7.4,8,E85 Bioethanol LGV,Motorway (not London),0.000355103838956,5.63927460462e-06,3.5439122712e-06
2016,Scotland,1,7.4,8,FCEV Bus,Motorway (not London),0.0,1.79672515515e-05,1.018477451e-05
2016,Scotland,1,7.4,8,FCEV Cars,Motorway (not London),0.0,4.0696081669e-06,2.40208009927e-06
2016,Scotland,1,7.4,8,FCEV LGV,Motorway (not London),0.0,5.21319179825e-06,3.13913324135e-06
2016,Scotland,1,7.4,8,Full Hybrid Diesel Cars,Motorway (not London),0.00027608484379,1.42747267091e-05,1.20969425552e-05
2016,Scotland,1,7.4,8,Full Hybrid Petrol Cars,Motorway (not London),0.000217896289541,4.60221190224e-06,2.90805360237e-06
2016,Scotland,1,7.4,8,Full Hybrid Petrol LGV,Motorway (not London),1.3415158719e-05,5.42490988664e-06,3.34026572091e-06
2016,Scotland,1,7.4,8,Hybrid Bus,Motorway (not London),0.00274155149236,3.7766447349e-05,2.89940089715e-05
2016,Scotland,1,7.4,8,LGV,Motorway (not London),0.000475997017929,3.53960458597e-05,3.18128477375e-05
2016,Scotland,1,7.4,8,LPG Cars,Motorway (not London),8.80555526237e-05,4.60221190224e-06,2.90805360237e-06
2016,Scotland,1,7.4,8,LPG LGV,Motorway (not London),0.000261580717051,5.74579553358e-06,3.64510697182e-06
2016,Scotland,1,7.4,8,Motorcycle,Motorway (not London),6.03414009674e-05,5.02181865158e-06,4.15230806539e-06
2016,Scotland,1,7.4,8,Petrol Car,Motorway (not London),0.000295895646559,4.60221190224e-06,2.90805360237e-06
2016,Scotland,1,7.4,8,Plug-In Hybrid Petrol Cars,Motorway (not London),4.35792571807e-05,4.12286863138e-06,2.4526773359e-06
2016,Scotland,1,7.4,8,Plug-In Hybrid Petrol LGV,Motorway (not London),8.46194088808e-05,5.23238622918e-06,3.15736838274e-06
2016,Scotland,1,7.4,8,Rigid HGV,Motorway (not London),0.00336765637621,0.000192833322217,0.000176593137439
2016,Scotland,1,7.4,9,Artic HGV,Motorway (not London),0.00552122201771,0.000295893521979,0.000273386191111
2016,Scotland,1,7.4,9,B100 Artic HGV,Motorway (not London),0.00667868088931,3.63980361726e-05,2.68654639513e-05
2016,Scotland,1,7.4,9,B100 Bus,Motorway (not London),0.0045799841173,2.70554410235e-05,1.88185531442e-05
2016,Scotland,1,7.4,9,B100 Coach,Motorway (not London),0.00632201088592,5.18123997608e-05,4.23376659455e-05
2016,Scotland,1,7.4,9,B100 Rigid HGV,Motorway (not London),0.00409103464335,2.65182625299e-05,1.85938242794e-05
2016,Scotland,1,7.4,9,Battery EV Cars,Motorway (not London),0.0,4.0696081669e-06,2.40208009927e-06
2016,Scotland,1,7.4,9,Battery EV LGV,Motorway (not London),0.0,5.21319179825e-06,3.13913324135e-06
2016,Scotland,1,7.4,9,Biogas Bus,Motorway (not London),0.00069444446126,1.93561409105e-05,1.15042184916e-05
2016,Scotland,1,7.4,9,Biomethane Bus,Motorway (not London),0.00069444446126,1.93561409105e-05,1.15042184916e-05
2016,Scotland,1,7.4,9,Bus and Coach,Motorway (not London),0.0057472824119,0.00026542856358,0.000245273025939
2016,Scotland,1,7.4,9,CNG Bus,Motorway (not London),0.00069444446126,1.93561409105e-05,1.15042184916e-05
2016,Scotland,1,7.4,9,Diesel Car,Motorway (not London),0.000366908294382,2.39657219936e-05,2.13033872569e-05
2016,Scotland,1,7.4,9,E85 Bioethanol Cars,Motorway (not London),0.000291798205581,4.49569142802e-06,2.80685890175e-06
2016,Scotland,1,7.4,9,E85 Bioethanol LGV,Motorway (not London),0.000354447285645,5.63927460462e-06,3.5439122712e-06
2016,Scotland,1,7.4,9,FCEV Bus,Motorway (not London),0.0,1.79672515515e-05,1.018477451e-05
2016,Scotland,1,7.4,9,FCEV Cars,Motorway (not London),0.0,4.0696081669e-06,2.40208009927e-06
2016,Scotland,1,7.4,9,FCEV LGV,Motorway (not London),0.0,5.21319179825e-06,3.13913324135e-06
2016,Scotland,1,7.4,9,Full Hybrid Diesel Cars,Motorway (not London),0.00027608484379,1.42747267091e-05,1.20969425552e-05
2016,Scotland,1,7.4,9,Full Hybrid Petrol Cars,Motorway (not London),0.000217896289541,4.60221190224e-06,2.90805360237e-06
2016,Scotland,1,7.4,9,Full Hybrid Petrol LGV,Motorway (not London),1.33628445838e-05,5.42490988664e-06,3.34026572091e-06
2016,Scotland,1,7.4,9,Hybrid Bus,Motorway (not London),0.00250743003562,3.7766447349e-05,2.89940089715e-05
2016,Scotland,1,7.4,9,LGV,Motorway (not London),0.000475975539302,3.53960458597e-05,3.18128477375e-05
2016,Scotland,1,7.4,9,LPG Cars,Motorway (not London),8.80555526237e-05,4.60221190224e-06,2.90805360237e-06
2016,Scotland,1,7.4,9,LPG LGV,Motorway (not London),0.000261580717051,5.74579553358e-06,3.64510697182e-06
2016,Scotland,1,7.4,9,Motorcycle,Motorway (not London),6.03414009674e-05,5.02181865158e-06,4.15230806539e-06
2016,Scotland,1,7.4,9,Petrol Car,Motorway (not London),0.000291798205581,4.60221190224e-06,2.90805360237e-06
2016,Scotland,1,7.4,9,Plug-In Hybrid Petrol Cars,Motorway (not London),4.35792571807e-05,4.12286863138e-06,2.4526773359e-06
2016,Scotland,1,7.4,9,Plug-In Hybrid Petrol LGV,Motorway (not London),8.46194088808e-05,5.23184007761e-06,3.15684928864e-06
2016,Scotland,1,7.4,9,Rigid HGV,Motorway (not London),0.00336765637621,0.000192833322217,0.000176593137439
2016,Scotland,1,7.4,10,Artic HGV,Motorway (not London),0.00552122201771,0.000295893521979,0.000273386191111
2016,Scotland,1,7.4,10,B100 Artic HGV,Motorway (not London),0.00667868088931,3.63980361726e-05,2.68654639513e-05
2016,Scotland,1,7.4,10,B100 Bus,Motorway (not London),0.0045799841173,2.70554410235e-05,1.88185531442e-05
2016,Scotland,1,7.4,10,B100 Coach,Motorway (not London),0.00632201088592,5.18123997608e-05,4.23376659455e-05
2016,Scotland,1,7.4,10,B100 Rigid HGV,Motorway (not London),0.00409103464335,2.65182625299e-05,1.85938242794e-05
2016,Scotland,1,7.4,10,Battery EV Cars,Motorway (not London),0.0,4.0696081669e-06,2.40208009927e-06
2016,Scotland,1,7.4,10,Battery EV LGV,Motorway (not London),0.0,5.21319179825e-06,3.13913324135e-06
2016,Scotland,1,7.4,10,Biogas Bus,Motorway (not London),0.00069444446126,1.93561409105e-05,1.15042184916e-05
2016,Scotland,1,7.4,10,Biomethane Bus,Motorway (not London),0.00069444446126,1.93561409105e-05,1.15042184916e-05
2016,Scotland,1,7.4,10,Bus and Coach,Motorway (not London),0.0057472824119,0.00026542856358,0.000245273025939
2016,Scotland,1,7.4,10,CNG Bus,Motorway (not London),0.00069444446126,1.93561409105e-05,1.15042184916e-05
2016,Scotland,1,7.4,10,Diesel Car,Motorway (not London),0.000366908294382,2.39657219936e-05,2.13033872569e-05
2016,Scotland,1,7.4,10,E85 Bioethanol Cars,Motorway (not London),0.000287791976007,4.49569142802e-06,2.80685890175e-06
2016,Scotland,1,7.4,10,E85 Bioethanol LGV,Motorway (not London),0.000353805342456,5.63927460462e-06,3.5439122712e-06
2016,Scotland,1,7.4,10,FCEV Bus,Motorway (not London),0.0,1.79672515515e-05,1.018477451e-05
2016,Scotland,1,7.4,10,FCEV Cars,Motorway (not London),0.0,4.0696081669e-06,2.40208009927e-06
2016,Scotland,1,7.4,10,FCEV LGV,Motorway (not London),0.0,5.21319179825e-06,3.13913324135e-06
2016,Scotland,1,7.4,10,Full Hybrid Diesel Cars,Motorway (not London),0.00027608484379,1.42747267091e-05,1.20969425552e-05
2016,Scotland,1,7.4,10,Full Hybrid Petrol Cars,Motorway (not London),0.000217896289541,4.60221190224e-06,2.90805360237e-06
2016,Scotland,1,7.4,10,Full Hybrid Petrol LGV,Motorway (not London),1.3311038856e-05,5.42490988664e-06,3.34026572091e-06
2016,Scotland,1,7.4,10,Hybrid Bus,Motorway (not London),0.00231695338152,3.7766447349e-05,2.89940089715e-05
2016,Scotland,1,7.4,10,LGV,Motorway (not London),0.000475954555441,3.53960458597e-05,3.18128477375e-05
2016,Scotland,1,7.4,10,LPG Cars,Motorway (not London),8.80555526237e-05,4.60221190224e-06,2.90805360237e-06
2016,Scotland,1,7.4,10,LPG LGV,Motorway (not London),0.000261580717051,5.74579553358e-06,3.64510697182e-06
2016,Scotland,1,7.4,10,Motorcycle,Motorway (not London),6.03414009674e-05,5.02181865158e-06,4.15230806539e-06
2016,Scotland,1,7.4,10,Petrol Car,Motorway (not London),0.000287791976007,4.60221190224e-06,2.90805360237e-06
2016,Scotland,1,7.4,10,Plug-In Hybrid Petrol Cars,Motorway (not London),4.35792571807e-05,4.12286863138e-06,2.4526773359e-06
2016,Scotland,1,7.4,10,Plug-In Hybrid Petrol LGV,Motorway (not London),8.46194088808e-05,5.23139169673e-06,3.15642341775e-06
2016,Scotland,1,7.4,10,Rigid HGV,Motorway (not London),0.00336765637621,0.000192833322217,0.000176593137439
2016,Scotland,1,7.4,12,Artic HGV,Motorway (not London),0.00552122201771,0.000295893521979,0.000273386191111
2016,Scotland,1,7.4,12,B100 Artic HGV,Motorway (not London),0.00667868088931,3.63980361726e-05,2.68654639513e-05
2016,Scotland,1,7.4,12,B100 Bus,Motorway (not London),0.00432474305853,2.65782946371e-05,1.83652646228e-05
2016,Scotland,1,7.4,12,B100 Coach,Motorway (not London),0.00632201088592,4.98055705975e-05,4.04311795137e-05
2016,Scotland,1,7.4,12,B100 Rigid HGV,Motorway (not London),0.00409103464335,2.65182625299e-05,1.85938242794e-05
2016,Scotland,1,7.4,12,Battery EV Cars,Motorway (not London),0.0,4.0696081669e-06,2.40208009927e-06
2016,Scotland,1,7.4,12,Battery EV LGV,Motorway (not London),0.0,5.21319179825e-06,3.13913324135e-06
2016,Scotland,1,7.4,12,Biogas Bus,Motorway (not London),0.00069444446126,1.93561409105e-05,1.15042184916e-05
2016,Scotland,1,7.4,12,Biomethane Bus,Motorway (not London),0.00069444446126,1.93561409105e-05,1.15042184916e-05
2016,Scotland,1,7.4,12,Bus and Coach,Motorway (not London),0.0057472824119,0.00026542856358,0.000245273025939
2016,Scotland,1,7.4,12,CNG Bus,Motorway (not London),0.00069444446126,1.93561409105e-05,1.15042184916e-05
2016,Scotland,1,7.4,12,Diesel Car,Motorway (not London),0.000331155228196,2.31794638239e-05,2.05564429052e-05
2016,Scotland,1,7.4,12,E85 Bioethanol Cars,Motorway (not London),0.000280743930489,4.49569142802e-06,2.80685890175e-06
2016,Scotland,1,7.4,12,E85 Bioethanol LGV,Motorway (not London),0.000348575675162,5.63927460462e-06,3.5439122712e-06
2016,Scotland,1,7.4,12,FCEV Bus,Motorway (not London),0.0,1.79672515515e-05,1.018477451e-05
2016,Scotland,1,7.4,12,FCEV Cars,Motorway (not London),0.0,4.0696081669e-06,2.40208009927e-06
2016,Scotland,1,7.4,12,FCEV LGV,Motorway (not London),0.0,5.21319179825e-06,3.13913324135e-06
2016,Scotland,1,7.4,12,Full Hybrid Diesel Cars,Motorway (not London),0.000260619359324,1.40385163832e-05,1.1872542018e-05
2016,Scotland,1,7.4,12,Full Hybrid Petrol Cars,Motorway (not London),0.000219869747525,4.60221190224e-06,2.90805360237e-06
2016,Scotland,1,7.4,12,Full Hybrid Petrol LGV,Motorway (not London),1.29564023155e-05,5.42490988664e-06,3.34026572091e-06
2016,Scotland,1,7.4,12,Hybrid Bus,Motorway (not London),0.00201882841066,3.57366188837e-05,2.70656746579e-05
2016,Scotland,1,7.4,12,LGV,Motorway (not London),0.000460093782749,3.38325844496e-05,3.0327555578e-05
2016,Scotland,1,7.4,12,LPG Cars,Motorway (not London),8.80555526237e-05,4.60221190224e-06,2.90805360237e-06
2016,Scotland,1,7.4,12,LPG LGV,Motorway (not London),0.000251243560342,5.74579553358e-06,3.64510697182e-06
2016,Scotland,1,7.4,12,Motorcycle,Motorway (not London),5.67226998101e-05,5.02181865158e-06,4.15230806539e-06
2016,Scotland,1,7.4,12,Petrol Car,Motorway (not London),0.000280743930489,4.60221190224e-06,2.90805360237e-06
2016,Scotland,1,7.4,12,Plug-In Hybrid Petrol Cars,Motorway (not London),4.39739524154e-05,4.12286863138e-06,2.4526773359e-06
2016,Scotland,1,7.4,12,Plug-In Hybrid Petrol LGV,Motorway (not London),8.60859145178e-05,5.23036760569e-06,3.15545048579e-06
2016,Scotland,1,7.4,12,Rigid HGV,Motorway (not London),0.00336765637621,0.000192833322217,0.000176593137439
2016,Scotland,1,7.4,14,Artic HGV,Motorway (not London),0.00511376094073,0.000274512247415,0.000253073958447
2016,Scotland,1,7.4,14,B100 Artic HGV,Motorway (not London),0.00615450460464,3.52220631612e-05,2.57482915913e-05
2016,Scotland,1,7.4,14,B100 Bus,Motorway (not London),0.00392568437383,2.57644569501e-05,1.75921195478e-05
2016,Scotland,1,7.4,14,B100 Coach,Motorway (not London),0.00561618898064,4.62252646685e-05,3.70298876078e-05
2016,Scotland,1,7.4,14,B100 Rigid HGV,Motorway (not London),0.00373705918901,2.53891521425e-05,1.75211680471e-05
2016,Scotland,1,7.4,14,Battery EV Cars,Motorway (not London),0.0,4.0696081669e-06,2.40208009927e-06
2016,Scotland,1,7.4,14,Battery EV LGV,Motorway (not London),0.0,5.21319179825e-06,3.13913324135e-06
2016,Scotland,1,7.4,14,Biogas Bus,Motorway (not London),0.00069444446126,1.93561409105e-05,1.15042184916e-05
2016,Scotland,1,7.4,14,Biomethane Bus,Motorway (not London),0.00069444446126,1.93561409105e-05,1.15042184916e-05
2016,Scotland,1,7.4,14,Bus and Coach,Motorway (not London),0.0051056263037,0.000236689666053,0.000217971071834
2016,Scotland,1,7.4,14,CNG Bus,Motorway (not London),0.00069444446126,1.93561409105e-05,1.15042184916e-05
2016,Scotland,1,7.4,14,Diesel Car,Motorway (not London),0.000302611559164,2.24319865083e-05,1.98463385459e-05
2016,Scotland,1,7.4,14,E85 Bioethanol Cars,Motorway (not London),0.000274100631941,4.49569142802e-06,2.80685890175e-06
2016,Scotland,1,7.4,14,E85 Bioethanol LGV,Motorway (not London),0.000343640567735,5.63927460462e-06,3.5439122712e-06
2016,Scotland,1,7.4,14,FCEV Bus,Motorway (not London),0.0,1.79672515515e-05,1.018477451e-05
2016,Scotland,1,7.4,14,FCEV Cars,Motorway (not London),0.0,4.0696081669e-06,2.40208009927e-06
2016,Scotland,1,7.4,14,FCEV LGV,Motorway (not London),0.0,5.21319179825e-06,3.13913324135e-06
2016,Scotland,1,7.4,14,Full Hybrid Diesel Cars,Motorway (not London),0.000248000113061,1.38094155773e-05,1.16548972073e-05
2016,Scotland,1,7.4,14,Full Hybrid Petrol Cars,Motorway (not London),0.000221957074245,4.60221190224e-06,2.90805360237e-06
2016,Scotland,1,7.4,14,Full Hybrid Petrol LGV,Motorway (not London),1.261419402e-05,5.42490988664e-06,3.34026572091e-06
2016,Scotland,1,7.4,14,Hybrid Bus,Motorway (not London),0.00179031398147,3.41638224199e-05,2.55715149251e-05
2016,Scotland,1,7.4,14,LGV,Motorway (not London),0.000445166224381,3.23415188177e-05,2.89110448648e-05
2016,Scotland,1,7.4,14,LPG Cars,Motorway (not London),8.80555526237e-05,4.60221190224e-06,2.90805360237e-06
2016,Scotland,1,7.4,14,LPG LGV,Motorway (not London),0.000241842586547,5.74579553358e-06,3.64510697182e-06
2016,Scotland,1,7.4,14,Motorcycle,Motorway (not London),5.34911341674e-05,5.02181865158e-06,4.15230806539e-06
2016,Scotland,1,7.4,14,Petrol Car,Motorway (not London),0.000274100631941,4.60221190224e-06,2.90805360237e-06
2016,Scotland,1,7.4,14,Plug-In Hybrid Petrol Cars,Motorway (not London),4.43914141215e-05,4.12286863138e-06,2.4526773359e-06
2016,Scotland,1,7.4,14,Plug-In Hybrid Petrol LGV,Motorway (not London),8.75659025041e-05,5.22965819982e-06,3.15477655022e-06
2016,Scotland,1,7.4,14,Rigid HGV,Motorway (not London),0.00309028150514,0.000172304033185,0.000157090311404
2016,Scotland,1,7.4,16,Artic HGV,Motorway (not London),0.0047857966274,0.00025518448092,0.000234712599195
2016,Scotland,1,7.4,16,B100 Artic HGV,Motorway (not London),0.00573557941243,3.41590384778e-05,2.47384159593e-05
2016,Scotland,1,7.4,16,B100 Bus,Motorway (not London),0.0036260925699,2.50950961345e-05,1.69562263181e-05
2016,Scotland,1,7.4,16,B100 Coach,Motorway (not London),0.00507896579802,4.34524445154e-05,3.43957071891e-05
2016,Scotland,1,7.4,16,B100 Rigid HGV,Motorway (not London),0.00346160726622,2.45171031565e-05,1.66927220562e-05
2016,Scotland,1,7.4,16,Battery EV Cars,Motorway (not London),0.0,4.0696081669e-06,2.40208009927e-06
2016,Scotland,1,7.4,16,Battery EV LGV,Motorway (not London),0.0,5.21319179825e-06,3.13913324135e-06
2016,Scotland,1,7.4,16,Biogas Bus,Motorway (not London),0.00069444446126,1.93561409105e-05,1.15042184916e-05
2016,Scotland,1,7.4,16,Biomethane Bus,Motorway (not London),0.00069444446126,1.93561409105e-05,1.15042184916e-05
2016,Scotland,1,7.4,16,Bus and Coach,Motorway (not London),0.0046172416769,0.00021462974837,0.00019701414567
2016,Scotland,1,7.4,16,CNG Bus,Motorway (not London),0.00069444446126,1.93561409105e-05,1.15042184916e-05
2016,Scotland,1,7.4,16,Diesel Car,Motorway (not London),0.000279396859696,2.17232900468e-05,1.9173077817e-05
2016,Scotland,1,7.4,16,E85 Bioethanol Cars,Motorway (not London),0.000267862022156,4.49569142802e-06,2.80685890175e-06
2016,Scotland,1,7.4,16,E85 Bioethanol LGV,Motorway (not London),0.00033900004928,5.63927460462e-06,3.5439122712e-06
2016,Scotland,1,7.4,16,FCEV Bus,Motorway (not London),0.0,1.79672515515e-05,1.018477451e-05
2016,Scotland,1,7.4,16,FCEV Cars,Motorway (not London),0.0,4.0696081669e-06,2.40208009927e-06
2016,Scotland,1,7.4,16,FCEV LGV,Motorway (not London),0.0,5.21319179825e-06,3.13913324135e-06
2016,Scotland,1,7.4,16,Full Hybrid Diesel Cars,Motorway (not London),0.00023726055224,1.3587425201e-05,1.14440063044e-05
2016,Scotland,1,7.4,16,Full Hybrid Petrol Cars,Motorway (not London),0.000224158240599,4.60221190224e-06,2.90805360237e-06
2016,Scotland,1,7.4,16,Full Hybrid Petrol LGV,Motorway (not London),1.22844139696e-05,5.42490988664e-06,3.34026572091e-06
2016,Scotland,1,7.4,16,Hybrid Bus,Motorway (not London),0.00160647102166,3.29077229253e-05,2.43782196776e-05
2016,Scotland,1,7.4,16,LGV,Motorway (not London),0.000431059510447,3.09228526021e-05,2.756331196e-05
2016,Scotland,1,7.4,16,LPG Cars,Motorway (not London),8.80555526237e-05,4.60221190224e-06,2.90805360237e-06
2016,Scotland,1,7.4,16,LPG LGV,Motorway (not London),0.000233199534705,5.74579553358e-06,3.64510697182e-06
2016,Scotland,1,7.4,16,Motorcycle,Motorway (not London),5.06279720867e-05,5.02181865158e-06,4.15230806539e-06
2016,Scotland,1,7.4,16,Petrol Car,Motorway (not London),0.000267862022156,4.60221190224e-06,2.90805360237e-06
2016,Scotland,1,7.4,16,Plug-In Hybrid Petrol Cars,Motorway (not London),4.48316495749e-05,4.12286863138e-06,2.4526773359e-06
2016,Scotland,1,7.4,16,Plug-In Hybrid Petrol LGV,Motorway (not London),8.905937284e-05,5.2291902648e-06,3.15433203468e-06
2016,Scotland,1,7.4,16,Rigid HGV,Motorway (not London),0.00287079019472,0.000156448601047,0.000142027638503
2016,Scotland,1,7.4,18,Artic HGV,Motorway (not London),0.00451454753056,0.000237674161326,0.00021807779558
2016,Scotland,1,7.4,18,B100 Artic HGV,Motorway (not London),0.00539127271622,3.31959709001e-05,2.38235024881e-05
2016,Scotland,1,7.4,18,B100 Bus,Motorway (not London),0.00339138717391,2.45353312494e-05,1.6424448404e-05
2016,Scotland,1,7.4,18,B100 Coach,Motorway (not London),0.00465612718835,4.12375702581e-05,3.22915766446e-05
2016,Scotland,1,7.4,18,B100 Rigid HGV,Motorway (not London),0.00324074341916,2.38231186813e-05,1.60334366228e-05
2016,Scotland,1,7.4,18,Battery EV Cars,Motorway (not London),0.0,4.0696081669e-06,2.40208009927e-06
2016,Scotland,1,7.4,18,Battery EV LGV,Motorway (not London),0.0,5.21319179825e-06,3.13913324135e-06
2016,Scotland,1,7.4,18,Biogas Bus,Motorway (not London),0.00069444446126,1.93561409105e-05,1.15042184916e-05
2016,Scotland,1,7.4,18,Biomethane Bus,Motorway (not London),0.00069444446126,1.93561409105e-05,1.15042184916e-05
2016,Scotland,1,7.4,18,Bus and Coach,Motorway (not London),0.00423284294084,0.000197107787244,0.000180368282599
2016,Scotland,1,7.4,18,CNG Bus,Motorway (not London),0.00069444446126,1.93561409105e-05,1.15042184916e-05
2016,Scotland,1,7.4,18,Diesel Car,Motorway (not London),0.0002602347231,2.10533744394e-05,1.85366570804e-05
2016,Scotland,1,7.4,18,E85 Bioethanol Cars,Motorway (not London),0.000262028130237,4.49569142802e-06,2.80685890175e-06
2016,Scotland,1,7.4,18,E85 Bioethanol LGV,Motorway (not London),0.000334654061589,5.63927460462e-06,3.5439122712e-06
2016,Scotland,1,7.4,18,FCEV Bus,Motorway (not London),0.0,1.79672515515e-05,1.018477451e-05
2016,Scotland,1,7.4,18,FCEV Cars,Motorway (not London),0.0,4.0696081669e-06,2.40208009927e-06
2016,Scotland,1,7.4,18,FCEV LGV,Motorway (not London),0.0,5.21319179825e-06,3.13913324135e-06
2016,Scotland,1,7.4,18,Full Hybrid Diesel Cars,Motorway (not London),0.000227859200095,1.33725452542e-05,1.12398702186e-05
2016,Scotland,1,7.4,18,Full Hybrid Petrol Cars,Motorway (not London),0.000226473261137,4.60221190224e-06,2.90805360237e-06
2016,Scotland,1,7.4,18,Full Hybrid Petrol LGV,Motorway (not London),1.19670639833e-05,5.42490988664e-06,3.34026572091e-06
2016,Scotland,1,7.4,18,Hybrid Bus,Motorway (not London),0.00145406892989,3.18783095281e-05,2.34002800426e-05
2016,Scotland,1,7.4,18,LGV,Motorway (not London),0.000417697418015,2.95765858027e-05,2.62843568635e-05
2016,Scotland,1,7.4,18,LPG Cars,Motorway (not London),8.80555526237e-05,4.60221190224e-06,2.90805360237e-06
2016,Scotland,1,7.4,18,LPG LGV,Motorway (not London),0.000225193361985,5.74579553358e-06,3.64510697182e-06
2016,Scotland,1,7.4,18,Motorcycle,Motorway (not London),4.81155439047e-05,5.02181865158e-06,4.15230806539e-06
2016,Scotland,1,7.4,18,Petrol Car,Motorway (not London),0.000262028130237,4.60221190224e-06,2.90805360237e-06
2016,Scotland,1,7.4,18,Plug-In Hybrid Petrol Cars,Motorway (not London),4.52946551377e-05,4.12286863138e-06,2.4526773359e-06
2016,Scotland,1,7.4,18,Plug-In Hybrid Petrol LGV,Motorway (not London),9.05663255253e-05,5.22891195942e-06,3.1540675991e-06
2016,Scotland,1,7.4,18,Rigid HGV,Motorway (not London),0.00269258348271,0.00014383069356,0.000130040629301
2016,Scotland,1,7.4,20,Artic HGV,Motorway (not London),0.00428543286398,0.000221803347813,0.000203000498004
2016,Scotland,1,7.4,20,B100 Artic HGV,Motorway (not London),0.00510209193453,3.23230742652e-05,2.29942506849e-05
2016,Scotland,1,7.4,20,B100 Bus,Motorway (not London),0.00320153706707,2.40614972427e-05,1.59743067343e-05
2016,Scotland,1,7.4,20,B100 Coach,Motorway (not London),0.00431459676474,3.94252201659e-05,3.05698449665e-05
2016,Scotland,1,7.4,20,B100 Rigid HGV,Motorway (not London),0.00305952643976,2.3257896828e-05,1.54964764079e-05
2016,Scotland,1,7.4,20,Battery EV Cars,Motorway (not London),0.0,4.0696081669e-06,2.40208009927e-06
2016,Scotland,1,7.4,20,Battery EV LGV,Motorway (not London),0.0,5.21319179825e-06,3.13913324135e-06
2016,Scotland,1,7.4,20,Biogas Bus,Motorway (not London),0.00069444446126,1.93561409105e-05,1.15042184916e-05
2016,Scotland,1,7.4,20,Biomethane Bus,Motorway (not London),0.00069444446126,1.93561409105e-05,1.15042184916e-05
2016,Scotland,1,7.4,20,Bus and Coach,Motorway (not London),0.00392236094922,0.000182819319889,0.000166794241522
2016,Scotland,1,7.4,20,CNG Bus,Motorway (not London),0.00069444446126,1.93561409105e-05,1.15042184916e-05
2016,Scotland,1,7.4,20,Diesel Car,Motorway (not London),0.000244228402153,2.0422239686e-05,1.79370799742e-05
2016,Scotland,1,7.4,20,E85 Bioethanol Cars,Motorway (not London),0.000256031547906,4.49569142802e-06,2.80685890175e-06
2016,Scotland,1,7.4,20,E85 Bioethanol LGV,Motorway (not London),0.000329903588863,5.63927460462e-06,3.5439122712e-06
2016,Scotland,1,7.4,20,FCEV Bus,Motorway (not London),0.0,1.79672515515e-05,1.018477451e-05
2016,Scotland,1,7.4,20,FCEV Cars,Motorway (not London),0.0,4.0696081669e-06,2.40208009927e-06
2016,Scotland,1,7.4,20,FCEV LGV,Motorway (not London),0.0,5.21319179825e-06,3.13913324135e-06
2016,Scotland,1,7.4,20,Full Hybrid Diesel Cars,Motorway (not London),0.000219467459829,1.31647757371e-05,1.10424889499e-05
2016,Scotland,1,7.4,20,Full Hybrid Petrol Cars,Motorway (not London),0.000228902150411,4.60221190224e-06,2.90805360237e-06
2016,Scotland,1,7.4,20,Full Hybrid Petrol LGV,Motorway (not London),1.15722568808e-05,5.42490988664e-06,3.34026572091e-06
2016,Scotland,1,7.4,20,Hybrid Bus,Motorway (not London),0.00132508785464,3.10162322421e-05,2.25813037105e-05
2016,Scotland,1,7.4,20,LGV,Motorway (not London),0.000405003549531,2.83027166006e-05,2.50741813943e-05
2016,Scotland,1,7.4,20,LPG Cars,Motorway (not London),8.80555526237e-05,4.60221190224e-06,2.90805360237e-06
2016,Scotland,1,7.4,20,LPG LGV,Motorway (not London),0.000217739056097,5.74579553358e-06,3.64510697182e-06
2016,Scotland,1,7.4,20,Motorcycle,Motorway (not London),4.59372058685e-05,5.02181865158e-06,4.15230806539e-06
2016,Scotland,1,7.4,20,Petrol Car,Motorway (not London),0.000256031547906,4.60221190224e-06,2.90805360237e-06
2016,Scotland,1,7.4,20,Plug-In Hybrid Petrol Cars,Motorway (not London),4.57804308098e-05,4.12286863138e-06,2.4526773359e-06
2016,Scotland,1,7.4,20,Plug-In Hybrid Petrol LGV,Motorway (not London),9.2086767836e-05,5.22878553966e-06,3.1539475458e-06
2016,Scotland,1,7.4,20,Rigid HGV,Motorway (not London),0.00254503870383,0.000133553941851,0.000120277720271
2016,Scotland,1,7.4,25,Artic HGV,Motorway (not London),0.0038394771982,0.000188423349755,0.000171289517311
2016,Scotland,1,7.4,25,B100 Artic HGV,Motorway (not London),0.00454393122345,3.04871755361e-05,2.12501472561e-05
2016,Scotland,1,7.4,25,B100 Bus,Motorway (not London),0.00285162893124,2.31521134992e-05,1.5110392269e-05
2016,Scotland,1,7.4,25,B100 Coach,Motorway (not London),0.00369272613898,3.60617050319e-05,2.73745026789e-05
2016,Scotland,1,7.4,25,B100 Rigid HGV,Motorway (not London),0.00272260955535,2.22192738875e-05,1.45097837958e-05
2016,Scotland,1,7.4,25,Battery EV Cars,Motorway (not London),0.0,4.0696081669e-06,2.40208009927e-06
2016,Scotland,1,7.4,25,Battery EV LGV,Motorway (not London),0.0,5.21319179825e-06,3.13913324135e-06
2016,Scotland,1,7.4,25,Biogas Bus,Motorway (not London),0.00069444446126,1.93561409105e-05,1.15042184916e-05
2016,Scotland,1,7.4,25,Biomethane Bus,Motorway (not London),0.00069444446126,1.93561409105e-05,1.15042184916e-05
2016,Scotland,1,7.4,25,Bus and Coach,Motorway (not London),0.00335702393204,0.000156360576511,0.00014165842731
2016,Scotland,1,7.4,25,CNG Bus,Motorway (not London),0.00069444446126,1.93561409105e-05,1.15042184916e-05
2016,Scotland,1,7.4,25,Diesel Car,Motorway (not London),0.000214164421777,1.90140690393e-05,1.65993187693e-05
2016,Scotland,1,7.4,25,E85 Bioethanol Cars,Motorway (not London),0.000241664165515,4.49569142802e-06,2.80685890175e-06
2016,Scotland,1,7.4,25,E85 Bioethanol LGV,Motorway (not London),0.000317809579428,5.63927460462e-06,3.5439122712e-06
2016,Scotland,1,7.4,25,FCEV Bus,Motorway (not London),0.0,1.79672515515e-05,1.018477451e-05
2016,Scotland,1,7.4,25,FCEV Cars,Motorway (not London),0.0,4.0696081669e-06,2.40208009927e-06
2016,Scotland,1,7.4,25,FCEV LGV,Motorway (not London),0.0,5.21319179825e-06,3.13913324135e-06
2016,Scotland,1,7.4,25,Full Hybrid Diesel Cars,Motorway (not London),0.000201674178243,1.26764580273e-05,1.05785875348e-05
2016,Scotland,1,7.4,25,Full Hybrid Petrol Cars,Motorway (not London),0.000235472456552,4.60221190224e-06,2.90805360237e-06
2016,Scotland,1,7.4,25,Full Hybrid Petrol LGV,Motorway (not London),1.0447751265e-05,5.42490988664e-06,3.34026572091e-06
2016,Scotland,1,7.4,25,Hybrid Bus,Motorway (not London),0.00107416033279,2.93569355563e-05,2.10049729503e-05
2016,Scotland,1,7.4,25,LGV,Motorway (not London),0.000376012700144,2.54347869486e-05,2.2349649953e-05
2016,Scotland,1,7.4,25,LPG Cars,Motorway (not London),8.80555526237e-05,4.60221190224e-06,2.90805360237e-06
2016,Scotland,1,7.4,25,LPG LGV,Motorway (not London),0.000201152201043,5.74579553358e-06,3.64510697182e-06
2016,Scotland,1,7.4,25,Motorcycle,Motorway (not London),4.18524978159e-05,5.02181865158e-06,4.15230806539e-06
2016,Scotland,1,7.4,25,Petrol Car,Motorway (not London),0.000241664165515,4.60221190224e-06,2.90805360237e-06
2016,Scotland,1,7.4,25,Plug-In Hybrid Petrol Cars,Motorway (not London),4.70944942208e-05,4.12286863138e-06,2.4526773359e-06
2016,Scotland,1,7.4,25,Plug-In Hybrid Petrol LGV,Motorway (not London),9.59468598012e-05,5.22897289557e-06,3.15412557939e-06
2016,Scotland,1,7.4,25,Rigid HGV,Motorway (not London),0.00226838607341,0.000114669899631,0.000102337879071
2016,Scotland,1,7.4,30,Artic HGV,Motorway (not London),0.0035116521176,0.000162757045473,0.00014690651733
2016,Scotland,1,7.4,30,B100 Artic HGV,Motorway (not London),0.00413803802803,2.90755288006e-05,1.99090827664e-05
2016,Scotland,1,7.4,30,B100 Bus,Motorway (not London),0.00260876538232,2.25148705795e-05,1.45050125866e-05
2016,Scotland,1,7.4,30,B100 Coach,Motorway (not London),0.00327402632684,3.37382152793e-05,2.51671899605e-05
2016,Scotland,1,7.4,30,B100 Rigid HGV,Motorway (not London),0.00249059172347,2.15150921576e-05,1.38408122439e-05
2016,Scotland,1,7.4,30,Battery EV Cars,Motorway (not London),0.0,4.0696081669e-06,2.40208009927e-06
2016,Scotland,1,7.4,30,Battery EV LGV,Motorway (not London),0.0,5.21319179825e-06,3.13913324135e-06
2016,Scotland,1,7.4,30,Biogas Bus,Motorway (not London),0.00069444446126,1.93561409105e-05,1.15042184916e-05
2016,Scotland,1,7.4,30,Biomethane Bus,Motorway (not London),0.00069444446126,1.93561409105e-05,1.15042184916e-05
2016,Scotland,1,7.4,30,Bus and Coach,Motorway (not London),0.00297638750635,0.000138062547194,0.000124275306007
2016,Scotland,1,7.4,30,CNG Bus,Motorway (not London),0.00069444446126,1.93561409105e-05,1.15042184916e-05
2016,Scotland,1,7.4,30,Diesel Car,Motorway (not London),0.000193763058633,1.78482805495e-05,1.5491819795e-05
2016,Scotland,1,7.4,30,E85 Bioethanol Cars,Motorway (not London),0.000230199075304,4.49569142802e-06,2.80685890175e-06
2016,Scotland,1,7.4,30,E85 Bioethanol LGV,Motorway (not London),0.000307896727463,5.63927460462e-06,3.5439122712e-06
2016,Scotland,1,7.4,30,FCEV Bus,Motorway (not London),0.0,1.79672515515e-05,1.018477451e-05
2016,Scotland,1,7.4,30,FCEV Cars,Motorway (not London),0.0,4.0696081669e-06,2.40208009927e-06
2016,Scotland,1,7.4,30,FCEV LGV,Motorway (not London),0.0,5.21319179825e-06,3.13913324135e-06
2016,Scotland,1,7.4,30,Full Hybrid Diesel Cars,Motorway (not London),0.000187142431969,1.22325791381e-05,1.01569021353e-05
2016,Scotland,1,7.4,30,Full Hybrid Petrol Cars,Motorway (not London),0.0002427543659,4.60221190224e-06,2.90805360237e-06
2016,Scotland,1,7.4,30,Full Hybrid Petrol LGV,Motorway (not London),9.44911244005e-06,5.42490988664e-06,3.34026572091e-06
2016,Scotland,1,7.4,30,Hybrid Bus,Motorway (not London),0.000891491537914,2.81504526356e-05,1.98588131752e-05
2016,Scotland,1,7.4,30,LGV,Motorway (not London),0.000350751040969,2.30193491007e-05,2.00549839064e-05
2016,Scotland,1,7.4,30,LPG Cars,Motorway (not London),8.80555526237e-05,4.60221190224e-06,2.90805360237e-06
2016,Scotland,1,7.4,30,LPG LGV,Motorway (not London),0.00018706053379,5.74579553358e-06,3.64510697182e-06
2016,Scotland,1,7.4,30,Motorcycle,Motorway (not London),3.95408787881e-05,5.02181865158e-06,4.15230806539e-06
2016,Scotland,1,7.4,30,Petrol Car,Motorway (not London),0.000230199075304,4.60221190224e-06,2.90805360237e-06
2016,Scotland,1,7.4,30,Plug-In Hybrid Petrol Cars,Motorway (not London),4.85508753627e-05,4.12286863138e-06,2.4526773359e-06
2016,Scotland,1,7.4,30,Plug-In Hybrid Petrol LGV,Motorway (not London),9.98912291834e-05,5.22968684891e-06,3.15480383506e-06
2016,Scotland,1,7.4,30,Rigid HGV,Motorway (not London),0.0020773881115,0.000101866600744,9.01747407624e-05
2016,Scotland,1,7.4,35,Artic HGV,Motorway (not London),0.00325795309618,0.000143517594552,0.000128629049868
2016,Scotland,1,7.4,35,B100 Artic HGV,Motorway (not London),0.00382683845237,2.80173589999e-05,1.89038219105e-05
2016,Scotland,1,7.4,35,B100 Bus,Motorway (not London),0.00242782244459,2.20565034397e-05,1.40695638038e-05
2016,Scotland,1,7.4,35,B100 Coach,Motorway (not London),0.00297436490655,3.2034367905e-05,2.35485331359e-05
2016,Scotland,1,7.4,35,B100 Rigid HGV,Motorway (not London),0.00232227751985,2.10105445149e-05,1.33614903461e-05
2016,Scotland,1,7.4,35,Battery EV Cars,Motorway (not London),0.0,4.0696081669e-06,2.40208009927e-06
2016,Scotland,1,7.4,35,Battery EV LGV,Motorway (not London),0.0,5.21319179825e-06,3.13913324135e-06
2016,Scotland,1,7.4,35,Biogas Bus,Motorway (not London),0.00069444446126,1.93561409105e-05,1.15042184916e-05
2016,Scotland,1,7.4,35,Biomethane Bus,Motorway (not London),0.00069444446126,1.93561409105e-05,1.15042184916e-05
2016,Scotland,1,7.4,35,Bus and Coach,Motorway (not London),0.0027039682027,0.000124581914861,0.000111468703835
2016,Scotland,1,7.4,35,CNG Bus,Motorway (not London),0.00069444446126,1.93561409105e-05,1.15042184916e-05
2016,Scotland,1,7.4,35,Diesel Car,Motorway (not London),0.000179645532626,1.69248742168e-05,1.46145821418e-05
2016,Scotland,1,7.4,35,E85 Bioethanol Cars,Motorway (not London),0.000221526279347,4.49569142802e-06,2.80685890175e-06
2016,Scotland,1,7.4,35,E85 Bioethanol LGV,Motorway (not London),0.000300081010209,5.63927460462e-06,3.5439122712e-06
2016,Scotland,1,7.4,35,FCEV Bus,Motorway (not London),0.0,1.79672515515e-05,1.018477451e-05
2016,Scotland,1,7.4,35,FCEV Cars,Motorway (not London),0.0,4.0696081669e-06,2.40208009927e-06
2016,Scotland,1,7.4,35,FCEV LGV,Motorway (not London),0.0,5.21319179825e-06,3.13913324135e-06
2016,Scotland,1,7.4,35,Full Hybrid Diesel Cars,Motorway (not London),0.000175001594471,1.1833139979e-05,9.77743457042e-06
2016,Scotland,1,7.4,35,Full Hybrid Petrol Cars,Motorway (not London),0.000250747863902,4.60221190224e-06,2.90805360237e-06
2016,Scotland,1,7.4,35,Full Hybrid Petrol LGV,Motorway (not London),8.56738734001e-06,5.42490988664e-06,3.34026572091e-06
2016,Scotland,1,7.4,35,Hybrid Bus,Motorway (not London),0.000753102242015,2.72254346783e-05,1.89800466615e-05
2016,Scotland,1,7.4,35,LGV,Motorway (not London),0.000329014059389,2.10564030567e-05,1.81901832548e-05
2016,Scotland,1,7.4,35,LPG Cars,Motorway (not London),8.80555526237e-05,4.60221190224e-06,2.90805360237e-06
2016,Scotland,1,7.4,35,LPG LGV,Motorway (not London),0.000175143708475,5.74579553358e-06,3.64510697182e-06
2016,Scotland,1,7.4,35,Motorcycle,Motorway (not London),3.88160624425e-05,5.02181865158e-06,4.15230806539e-06
2016,Scotland,1,7.4,35,Petrol Car,Motorway (not London),0.000221526279347,4.60221190224e-06,2.90805360237e-06
2016,Scotland,1,7.4,35,Plug-In Hybrid Petrol Cars,Motorway (not London),5.01495742355e-05,4.12286863138e-06,2.4526773359e-06
2016,Scotland,1,7.4,35,Plug-In Hybrid Petrol LGV,Motorway (not London),0.000103919868707,5.23078142578e-06,3.15584361488e-06
2016,Scotland,1,7.4,35,Rigid HGV,Motorway (not London),0.00193980056792,9.26929787965e-05,8.1459802459e-05
2016,Scotland,1,7.4,40,Artic HGV,Motorway (not London),0.00305433571339,0.000129618056235,0.000115424481919
2016,Scotland,1,7.4,40,B100 Artic HGV,Motorway (not London),0.00357914343476,2.72528832284e-05,1.81775703822e-05
2016,Scotland,1,7.4,40,B100 Bus,Motorway (not London),0.00228632520884,2.17207270907e-05,1.3750574908e-05
2016,Scotland,1,7.4,40,B100 Coach,Motorway (not London),0.00275073200464,3.07308146148e-05,2.2310156055e-05
2016,Scotland,1,7.4,40,B100 Rigid HGV,Motorway (not London),0.00219595199451,2.06350359804e-05,1.30047574203e-05
2016,Scotland,1,7.4,40,Battery EV Cars,Motorway (not London),0.0,4.0696081669e-06,2.40208009927e-06
2016,Scotland,1,7.4,40,Battery EV LGV,Motorway (not London),0.0,5.21319179825e-06,3.13913324135e-06
2016,Scotland,1,7.4,40,Biogas Bus,Motorway (not London),0.00069444446126,1.93561409105e-05,1.15042184916e-05
2016,Scotland,1,7.4,40,Biomethane Bus,Motorway (not London),0.00069444446126,1.93561409105e-05,1.15042184916e-05
2016,Scotland,1,7.4,40,Bus and Coach,Motorway (not London),0.00250066560693,0.000114198068331,0.000101604055089
2016,Scotland,1,7.4,40,CNG Bus,Motorway (not London),0.00069444446126,1.93561409105e-05,1.15042184916e-05
2016,Scotland,1,7.4,40,Diesel Car,Motorway (not London),0.000169879276655,1.62438482221e-05,1.39676067192e-05
2016,Scotland,1,7.4,40,E85 Bioethanol Cars,Motorway (not London),0.000215535794268,4.49569142802e-06,2.80685890175e-06
2016,Scotland,1,7.4,40,E85 Bioethanol LGV,Motorway (not London),0.000294278404908,5.63927460462e-06,3.5439122712e-06
2016,Scotland,1,7.4,40,FCEV Bus,Motorway (not London),0.0,1.79672515515e-05,1.018477451e-05
2016,Scotland,1,7.4,40,FCEV Cars,Motorway (not London),0.0,4.0696081669e-06,2.40208009927e-06
2016,Scotland,1,7.4,40,FCEV LGV,Motorway (not London),0.0,5.21319179825e-06,3.13913324135e-06
2016,Scotland,1,7.4,40,Full Hybrid Diesel Cars,Motorway (not London),0.000164784520166,1.14781396405e-05,9.44018484006e-06
2016,Scotland,1,7.4,40,Full Hybrid Petrol Cars,Motorway (not London),0.000259452965111,4.60221190224e-06,2.90805360237e-06
2016,Scotland,1,7.4,40,Full Hybrid Petrol LGV,Motorway (not London),7.79362380854e-06,5.42490988664e-06,3.34026572091e-06
2016,Scotland,1,7.4,40,Hybrid Bus,Motorway (not London),0.00064565485809,2.64966711256e-05,1.82877229236e-05
2016,Scotland,1,7.4,40,LGV,Motorway (not London),0.000310683477437,1.95459469978e-05,1.67552516359e-05
2016,Scotland,1,7.4,40,LPG Cars,Motorway (not London),8.80555526237e-05,4.60221190224e-06,2.90805360237e-06
2016,Scotland,1,7.4,40,LPG LGV,Motorway (not London),0.000165218487382,5.74579553358e-06,3.64510697182e-06
2016,Scotland,1,7.4,40,Motorcycle,Motorway (not London),3.9521495637e-05,5.02181865158e-06,4.15230806539e-06
2016,Scotland,1,7.4,40,Petrol Car,Motorway (not London),0.000215535794268,4.60221190224e-06,2.90805360237e-06
2016,Scotland,1,7.4,40,Plug-In Hybrid Petrol Cars,Motorway (not London),5.18905908393e-05,4.12286863138e-06,2.4526773359e-06
2016,Scotland,1,7.4,40,Plug-In Hybrid Petrol LGV,Motorway (not London),0.000108032785647,5.23216885995e-06,3.15716170007e-06
2016,Scotland,1,7.4,40,Rigid HGV,Motorway (not London),0.0018379642861,8.58655475895e-05,7.49737446313e-05
2016,Scotland,1,7.4,45,Artic HGV,Motorway (not London),0.00288640800864,0.000120078948385,0.000106362327642
2016,Scotland,1,7.4,45,B100 Artic HGV,Motorway (not London),0.00337641919032,2.67282321147e-05,1.76791509148e-05
2016,Scotland,1,7.4,45,B100 Bus,Motorway (not London),0.00217172107659,2.14714109461e-05,1.35137252073e-05
2016,Scotland,1,7.4,45,B100 Coach,Motorway (not London),0.00257879123092,2.97014812531e-05,2.13322909985e-05
2016,Scotland,1,7.4,45,B100 Rigid HGV,Motorway (not London),0.00209901528433,2.03479321499e-05,1.27320090542e-05
2016,Scotland,1,7.4,45,Battery EV Cars,Motorway (not London),0.0,4.0696081669e-06,2.40208009927e-06
2016,Scotland,1,7.4,45,Battery EV LGV,Motorway (not London),0.0,5.21319179825e-06,3.13913324135e-06
2016,Scotland,1,7.4,45,Biogas Bus,Motorway (not London),0.00069444446126,1.93561409105e-05,1.15042184916e-05
2016,Scotland,1,7.4,45,Biomethane Bus,Motorway (not London),0.00069444446126,1.93561409105e-05,1.15042184916e-05
2016,Scotland,1,7.4,45,Bus and Coach,Motorway (not London),0.00234435568564,0.000105930535938,9.37498916755e-05
2016,Scotland,1,7.4,45,CNG Bus,Motorway (not London),0.00069444446126,1.93561409105e-05,1.15042184916e-05
2016,Scotland,1,7.4,45,Diesel Car,Motorway (not London),0.000163281962159,1.58052025654e-05,1.35508935273e-05
2016,Scotland,1,7.4,45,E85 Bioethanol Cars,Motorway (not London),0.000212117651245,4.49569142802e-06,2.80685890175e-06
2016,Scotland,1,7.4,45,E85 Bioethanol LGV,Motorway (not London),0.000290404830594,5.63927460462e-06,3.5439122712e-06
2016,Scotland,1,7.4,45,FCEV Bus,Motorway (not London),0.0,1.79672515515e-05,1.018477451e-05
2016,Scotland,1,7.4,45,FCEV Cars,Motorway (not London),0.0,4.0696081669e-06,2.40208009927e-06
2016,Scotland,1,7.4,45,FCEV LGV,Motorway (not London),0.0,5.21319179825e-06,3.13913324135e-06
2016,Scotland,1,7.4,45,Full Hybrid Diesel Cars,Motorway (not London),0.000156213005539,1.11675772132e-05,9.14515112527e-06
2016,Scotland,1,7.4,45,Full Hybrid Petrol Cars,Motorway (not London),0.00026886962587,4.60221190224e-06,2.90805360237e-06
2016,Scotland,1,7.4,45,Full Hybrid Petrol LGV,Motorway (not London),7.1188687798e-06,5.42490988664e-06,3.34026572091e-06
2016,Scotland,1,7.4,45,Hybrid Bus,Motorway (not London),0.000561089836992,2.59208809439e-05,1.77407200681e-05
2016,Scotland,1,7.4,45,LGV,Motorway (not London),0.000295685982564,1.8487982743e-05,1.57501835929e-05
2016,Scotland,1,7.4,45,LPG Cars,Motorway (not London),8.80555526237e-05,4.60221190224e-06,2.90805360237e-06
2016,Scotland,1,7.4,45,LPG LGV,Motorway (not London),0.000157172777108,5.74579553358e-06,3.64510697182e-06
2016,Scotland,1,7.4,45,Motorcycle,Motorway (not London),4.15267058997e-05,5.02181865158e-06,4.15230806539e-06
2016,Scotland,1,7.4,45,Petrol Car,Motorway (not London),0.000212117651245,4.60221190224e-06,2.90805360237e-06
2016,Scotland,1,7.4,45,Plug-In Hybrid Petrol Cars,Motorway (not London),5.3773928812e-05,4.12286863138e-06,2.4526773359e-06
2016,Scotland,1,7.4,45,Plug-In Hybrid Petrol LGV,Motorway (not London),0.000112229980004,5.23379458173e-06,3.15870624945e-06
2016,Scotland,1,7.4,45,Rigid HGV,Motorway (not London),0.00176131457556,8.06454918347e-05,7.00146920281e-05
2016,Scotland,1,7.4,50,Artic HGV,Motorway (not London),0.00274496013299,0.000113984046038,0.000100572171505
2016,Scotland,1,7.4,50,B100 Artic HGV,Motorway (not London),0.00320688146167,2.63930123765e-05,1.73606931639e-05
2016,Scotland,1,7.4,50,B100 Bus,Motorway (not London),0.00207639951259,2.12843933696e-05,1.33360590553e-05
2016,Scotland,1,7.4,50,B100 Coach,Motorway (not London),0.00244371220469,2.88685696432e-05,2.0541025151e-05
2016,Scotland,1,7.4,50,B100 Rigid HGV,Motorway (not London),0.00202362798154,2.01241891773e-05,1.25194528664e-05
2016,Scotland,1,7.4,50,Battery EV Cars,Motorway (not London),0.0,4.0696081669e-06,2.40208009927e-06
2016,Scotland,1,7.4,50,Battery EV LGV,Motorway (not London),0.0,5.21319179825e-06,3.13913324135e-06
2016,Scotland,1,7.4,50,Biogas Bus,Motorway (not London),0.00069444446126,1.93561409105e-05,1.15042184916e-05
2016,Scotland,1,7.4,50,Biomethane Bus,Motorway (not London),0.00069444446126,1.93561409105e-05,1.15042184916e-05
2016,Scotland,1,7.4,50,Bus and Coach,Motorway (not London),0.00222155661322,9.9177530501e-05,8.7334534328e-05
2016,Scotland,1,7.4,50,CNG Bus,Motorway (not London),0.00069444446126,1.93561409105e-05,1.15042184916e-05
2016,Scotland,1,7.4,50,Diesel Car,Motorway (not London),0.000159092523973,1.56089372467e-05,1.33644425659e-05
2016,Scotland,1,7.4,50,E85 Bioethanol Cars,Motorway (not London),0.000211161852349,4.49569142802e-06,2.80685890175e-06
2016,Scotland,1,7.4,50,E85 Bioethanol LGV,Motorway (not London),0.000288376264507,5.63927460462e-06,3.5439122712e-06
2016,Scotland,1,7.4,50,FCEV Bus,Motorway (not London),0.0,1.79672515515e-05,1.018477451e-05
2016,Scotland,1,7.4,50,FCEV Cars,Motorway (not London),0.0,4.0696081669e-06,2.40208009927e-06
2016,Scotland,1,7.4,50,FCEV LGV,Motorway (not London),0.0,5.21319179825e-06,3.13913324135e-06
2016,Scotland,1,7.4,50,Full Hybrid Diesel Cars,Motorway (not London),0.000149111278006,1.0901454516e-05,8.89233433554e-06
2016,Scotland,1,7.4,50,Full Hybrid Petrol Cars,Motorway (not London),0.000278997904388,4.60221190224e-06,2.90805360237e-06
2016,Scotland,1,7.4,50,Full Hybrid Petrol LGV,Motorway (not London),6.53417146168e-06,5.42490988664e-06,3.34026572091e-06
2016,Scotland,1,7.4,50,Hybrid Bus,Motorway (not London),0.000494284555316,2.54755923379e-05,1.73176977114e-05
2016,Scotland,1,7.4,50,LGV,Motorway (not London),0.00028397332062,1.78825084731e-05,1.51749836732e-05
2016,Scotland,1,7.4,50,LPG Cars,Motorway (not London),8.80555526237e-05,4.60221190224e-06,2.90805360237e-06
2016,Scotland,1,7.4,50,LPG LGV,Motorway (not London),0.000150934400153,5.74579553358e-06,3.64510697182e-06
2016,Scotland,1,7.4,50,Motorcycle,Motorway (not London),4.47236816399e-05,5.02181865158e-06,4.15230806539e-06
2016,Scotland,1,7.4,50,Petrol Car,Motorway (not London),0.000211161852349,4.60221190224e-06,2.90805360237e-06
2016,Scotland,1,7.4,50,Plug-In Hybrid Petrol Cars,Motorway (not London),5.57995808776e-05,4.12286863138e-06,2.4526773359e-06
2016,Scotland,1,7.4,50,Plug-In Hybrid Petrol LGV,Motorway (not London),0.000116511451779,5.23562493981e-06,3.16044520332e-06
2016,Scotland,1,7.4,50,Rigid HGV,Motorway (not London),0.00170312332921,7.65774311731e-05,6.61500380374e-05
2016,Scotland,1,7.4,60,Artic HGV,Motorway (not London),0.00251855025999,0.000108645806904,9.55008435994e-05
2016,Scotland,1,7.4,60,B100 Artic HGV,Motorway (not London),0.00293817953207,2.60994092969e-05,1.70817693288e-05
2016,Scotland,1,7.4,60,B100 Bus,Motorway (not London),0.00192555377726,2.10356392927e-05,1.30997423184e-05
2016,Scotland,1,7.4,60,B100 Coach,Motorway (not London),0.00224899942987,2.76054015558e-05,1.93410160136e-05
2016,Scotland,1,7.4,60,B100 Rigid HGV,Motorway (not London),0.00191855488811,1.98071065824e-05,1.22182236737e-05
2016,Scotland,1,7.4,60,Battery EV Cars,Motorway (not London),0.0,4.0696081669e-06,2.40208009927e-06
2016,Scotland,1,7.4,60,Battery EV LGV,Motorway (not London),0.0,5.21319179825e-06,3.13913324135e-06
2016,Scotland,1,7.4,60,Biogas Bus,Motorway (not London),0.00069444446126,1.93561409105e-05,1.15042184916e-05
2016,Scotland,1,7.4,60,Biomethane Bus,Motorway (not London),0.00069444446126,1.93561409105e-05,1.15042184916e-05
2016,Scotland,1,7.4,60,Bus and Coach,Motorway (not London),0.00204454502091,8.87771384441e-05,7.74541695137e-05
2016,Scotland,1,7.4,60,CNG Bus,Motorway (not London),0.00069444446126,1.93561409105e-05,1.15042184916e-05
2016,Scotland,1,7.4,60,Diesel Car,Motorway (not London),0.00015605808585,1.59435530804e-05,1.36823264256e-05
2016,Scotland,1,7.4,60,E85 Bioethanol Cars,Motorway (not London),0.000216197324335,4.31308444604e-06,2.63338210971e-06
2016,Scotland,1,7.4,60,E85 Bioethanol LGV,Motorway (not London),0.000289518007776,5.45666762264e-06,3.37043547916e-06
2016,Scotland,1,7.4,60,FCEV Bus,Motorway (not London),0.0,1.79672515515e-05,1.018477451e-05
2016,Scotland,1,7.4,60,FCEV Cars,Motorway (not London),0.0,4.0696081669e-06,2.40208009927e-06
2016,Scotland,1,7.4,60,FCEV LGV,Motorway (not London),0.0,5.21319179825e-06,3.13913324135e-06
2016,Scotland,1,7.4,60,Full Hybrid Diesel Cars,Motorway (not London),0.000138907809742,1.05025264929e-05,8.51335153129e-06
2016,Scotland,1,7.4,60,Full Hybrid Petrol Cars,Motorway (not London),0.000421944918344,4.37395328845e-06,2.69120778285e-06
2016,Scotland,1,7.4,60,Full Hybrid Petrol LGV,Motorway (not London),7.8387947724e-06,5.35147000846e-06,3.27049792759e-06
2016,Scotland,1,7.4,60,Hybrid Bus,Motorway (not London),0.000500392750837,2.494016735e-05,1.68090427906e-05
2016,Scotland,1,7.4,60,LGV,Motorway (not London),0.00027027935721,1.8021572032e-05,1.53070941451e-05
2016,Scotland,1,7.4,60,LPG Cars,Motorway (not London),8.11111094663e-05,4.37395328845e-06,2.69120778285e-06
2016,Scotland,1,7.4,60,LPG LGV,Motorway (not London),0.000115474438644,5.51753646505e-06,3.42826115229e-06
2016,Scotland,1,7.4,60,Motorcycle,Motorway (not London),5.43513597222e-05,5.02181865158e-06,4.15230806539e-06
2016,Scotland,1,7.4,60,Petrol Car,Motorway (not London),0.000216197324335,4.37395328845e-06,2.69120778285e-06
2016,Scotland,1,7.4,60,Plug-In Hybrid Petrol Cars,Motorway (not London),0.000301389227388,4.22178072768e-06,2.54664382737e-06
2016,Scotland,1,7.4,60,Plug-In Hybrid Petrol LGV,Motorway (not London),0.000419149670051,5.34643731953e-06,3.26571671394e-06
2016,Scotland,1,7.4,60,Rigid HGV,Motorway (not London),0.00162555451971,7.08122897777e-05,6.06731482549e-05
2016,Scotland,1,7.4,70,Artic HGV,Motorway (not London),0.00234406418167,0.000106852276076,9.37969962251e-05
2016,Scotland,1,7.4,70,B100 Artic HGV,Motorway (not London),0.00273376028053,2.60007655015e-05,1.69880586327e-05
2016,Scotland,1,7.4,70,B100 Bus,Motorway (not London),0.00181019224692,2.08914552786e-05,1.29627669594e-05
2016,Scotland,1,7.4,70,B100 Coach,Motorway (not London),0.00212090928108,2.66958704742e-05,1.84769614862e-05
2016,Scotland,1,7.4,70,B100 Rigid HGV,Motorway (not London),0.00185578421224,1.96065284399e-05,1.20276763482e-05
2016,Scotland,1,7.4,70,Battery EV Cars,Motorway (not London),0.0,4.0696081669e-06,2.40208009927e-06
2016,Scotland,1,7.4,70,Battery EV LGV,Motorway (not London),0.0,5.21319179825e-06,3.13913324135e-06
2016,Scotland,1,7.4,70,Biogas Bus,Motorway (not London),0.00069444446126,1.93561409105e-05,1.15042184916e-05
2016,Scotland,1,7.4,70,Biomethane Bus,Motorway (not London),0.00069444446126,1.93561409105e-05,1.15042184916e-05
2016,Scotland,1,7.4,70,Bus and Coach,Motorway (not London),0.00192809931468,8.11132922536e-05,7.01735116309e-05
2016,Scotland,1,7.4,70,CNG Bus,Motorway (not London),0.00069444446126,1.93561409105e-05,1.15042184916e-05
2016,Scotland,1,7.4,70,Diesel Car,Motorway (not London),0.000158295239089,1.72476902662e-05,1.49212582983e-05
2016,Scotland,1,7.4,70,E85 Bioethanol Cars,Motorway (not London),0.000232870239415,4.31308444604e-06,2.63338210971e-06
2016,Scotland,1,7.4,70,E85 Bioethanol LGV,Motorway (not London),0.000300877116388,5.45666762264e-06,3.37043547916e-06
2016,Scotland,1,7.4,70,FCEV Bus,Motorway (not London),0.0,1.79672515515e-05,1.018477451e-05
2016,Scotland,1,7.4,70,FCEV Cars,Motorway (not London),0.0,4.0696081669e-06,2.40208009927e-06
2016,Scotland,1,7.4,70,FCEV LGV,Motorway (not London),0.0,5.21319179825e-06,3.13913324135e-06
2016,Scotland,1,7.4,70,Full Hybrid Diesel Cars,Motorway (not London),0.000133727662615,1.02813528429e-05,8.3032373368e-06
2016,Scotland,1,7.4,70,Full Hybrid Petrol Cars,Motorway (not London),0.00045727766701,4.37395328845e-06,2.69120778285e-06
2016,Scotland,1,7.4,70,Full Hybrid Petrol LGV,Motorway (not London),7.49118498788e-06,5.35147000846e-06,3.27049792759e-06
2016,Scotland,1,7.4,70,Hybrid Bus,Motorway (not London),0.000441039883299,2.49002441706e-05,1.67711168615e-05
2016,Scotland,1,7.4,70,LGV,Motorway (not London),0.000269557116553,1.99780606636e-05,1.71657593455e-05
2016,Scotland,1,7.4,70,LPG Cars,Motorway (not London),8.11111094663e-05,4.37395328845e-06,2.69120778285e-06
2016,Scotland,1,7.4,70,LPG LGV,Motorway (not London),0.000115139446279,5.51753646505e-06,3.42826115229e-06
2016,Scotland,1,7.4,70,Motorcycle,Motorway (not London),6.78514552419e-05,5.02181865158e-06,4.15230806539e-06
2016,Scotland,1,7.4,70,Petrol Car,Motorway (not London),0.000232870239415,4.37395328845e-06,2.69120778285e-06
2016,Scotland,1,7.4,70,Plug-In Hybrid Petrol Cars,Motorway (not London),0.000326626905007,4.22178072768e-06,2.54664382737e-06
2016,Scotland,1,7.4,70,Plug-In Hybrid Petrol LGV,Motorway (not London),0.000446366175311,5.37133792022e-06,3.28937221639e-06
2016,Scotland,1,7.4,70,Rigid HGV,Motorway (not London),0.0015832829522,6.71654415783e-05,5.72086428292e-05
2016,Scotland,1,7.4,80,Artic HGV,Motorway (not London),0.00220457254909,0.000102060919744,8.92452007974e-05
2016,Scotland,1,7.4,80,B100 Artic HGV,Motorway (not London),0.00257237465121,2.57372412307e-05,1.67377093021e-05
2016,Scotland,1,7.4,80,B100 Bus,Motorway (not London),0.00171810516622,2.08084456972e-05,1.28839074023e-05
2016,Scotland,1,7.4,80,B100 Coach,Motorway (not London),0.00203618733212,2.60645065282e-05,1.78771661012e-05
2016,Scotland,1,7.4,80,B100 Rigid HGV,Motorway (not London),0.00182241748553,1.94844033103e-05,1.19116557471e-05
2016,Scotland,1,7.4,80,Battery EV Cars,Motorway (not London),0.0,4.0696081669e-06,2.40208009927e-06
2016,Scotland,1,7.4,80,Battery EV LGV,Motorway (not London),0.0,5.21319179825e-06,3.13913324135e-06
2016,Scotland,1,7.4,80,Biogas Bus,Motorway (not London),0.00069444446126,1.93561409105e-05,1.15042184916e-05
2016,Scotland,1,7.4,80,Biomethane Bus,Motorway (not London),0.00069444446126,1.93561409105e-05,1.15042184916e-05
2016,Scotland,1,7.4,80,Bus and Coach,Motorway (not London),0.00185107940342,7.52125852159e-05,6.45678373985e-05
2016,Scotland,1,7.4,80,CNG Bus,Motorway (not London),0.00069444446126,1.93561409105e-05,1.15042184916e-05
2016,Scotland,1,7.4,80,Diesel Car,Motorway (not London),0.000164557539392,1.95213542611e-05,1.70812381839e-05
2016,Scotland,1,7.4,80,E85 Bioethanol Cars,Motorway (not London),0.000259600812569,4.31308444604e-06,2.63338210971e-06
2016,Scotland,1,7.4,80,E85 Bioethanol LGV,Motorway (not London),0.000320217804983,5.45666762264e-06,3.37043547916e-06
2016,Scotland,1,7.4,80,FCEV Bus,Motorway (not London),0.0,1.79672515515e-05,1.018477451e-05
2016,Scotland,1,7.4,80,FCEV Cars,Motorway (not London),0.0,4.0696081669e-06,2.40208009927e-06
2016,Scotland,1,7.4,80,FCEV LGV,Motorway (not London),0.0,5.21319179825e-06,3.13913324135e-06
2016,Scotland,1,7.4,80,Full Hybrid Diesel Cars,Motorway (not London),0.000133586145239,1.02379353848e-05,8.26199084258e-06
2016,Scotland,1,7.4,80,Full Hybrid Petrol Cars,Motorway (not London),0.000496595341247,4.37395328845e-06,2.69120778285e-06
2016,Scotland,1,7.4,80,Full Hybrid Petrol LGV,Motorway (not London),7.6952692325e-06,5.35147000846e-06,3.27049792759e-06
2016,Scotland,1,7.4,80,Hybrid Bus,Motorway (not London),0.000435059482697,2.55073027802e-05,1.73478219949e-05
2016,Scotland,1,7.4,80,LGV,Motorway (not London),0.000281659100438,2.37445146922e-05,2.07438897633e-05
2016,Scotland,1,7.4,80,LPG Cars,Motorway (not London),8.11111094663e-05,4.37395328845e-06,2.69120778285e-06
2016,Scotland,1,7.4,80,LPG LGV,Motorway (not London),0.000120186625281,5.51753646505e-06,3.42826115229e-06
2016,Scotland,1,7.4,80,Motorcycle,Motorway (not London),8.47976480145e-05,5.02181865158e-06,4.15230806539e-06
2016,Scotland,1,7.4,80,Petrol Car,Motorway (not London),0.000259600812569,4.37395328845e-06,2.69120778285e-06
2016,Scotland,1,7.4,80,Plug-In Hybrid Petrol Cars,Motorway (not London),0.000354710937245,4.22178072768e-06,2.54664382737e-06
2016,Scotland,1,7.4,80,Plug-In Hybrid Petrol LGV,Motorway (not London),0.000474054599181,5.40102246305e-06,3.31757269123e-06
2016,Scotland,1,7.4,80,Rigid HGV,Motorway (not London),0.00156494986732,6.49449575576e-05,5.50991826458e-05
2016,Scotland,1,7.4,90,Artic HGV,Motorway (not London),0.0021332942415,9.50662069954e-05,8.26002287795e-05
2016,Scotland,1,7.4,90,B100 Artic HGV,Motorway (not London),0.002490733983,2.53525322478e-05,1.63722361322e-05
2016,Scotland,1,7.4,90,B100 Bus,Motorway (not London),0.00167097325902,2.07776192838e-05,1.28546234919e-05
2016,Scotland,1,7.4,90,B100 Coach,Motorway (not London),0.00198176107369,2.55033683061e-05,1.73440857907e-05
2016,Scotland,1,7.4,90,B100 Rigid HGV,Motorway (not London),0.00181335909292,1.94402582565e-05,1.18697189464e-05
2016,Scotland,1,7.4,90,Battery EV Cars,Motorway (not London),0.0,4.0696081669e-06,2.40208009927e-06
2016,Scotland,1,7.4,90,Battery EV LGV,Motorway (not London),0.0,5.21319179825e-06,3.13913324135e-06
2016,Scotland,1,7.4,90,Biogas Bus,Motorway (not London),0.00069444446126,1.93561409105e-05,1.15042184916e-05
2016,Scotland,1,7.4,90,Biomethane Bus,Motorway (not London),0.00069444446126,1.93561409105e-05,1.15042184916e-05
2016,Scotland,1,7.4,90,Bus and Coach,Motorway (not London),0.001801601029,7.05187703716e-05,6.01087194809e-05
2016,Scotland,1,7.4,90,CNG Bus,Motorway (not London),0.00069444446126,1.93561409105e-05,1.15042184916e-05
2016,Scotland,1,7.4,90,Diesel Car,Motorway (not London),0.000174217086169,2.2764541427e-05,2.01622660825e-05
2016,Scotland,1,7.4,90,E85 Bioethanol Cars,Motorway (not London),0.000295158970403,4.32102388004e-06,2.64092477664e-06
2016,Scotland,1,7.4,90,E85 Bioethanol LGV,Motorway (not London),0.000345936481608,5.46460705664e-06,3.37797791872e-06
2016,Scotland,1,7.4,90,FCEV Bus,Motorway (not London),0.0,1.79672515515e-05,1.018477451e-05
2016,Scotland,1,7.4,90,FCEV Cars,Motorway (not London),0.0,4.0696081669e-06,2.40208009927e-06
2016,Scotland,1,7.4,90,FCEV LGV,Motorway (not London),0.0,5.21319179825e-06,3.13913324135e-06
2016,Scotland,1,7.4,90,Full Hybrid Diesel Cars,Motorway (not London),0.000138910341775,1.03722741187e-05,8.38961204863e-06
2016,Scotland,1,7.4,90,Full Hybrid Petrol Cars,Motorway (not London),0.000694154470693,4.38387769464e-06,2.7006358323e-06
2016,Scotland,1,7.4,90,Full Hybrid Petrol LGV,Motorway (not London),1.05265380625e-05,5.41002327736e-06,3.32612353304e-06
2016,Scotland,1,7.4,90,Hybrid Bus,Motorway (not London),0.000455785368104,2.62096600636e-05,1.80150618689e-05
2016,Scotland,1,7.4,90,LGV,Motorway (not London),0.000306495319819,2.93212560791e-05,2.60417946265e-05
2016,Scotland,1,7.4,90,LPG Cars,Motorway (not London),9.0555557108e-05,4.38387769464e-06,2.7006358323e-06
2016,Scotland,1,7.4,90,LPG LGV,Motorway (not London),0.000127666615299,5.52746087124e-06,3.43768920175e-06
2016,Scotland,1,7.4,90,Motorcycle,Motorway (not London),0.000104774095234,5.02181865158e-06,4.15230806539e-06
2016,Scotland,1,7.4,90,Petrol Car,Motorway (not London),0.000295158970403,4.38387769464e-06,2.7006358323e-06
2016,Scotland,1,7.4,90,Plug-In Hybrid Petrol Cars,Motorway (not London),0.000694154470693,4.35245055996e-06,2.67078030447e-06
2016,Scotland,1,7.4,90,Plug-In Hybrid Petrol LGV,Motorway (not London),0.000850632844958,5.61682190892e-06,3.52258189196e-06
2016,Scotland,1,7.4,90,Rigid HGV,Motorway (not London),0.00156272097956,6.41423248453e-05,5.43366841157e-05
2016,Scotland,1,7.4,100,Artic HGV,Motorway (not London),0.0021332942415,9.50662069954e-05,8.26002287795e-05
2016,Scotland,1,7.4,100,B100 Artic HGV,Motorway (not London),0.002490733983,2.53525322478e-05,1.63722361322e-05
2016,Scotland,1,7.4,100,B100 Bus,Motorway (not London),0.00167097325902,2.07776192838e-05,1.28546234919e-05
2016,Scotland,1,7.4,100,B100 Coach,Motorway (not London),0.00194974231999,2.50951652561e-05,1.69562899828e-05
2016,Scotland,1,7.4,100,B100 Rigid HGV,Motorway (not London),0.00181335909292,1.94402582565e-05,1.18697189464e-05
2016,Scotland,1,7.4,100,Battery EV Cars,Motorway (not London),0.0,4.0696081669e-06,2.40208009927e-06
2016,Scotland,1,7.4,100,Battery EV LGV,Motorway (not London),0.0,5.21319179825e-06,3.13913324135e-06
2016,Scotland,1,7.4,100,Biogas Bus,Motorway (not London),0.00069444446126,1.93561409105e-05,1.15042184916e-05
2016,Scotland,1,7.4,100,Biomethane Bus,Motorway (not London),0.00069444446126,1.93561409105e-05,1.15042184916e-05
2016,Scotland,1,7.4,100,Bus and Coach,Motorway (not London),0.00177249300759,6.66897612973e-05,5.64711590414e-05
2016,Scotland,1,7.4,100,CNG Bus,Motorway (not London),0.00069444446126,1.93561409105e-05,1.15042184916e-05
2016,Scotland,1,7.4,100,Diesel Car,Motorway (not London),0.000187000347069,2.6977253583e-05,2.41643429035e-05
2016,Scotland,1,7.4,100,E85 Bioethanol Cars,Motorway (not London),0.000339544727467,4.32102388004e-06,2.64092477664e-06
2016,Scotland,1,7.4,100,E85 Bioethanol LGV,Motorway (not London),0.00037803320447,5.46460705664e-06,3.37797791872e-06
2016,Scotland,1,7.4,100,FCEV Bus,Motorway (not London),0.0,1.79672515515e-05,1.018477451e-05
2016,Scotland,1,7.4,100,FCEV Cars,Motorway (not London),0.0,4.0696081669e-06,2.40208009927e-06
2016,Scotland,1,7.4,100,FCEV LGV,Motorway (not London),0.0,5.21319179825e-06,3.13913324135e-06
2016,Scotland,1,7.4,100,Full Hybrid Diesel Cars,Motorway (not London),0.000150619103806,1.06843681351e-05,8.68610186444e-06
2016,Scotland,1,7.4,100,Full Hybrid Petrol Cars,Motorway (not London),0.000754952663556,4.38387769464e-06,2.7006358323e-06
2016,Scotland,1,7.4,100,Full Hybrid Petrol LGV,Motorway (not London),1.15293833005e-05,5.41002327736e-06,3.32612353304e-06
2016,Scotland,1,7.4,100,Hybrid Bus,Motorway (not London),0.000455785368104,2.62096600636e-05,1.80150618689e-05
2016,Scotland,1,7.4,100,LGV,Motorway (not London),0.000344049476553,3.67076354451e-05,3.30588554789e-05
2016,Scotland,1,7.4,100,LPG Cars,Motorway (not London),9.0555557108e-05,4.38387769464e-06,2.7006358323e-06
2016,Scotland,1,7.4,100,LPG LGV,Motorway (not London),0.00014301284682,5.52746087124e-06,3.43768920175e-06
2016,Scotland,1,7.4,100,Motorcycle,Motorway (not London),0.000127259161673,5.02181865158e-06,4.15230806539e-06
2016,Scotland,1,7.4,100,Petrol Car,Motorway (not London),0.000339544727467,4.38387769464e-06,2.7006358323e-06
2016,Scotland,1,7.4,100,Plug-In Hybrid Petrol Cars,Motorway (not London),0.000754952663556,4.35245055996e-06,2.67078030447e-06
2016,Scotland,1,7.4,100,Plug-In Hybrid Petrol LGV,Motorway (not London),0.000897733261809,5.69998655919e-06,3.60158855983e-06
2016,Scotland,1,7.4,100,Rigid HGV,Motorway (not London),0.00156272097956,6.41423248453e-05,5.43366841157e-05
2016,Scotland,1,7.4,110,Artic HGV,Motorway (not London),0.0021332942415,9.50662069954e-05,8.26002287795e-05
2016,Scotland,1,7.4,110,B100 Artic HGV,Motorway (not London),0.002490733983,2.53525322478e-05,1.63722361322e-05
2016,Scotland,1,7.4,110,B100 Bus,Motorway (not London),0.00167097325902,2.07776192838e-05,1.28546234919e-05
2016,Scotland,1,7.4,110,B100 Coach,Motorway (not London),0.00194049323909,2.5001792892e-05,1.68675887835e-05
2016,Scotland,1,7.4,110,B100 Rigid HGV,Motorway (not London),0.00181335909292,1.94402582565e-05,1.18697189464e-05
2016,Scotland,1,7.4,110,Battery EV Cars,Motorway (not London),0.0,4.0696081669e-06,2.40208009927e-06
2016,Scotland,1,7.4,110,Battery EV LGV,Motorway (not London),0.0,5.21319179825e-06,3.13913324135e-06
2016,Scotland,1,7.4,110,Biogas Bus,Motorway (not London),0.00069444446126,1.93561409105e-05,1.15042184916e-05
2016,Scotland,1,7.4,110,Biomethane Bus,Motorway (not London),0.00069444446126,1.93561409105e-05,1.15042184916e-05
2016,Scotland,1,7.4,110,Bus and Coach,Motorway (not London),0.00176408479456,6.50268484605e-05,5.48913885723e-05
2016,Scotland,1,7.4,110,CNG Bus,Motorway (not London),0.00069444446126,1.93561409105e-05,1.15042184916e-05
2016,Scotland,1,7.4,110,Diesel Car,Motorway (not London),0.000202867362532,3.21594889101e-05,2.90874668281e-05
2016,Scotland,1,7.4,110,E85 Bioethanol Cars,Motorway (not London),0.000392758083763,4.32102388004e-06,2.64092477664e-06
2016,Scotland,1,7.4,110,E85 Bioethanol LGV,Motorway (not London),0.000416507915361,5.46460705664e-06,3.37797791872e-06
2016,Scotland,1,7.4,110,FCEV Bus,Motorway (not London),0.0,1.79672515515e-05,1.018477451e-05
2016,Scotland,1,7.4,110,FCEV Cars,Motorway (not London),0.0,4.0696081669e-06,2.40208009927e-06
2016,Scotland,1,7.4,110,FCEV LGV,Motorway (not London),0.0,5.21319179825e-06,3.13913324135e-06
2016,Scotland,1,7.4,110,Full Hybrid Diesel Cars,Motorway (not London),0.000170342624187,1.1174217434e-05,9.15145938052e-06
2016,Scotland,1,7.4,110,Full Hybrid Petrol Cars,Motorway (not London),0.000820874294732,4.38387769464e-06,2.7006358323e-06
2016,Scotland,1,7.4,110,Full Hybrid Petrol LGV,Motorway (not London),1.29024547277e-05,5.41002327736e-06,3.32612353304e-06
2016,Scotland,1,7.4,110,Hybrid Bus,Motorway (not London),0.000455785368104,2.62096600636e-05,1.80150618689e-05
2016,Scotland,1,7.4,110,LGV,Motorway (not London),0.000394319184124,4.59039802081e-05,4.17953851866e-05
2016,Scotland,1,7.4,110,LPG Cars,Motorway (not London),9.0555557108e-05,4.38387769464e-06,2.7006358323e-06
2016,Scotland,1,7.4,110,LPG LGV,Motorway (not London),0.000163551521837,5.52746087124e-06,3.43768920175e-06
2016,Scotland,1,7.4,110,Motorcycle,Motorway (not London),0.000151509142597,5.02181865158e-06,4.15230806539e-06
2016,Scotland,1,7.4,110,Petrol Car,Motorway (not London),0.000392758083763,4.38387769464e-06,2.7006358323e-06
2016,Scotland,1,7.4,110,Plug-In Hybrid Petrol Cars,Motorway (not London),0.000820874294732,4.35245055996e-06,2.67078030447e-06
2016,Scotland,1,7.4,110,Plug-In Hybrid Petrol LGV,Motorway (not London),0.000945440493524,5.80887763135e-06,3.70503494196e-06
2016,Scotland,1,7.4,110,Rigid HGV,Motorway (not London),0.00156272097956,6.41423248453e-05,5.43366841157e-05
2016,Scotland,1,7.4,120,Artic HGV,Motorway (not London),0.0021332942415,9.50662069954e-05,8.26002287795e-05
2016,Scotland,1,7.4,120,B100 Artic HGV,Motorway (not London),0.002490733983,2.53525322478e-05,1.63722361322e-05
2016,Scotland,1,7.4,120,B100 Bus,Motorway (not London),0.00167097325902,2.07776192838e-05,1.28546234919e-05
2016,Scotland,1,7.4,120,B100 Coach,Motorway (not London),0.00194049323909,2.5001792892e-05,1.68675887835e-05
2016,Scotland,1,7.4,120,B100 Rigid HGV,Motorway (not London),0.00181335909292,1.94402582565e-05,1.18697189464e-05
2016,Scotland,1,7.4,120,Battery EV Cars,Motorway (not London),0.0,4.0696081669e-06,2.40208009927e-06
2016,Scotland,1,7.4,120,Battery EV LGV,Motorway (not London),0.0,5.21319179825e-06,3.13913324135e-06
2016,Scotland,1,7.4,120,Biogas Bus,Motorway (not London),0.00069444446126,1.93561409105e-05,1.15042184916e-05
2016,Scotland,1,7.4,120,Biomethane Bus,Motorway (not London),0.00069444446126,1.93561409105e-05,1.15042184916e-05
2016,Scotland,1,7.4,120,Bus and Coach,Motorway (not London),0.00176408479456,6.50268484605e-05,5.48913885723e-05
2016,Scotland,1,7.4,120,CNG Bus,Motorway (not London),0.00069444446126,1.93561409105e-05,1.15042184916e-05
2016,Scotland,1,7.4,120,Diesel Car,Motorway (not London),0.000221958194743,3.83112492273e-05,3.49316396751e-05
2016,Scotland,1,7.4,120,E85 Bioethanol Cars,Motorway (not London),0.000454799068393,4.32102388004e-06,2.64092477664e-06
2016,Scotland,1,7.4,120,E85 Bioethanol LGV,Motorway (not London),0.000454360619187,5.46460705664e-06,3.37797791872e-06
2016,Scotland,1,7.4,120,FCEV Bus,Motorway (not London),0.0,1.79672515515e-05,1.018477451e-05
2016,Scotland,1,7.4,120,FCEV Cars,Motorway (not London),0.0,4.0696081669e-06,2.40208009927e-06
2016,Scotland,1,7.4,120,FCEV LGV,Motorway (not London),0.0,5.21319179825e-06,3.13913324135e-06
2016,Scotland,1,7.4,120,Full Hybrid Diesel Cars,Motorway (not London),0.000200883136131,1.18418229249e-05,9.78568459686e-06
2016,Scotland,1,7.4,120,Full Hybrid Petrol Cars,Motorway (not London),0.000891919422429,4.38387769464e-06,2.7006358323e-06
2016,Scotland,1,7.4,120,Full Hybrid Petrol LGV,Motorway (not London),1.46457514347e-05,5.41002327736e-06,3.32612353304e-06
2016,Scotland,1,7.4,120,Hybrid Bus,Motorway (not London),0.000455785368104,2.62096600636e-05,1.80150618689e-05
2016,Scotland,1,7.4,120,LGV,Motorway (not London),0.000396696879761,4.62714597234e-05,4.21444856329e-05
2016,Scotland,1,7.4,120,LPG Cars,Motorway (not London),9.0555557108e-05,4.38387769464e-06,2.7006358323e-06
2016,Scotland,1,7.4,120,LPG LGV,Motorway (not London),0.000164973724168,5.52746087124e-06,3.43768920175e-06
2016,Scotland,1,7.4,120,Motorcycle,Motorway (not London),0.0001764420158,5.02181865158e-06,4.15230806539e-06
2016,Scotland,1,7.4,120,Petrol Car,Motorway (not London),0.000454799068393,4.38387769464e-06,2.7006358323e-06
2016,Scotland,1,7.4,120,Plug-In Hybrid Petrol Cars,Motorway (not London),0.000891919422429,4.35245055996e-06,2.67078030447e-06
2016,Scotland,1,7.4,120,Plug-In Hybrid Petrol LGV,Motorway (not London),0.000957748328801,5.9550898186e-06,3.84393661079e-06
2016,Scotland,1,7.4,120,Rigid HGV,Motorway (not London),0.00156272097956,6.41423248453e-05,5.43366841157e-05
2016,Scotland,1,7.4,130,Artic HGV,Motorway (not London),0.0021332942415,9.50662069954e-05,8.26002287795e-05
2016,Scotland,1,7.4,130,B100 Artic HGV,Motorway (not London),0.002490733983,2.53525322478e-05,1.63722361322e-05
2016,Scotland,1,7.4,130,B100 Bus,Motorway (not London),0.00167097325902,2.07776192838e-05,1.28546234919e-05
2016,Scotland,1,7.4,130,B100 Coach,Motorway (not London),0.00194049323909,2.5001792892e-05,1.68675887835e-05
2016,Scotland,1,7.4,130,B100 Rigid HGV,Motorway (not London),0.00181335909292,1.94402582565e-05,1.18697189464e-05
2016,Scotland,1,7.4,130,Battery EV Cars,Motorway (not London),0.0,4.0696081669e-06,2.40208009927e-06
2016,Scotland,1,7.4,130,Battery EV LGV,Motorway (not London),0.0,5.21319179825e-06,3.13913324135e-06
2016,Scotland,1,7.4,130,Biogas Bus,Motorway (not London),0.00069444446126,1.93561409105e-05,1.15042184916e-05
2016,Scotland,1,7.4,130,Biomethane Bus,Motorway (not London),0.00069444446126,1.93561409105e-05,1.15042184916e-05
2016,Scotland,1,7.4,130,Bus and Coach,Motorway (not London),0.00176408479456,6.50268484605e-05,5.48913885723e-05
2016,Scotland,1,7.4,130,CNG Bus,Motorway (not London),0.00069444446126,1.93561409105e-05,1.15042184916e-05
2016,Scotland,1,7.4,130,Diesel Car,Motorway (not London),0.000221958194743,4.54325308965e-05,4.16968578065e-05
2016,Scotland,1,7.4,130,E85 Bioethanol Cars,Motorway (not London),0.000525667623151,4.32102388004e-06,2.64092477664e-06
2016,Scotland,1,7.4,130,E85 Bioethanol LGV,Motorway (not London),0.000465910183266,5.46460705664e-06,3.37797791872e-06
2016,Scotland,1,7.4,130,FCEV Bus,Motorway (not London),0.0,1.79672515515e-05,1.018477451e-05
2016,Scotland,1,7.4,130,FCEV Cars,Motorway (not London),0.0,4.0696081669e-06,2.40208009927e-06
2016,Scotland,1,7.4,130,FCEV LGV,Motorway (not London),0.0,5.21319179825e-06,3.13913324135e-06
2016,Scotland,1,7.4,130,Full Hybrid Diesel Cars,Motorway (not London),0.000247190648224,1.26871846078e-05,1.05887775135e-05
2016,Scotland,1,7.4,130,Full Hybrid Petrol Cars,Motorway (not London),0.00096808798844,4.38387769464e-06,2.7006358323e-06
2016,Scotland,1,7.4,130,Full Hybrid Petrol LGV,Motorway (not London),1.47275250129e-05,5.41002327736e-06,3.32612353304e-06
2016,Scotland,1,7.4,130,Hybrid Bus,Motorway (not London),0.000455785368104,2.62096600636e-05,1.80150618689e-05
2016,Scotland,1,7.4,130,LGV,Motorway (not London),0.00039707441465,4.66968485853e-05,4.25486068707e-05
2016,Scotland,1,7.4,130,LPG Cars,Motorway (not London),9.0555557108e-05,4.38387769464e-06,2.7006358323e-06
2016,Scotland,1,7.4,130,LPG LGV,Motorway (not London),0.000164973724168,5.52746087124e-06,3.43768920175e-06
2016,Scotland,1,7.4,130,Motorcycle,Motorway (not London),0.000200521128136,5.02181865158e-06,4.15230806539e-06
2016,Scotland,1,7.4,130,Petrol Car,Motorway (not London),0.000525667623151,4.38387769464e-06,2.7006358323e-06
2016,Scotland,1,7.4,130,Plug-In Hybrid Petrol Cars,Motorway (not London),0.00096808798844,4.35245055996e-06,2.67078030447e-06
2016,Scotland,1,7.4,130,Plug-In Hybrid Petrol LGV,Motorway (not London),0.000970662920736,6.15544786342e-06,4.03427657147e-06
2016,Scotland,1,7.4,130,Rigid HGV,Motorway (not London),0.00156272097956,6.41423248453e-05,5.43366841157e-05
2016,Scotland,1,7.4,140,Artic HGV,Motorway (not London),0.0021332942415,9.50662069954e-05,8.26002287795e-05
2016,Scotland,1,7.4,140,B100 Artic HGV,Motorway (not London),0.002490733983,2.53525322478e-05,1.63722361322e-05
2016,Scotland,1,7.4,140,B100 Bus,Motorway (not London),0.00167097325902,2.07776192838e-05,1.28546234919e-05
2016,Scotland,1,7.4,140,B100 Coach,Motorway (not London),0.00194049323909,2.5001792892e-05,1.68675887835e-05
2016,Scotland,1,7.4,140,B100 Rigid HGV,Motorway (not London),0.00181335909292,1.94402582565e-05,1.18697189464e-05
2016,Scotland,1,7.4,140,Battery EV Cars,Motorway (not London),0.0,4.0696081669e-06,2.40208009927e-06
2016,Scotland,1,7.4,140,Battery EV LGV,Motorway (not London),0.0,5.21319179825e-06,3.13913324135e-06
2016,Scotland,1,7.4,140,Biogas Bus,Motorway (not London),0.00069444446126,1.93561409105e-05,1.15042184916e-05
2016,Scotland,1,7.4,140,Biomethane Bus,Motorway (not London),0.00069444446126,1.93561409105e-05,1.15042184916e-05
2016,Scotland,1,7.4,140,Bus and Coach,Motorway (not London),0.00176408479456,6.50268484605e-05,5.48913885723e-05
2016,Scotland,1,7.4,140,CNG Bus,Motorway (not London),0.00069444446126,1.93561409105e-05,1.15042184916e-05
2016,Scotland,1,7.4,140,Diesel Car,Motorway (not London),0.000221958194743,4.54325308965e-05,4.16968578065e-05
2016,Scotland,1,7.4,140,E85 Bioethanol Cars,Motorway (not London),0.000525667623151,4.32102388004e-06,2.64092477664e-06
2016,Scotland,1,7.4,140,E85 Bioethanol LGV,Motorway (not London),0.000465910183266,5.46460705664e-06,3.37797791872e-06
2016,Scotland,1,7.4,140,FCEV Bus,Motorway (not London),0.0,1.79672515515e-05,1.018477451e-05
2016,Scotland,1,7.4,140,FCEV Cars,Motorway (not London),0.0,4.0696081669e-06,2.40208009927e-06
2016,Scotland,1,7.4,140,FCEV LGV,Motorway (not London),0.0,5.21319179825e-06,3.13913324135e-06
2016,Scotland,1,7.4,140,Full Hybrid Diesel Cars,Motorway (not London),0.000247190648224,1.26871846078e-05,1.05887775135e-05
2016,Scotland,1,7.4,140,Full Hybrid Petrol Cars,Motorway (not London),0.00096808798844,4.38387769464e-06,2.7006358323e-06
2016,Scotland,1,7.4,140,Full Hybrid Petrol LGV,Motorway (not London),1.47275250129e-05,5.41002327736e-06,3.32612353304e-06
2016,Scotland,1,7.4,140,Hybrid Bus,Motorway (not London),0.000455785368104,2.62096600636e-05,1.80150618689e-05
2016,Scotland,1,7.4,140,LGV,Motorway (not London),0.00039707441465,4.66968485853e-05,4.25486068707e-05
2016,Scotland,1,7.4,140,LPG Cars,Motorway (not London),9.0555557108e-05,4.38387769464e-06,2.7006358323e-06
2016,Scotland,1,7.4,140,LPG LGV,Motorway (not London),0.000164973724168,5.52746087124e-06,3.43768920175e-06
2016,Scotland,1,7.4,140,Motorcycle,Motorway (not London),0.000221638969379,5.02181865158e-06,4.15230806539e-06
2016,Scotland,1,7.4,140,Petrol Car,Motorway (not London),0.000525667623151,4.38387769464e-06,2.7006358323e-06
2016,Scotland,1,7.4,140,Plug-In Hybrid Petrol Cars,Motorway (not London),0.00096808798844,4.35245055996e-06,2.67078030447e-06
2016,Scotland,1,7.4,140,Plug-In Hybrid Petrol LGV,Motorway (not London),0.000970662920736,6.37060293229e-06,4.23867413701e-06
2016,Scotland,1,7.4,140,Rigid HGV,Motorway (not London),0.00156272097956,6.41423248453e-05,5.43366841157e-05
2016,Scotland,1,7.4,5,Artic HGV,Rural (not London),0.00552122201771,0.000302830478176,0.000276683713309
2016,Scotland,1,7.4,5,B100 Artic HGV,Rural (not London),0.00667868088931,4.33349850937e-05,3.01629952446e-05
2016,Scotland,1,7.4,5,B100 Bus,Rural (not London),0.0045799841173,3.18499223795e-05,2.06161712413e-05
2016,Scotland,1,7.4,5,B100 Coach,Rural (not London),0.00632201088592,5.66068811167e-05,4.41352822236e-05
2016,Scotland,1,7.4,5,B100 Rigid HGV,Rural (not London),0.00409103464335,3.26820918417e-05,2.13501716644e-05
2016,Scotland,1,7.4,5,Battery EV Cars,Rural (not London),0.0,5.50764480067e-06,3.06141782858e-06
2016,Scotland,1,7.4,5,Battery EV LGV,Rural (not London),0.0,7.46197929402e-06,4.17151613874e-06
2016,Scotland,1,7.4,5,Biogas Bus,Rural (not London),0.00069444446126,2.41506240855e-05,1.33018365887e-05
2016,Scotland,1,7.4,5,Biomethane Bus,Rural (not London),0.00069444446126,2.41506240855e-05,1.33018365887e-05
2016,Scotland,1,7.4,5,Bus and Coach,Rural (not London),0.00460704695433,0.000211023550946,0.000190831109649
2016,Scotland,1,7.4,5,CNG Bus,Rural (not London),0.00069444446126,2.41506240855e-05,1.33018365887e-05
2016,Scotland,1,7.4,5,Diesel Car,Rural (not London),0.000366908294382,2.54037586274e-05,2.1962725441e-05
2016,Scotland,1,7.4,5,E85 Bioethanol Cars,Rural (not London),0.000308735237923,5.93372760704e-06,3.46619685843e-06
2016,Scotland,1,7.4,5,E85 Bioethanol LGV,Rural (not London),0.000357161188731,7.88806210039e-06,4.57629494122e-06
2016,Scotland,1,7.4,5,FCEV Bus,Rural (not London),0.0,2.27617347264e-05,1.1982392607e-05
2016,Scotland,1,7.4,5,FCEV Cars,Rural (not London),0.0,5.50764480067e-06,3.06141782858e-06
2016,Scotland,1,7.4,5,FCEV LGV,Rural (not London),0.0,7.46197929402e-06,4.17151613874e-06
2016,Scotland,1,7.4,5,Full Hybrid Diesel Cars,Rural (not London),0.00027608484379,1.57127633429e-05,1.27562807393e-05
2016,Scotland,1,7.4,5,Full Hybrid Petrol Cars,Rural (not London),0.000217896289541,6.04024853601e-06,3.56739155905e-06
2016,Scotland,1,7.4,5,Full Hybrid Petrol LGV,Rural (not London),1.35751561174e-05,7.67369783716e-06,4.3726486183e-06
2016,Scotland,1,7.4,5,Hybrid Bus,Rural (not London),0.00397092988715,4.25609287049e-05,3.07916270685e-05
2016,Scotland,1,7.4,5,LGV,Rural (not London),0.000476060406072,3.7643876567e-05,3.28443165927e-05
2016,Scotland,1,7.4,5,LPG Cars,Rural (not London),8.80555526237e-05,6.04024853601e-06,3.56739155905e-06
2016,Scotland,1,7.4,5,LPG LGV,Rural (not London),0.000261580717051,7.99458302936e-06,4.67748986921e-06
2016,Scotland,1,7.4,5,Motorcycle,Rural (not London),6.66547639412e-05,5.72118187847e-06,4.46821832156e-06
2016,Scotland,1,7.4,5,Petrol Car,Rural (not London),0.000308735237923,6.04024853601e-06,3.56739155905e-06
2016,Scotland,1,7.4,5,Plug-In Hybrid Petrol Cars,Rural (not London),4.35792571807e-05,5.56090526516e-06,3.11201529257e-06
2016,Scotland,1,7.4,5,Plug-In Hybrid Petrol LGV,Rural (not London),8.46194088808e-05,7.48316097088e-06,4.19163870902e-06
2016,Scotland,1,7.4,5,Rigid HGV,Rural (not London),0.00336765637621,0.000198997164262,0.000179349488462
2016,Scotland,1,7.4,6,Artic HGV,Rural (not London),0.00552122201771,0.000302830478176,0.000276683713309
2016,Scotland,1,7.4,6,B100 Artic HGV,Rural (not London),0.00667868088931,4.33349850937e-05,3.01629952446e-05
2016,Scotland,1,7.4,6,B100 Bus,Rural (not London),0.0045799841173,3.18499223795e-05,2.06161712413e-05
2016,Scotland,1,7.4,6,B100 Coach,Rural (not London),0.00632201088592,5.66068811167e-05,4.41352822236e-05
2016,Scotland,1,7.4,6,B100 Rigid HGV,Rural (not London),0.00409103464335,3.26820918417e-05,2.13501716644e-05
2016,Scotland,1,7.4,6,Battery EV Cars,Rural (not London),0.0,5.50764480067e-06,3.06141782858e-06
2016,Scotland,1,7.4,6,Battery EV LGV,Rural (not London),0.0,7.46197929402e-06,4.17151613874e-06
2016,Scotland,1,7.4,6,Biogas Bus,Rural (not London),0.00069444446126,2.41506240855e-05,1.33018365887e-05
2016,Scotland,1,7.4,6,Biomethane Bus,Rural (not London),0.00069444446126,2.41506240855e-05,1.33018365887e-05
2016,Scotland,1,7.4,6,Bus and Coach,Rural (not London),0.00460704695433,0.000211023550946,0.000190831109649
2016,Scotland,1,7.4,6,CNG Bus,Rural (not London),0.00069444446126,2.41506240855e-05,1.33018365887e-05
2016,Scotland,1,7.4,6,Diesel Car,Rural (not London),0.000366908294382,2.54037586274e-05,2.1962725441e-05
2016,Scotland,1,7.4,6,E85 Bioethanol Cars,Rural (not London),0.00030436416273,5.93372760704e-06,3.46619685843e-06
2016,Scotland,1,7.4,6,E85 Bioethanol LGV,Rural (not London),0.000356460775947,7.88806210039e-06,4.57629494122e-06
2016,Scotland,1,7.4,6,FCEV Bus,Rural (not London),0.0,2.27617347264e-05,1.1982392607e-05
2016,Scotland,1,7.4,6,FCEV Cars,Rural (not London),0.0,5.50764480067e-06,3.06141782858e-06
2016,Scotland,1,7.4,6,FCEV LGV,Rural (not London),0.0,7.46197929402e-06,4.17151613874e-06
2016,Scotland,1,7.4,6,Full Hybrid Diesel Cars,Rural (not London),0.00027608484379,1.57127633429e-05,1.27562807393e-05
2016,Scotland,1,7.4,6,Full Hybrid Petrol Cars,Rural (not London),0.000217896289541,6.04024853601e-06,3.56739155905e-06
2016,Scotland,1,7.4,6,Full Hybrid Petrol LGV,Rural (not London),1.35213149406e-05,7.67369783716e-06,4.3726486183e-06
2016,Scotland,1,7.4,6,Hybrid Bus,Rural (not London),0.00343760405667,4.25609287049e-05,3.07916270685e-05
2016,Scotland,1,7.4,6,LGV,Rural (not London),0.000476037501357,3.7643876567e-05,3.28443165927e-05
2016,Scotland,1,7.4,6,LPG Cars,Rural (not London),8.80555526237e-05,6.04024853601e-06,3.56739155905e-06
2016,Scotland,1,7.4,6,LPG LGV,Rural (not London),0.000261580717051,7.99458302936e-06,4.67748986921e-06
2016,Scotland,1,7.4,6,Motorcycle,Rural (not London),6.66547639412e-05,5.72118187847e-06,4.46821832156e-06
2016,Scotland,1,7.4,6,Petrol Car,Rural (not London),0.00030436416273,6.04024853601e-06,3.56739155905e-06
2016,Scotland,1,7.4,6,Plug-In Hybrid Petrol Cars,Rural (not London),4.35792571807e-05,5.56090526516e-06,3.11201529257e-06
2016,Scotland,1,7.4,6,Plug-In Hybrid Petrol LGV,Rural (not London),8.46194088808e-05,7.48252568883e-06,4.19103525928e-06
2016,Scotland,1,7.4,6,Rigid HGV,Rural (not London),0.00336765637621,0.000198997164262,0.000179349488462
2016,Scotland,1,7.4,7,Artic HGV,Rural (not London),0.00552122201771,0.000302830478176,0.000276683713309
2016,Scotland,1,7.4,7,B100 Artic HGV,Rural (not London),0.00667868088931,4.33349850937e-05,3.01629952446e-05
2016,Scotland,1,7.4,7,B100 Bus,Rural (not London),0.0045799841173,3.18499223795e-05,2.06161712413e-05
2016,Scotland,1,7.4,7,B100 Coach,Rural (not London),0.00632201088592,5.66068811167e-05,4.41352822236e-05
2016,Scotland,1,7.4,7,B100 Rigid HGV,Rural (not London),0.00409103464335,3.26820918417e-05,2.13501716644e-05
2016,Scotland,1,7.4,7,Battery EV Cars,Rural (not London),0.0,5.50764480067e-06,3.06141782858e-06
2016,Scotland,1,7.4,7,Battery EV LGV,Rural (not London),0.0,7.46197929402e-06,4.17151613874e-06
2016,Scotland,1,7.4,7,Biogas Bus,Rural (not London),0.00069444446126,2.41506240855e-05,1.33018365887e-05
2016,Scotland,1,7.4,7,Biomethane Bus,Rural (not London),0.00069444446126,2.41506240855e-05,1.33018365887e-05
2016,Scotland,1,7.4,7,Bus and Coach,Rural (not London),0.00460704695433,0.000211023550946,0.000190831109649
2016,Scotland,1,7.4,7,CNG Bus,Rural (not London),0.00069444446126,2.41506240855e-05,1.33018365887e-05
2016,Scotland,1,7.4,7,Diesel Car,Rural (not London),0.000366908294382,2.54037586274e-05,2.1962725441e-05
2016,Scotland,1,7.4,7,E85 Bioethanol Cars,Rural (not London),0.000300084269838,5.93372760704e-06,3.46619685843e-06
2016,Scotland,1,7.4,7,E85 Bioethanol LGV,Rural (not London),0.00035577500239,7.88806210039e-06,4.57629494122e-06
2016,Scotland,1,7.4,7,FCEV Bus,Rural (not London),0.0,2.27617347264e-05,1.1982392607e-05
2016,Scotland,1,7.4,7,FCEV Cars,Rural (not London),0.0,5.50764480067e-06,3.06141782858e-06
2016,Scotland,1,7.4,7,FCEV LGV,Rural (not London),0.0,7.46197929402e-06,4.17151613874e-06
2016,Scotland,1,7.4,7,Full Hybrid Diesel Cars,Rural (not London),0.00027608484379,1.57127633429e-05,1.27562807393e-05
2016,Scotland,1,7.4,7,Full Hybrid Petrol Cars,Rural (not London),0.000217896289541,6.04024853601e-06,3.56739155905e-06
2016,Scotland,1,7.4,7,Full Hybrid Petrol LGV,Rural (not London),1.34679821713e-05,7.67369783716e-06,4.3726486183e-06
2016,Scotland,1,7.4,7,Hybrid Bus,Rural (not London),0.00304097239859,4.25609287049e-05,3.07916270685e-05
2016,Scotland,1,7.4,7,LGV,Rural (not London),0.000476015062304,3.7643876567e-05,3.28443165927e-05
2016,Scotland,1,7.4,7,LPG Cars,Rural (not London),8.80555526237e-05,6.04024853601e-06,3.56739155905e-06
2016,Scotland,1,7.4,7,LPG LGV,Rural (not London),0.000261580717051,7.99458302936e-06,4.67748986921e-06
2016,Scotland,1,7.4,7,Motorcycle,Rural (not London),6.66547639412e-05,5.72118187847e-06,4.46821832156e-06
2016,Scotland,1,7.4,7,Petrol Car,Rural (not London),0.000300084269838,6.04024853601e-06,3.56739155905e-06
2016,Scotland,1,7.4,7,Plug-In Hybrid Petrol Cars,Rural (not London),4.35792571807e-05,5.56090526516e-06,3.11201529257e-06
2016,Scotland,1,7.4,7,Plug-In Hybrid Petrol LGV,Rural (not London),8.46194088808e-05,7.4818176472e-06,4.19036268795e-06
2016,Scotland,1,7.4,7,Rigid HGV,Rural (not London),0.00336765637621,0.000198997164262,0.000179349488462
2016,Scotland,1,7.4,8,Artic HGV,Rural (not London),0.00552122201771,0.000302830478176,0.000276683713309
2016,Scotland,1,7.4,8,B100 Artic HGV,Rural (not London),0.00667868088931,4.33349850937e-05,3.01629952446e-05
2016,Scotland,1,7.4,8,B100 Bus,Rural (not London),0.0045799841173,3.18499223795e-05,2.06161712413e-05
2016,Scotland,1,7.4,8,B100 Coach,Rural (not London),0.00632201088592,5.66068811167e-05,4.41352822236e-05
2016,Scotland,1,7.4,8,B100 Rigid HGV,Rural (not London),0.00409103464335,3.26820918417e-05,2.13501716644e-05
2016,Scotland,1,7.4,8,Battery EV Cars,Rural (not London),0.0,5.50764480067e-06,3.06141782858e-06
2016,Scotland,1,7.4,8,Battery EV LGV,Rural (not London),0.0,7.46197929402e-06,4.17151613874e-06
2016,Scotland,1,7.4,8,Biogas Bus,Rural (not London),0.00069444446126,2.41506240855e-05,1.33018365887e-05
2016,Scotland,1,7.4,8,Biomethane Bus,Rural (not London),0.00069444446126,2.41506240855e-05,1.33018365887e-05
2016,Scotland,1,7.4,8,Bus and Coach,Rural (not London),0.00460704695433,0.000211023550946,0.000190831109649
2016,Scotland,1,7.4,8,CNG Bus,Rural (not London),0.00069444446126,2.41506240855e-05,1.33018365887e-05
2016,Scotland,1,7.4,8,Diesel Car,Rural (not London),0.000366908294382,2.54037586274e-05,2.1962725441e-05
2016,Scotland,1,7.4,8,E85 Bioethanol Cars,Rural (not London),0.000295895646559,5.93372760704e-06,3.46619685843e-06
2016,Scotland,1,7.4,8,E85 Bioethanol LGV,Rural (not London),0.000355103838956,7.88806210039e-06,4.57629494122e-06
2016,Scotland,1,7.4,8,FCEV Bus,Rural (not London),0.0,2.27617347264e-05,1.1982392607e-05
2016,Scotland,1,7.4,8,FCEV Cars,Rural (not London),0.0,5.50764480067e-06,3.06141782858e-06
2016,Scotland,1,7.4,8,FCEV LGV,Rural (not London),0.0,7.46197929402e-06,4.17151613874e-06
2016,Scotland,1,7.4,8,Full Hybrid Diesel Cars,Rural (not London),0.00027608484379,1.57127633429e-05,1.27562807393e-05
2016,Scotland,1,7.4,8,Full Hybrid Petrol Cars,Rural (not London),0.000217896289541,6.04024853601e-06,3.56739155905e-06
2016,Scotland,1,7.4,8,Full Hybrid Petrol LGV,Rural (not London),1.3415158719e-05,7.67369783716e-06,4.3726486183e-06
2016,Scotland,1,7.4,8,Hybrid Bus,Rural (not London),0.00274155149236,4.25609287049e-05,3.07916270685e-05
2016,Scotland,1,7.4,8,LGV,Rural (not London),0.000475993088912,3.7643876567e-05,3.28443165927e-05
2016,Scotland,1,7.4,8,LPG Cars,Rural (not London),8.80555526237e-05,6.04024853601e-06,3.56739155905e-06
2016,Scotland,1,7.4,8,LPG LGV,Rural (not London),0.000261580717051,7.99458302936e-06,4.67748986921e-06
2016,Scotland,1,7.4,8,Motorcycle,Rural (not London),6.66547639412e-05,5.72118187847e-06,4.46821832156e-06
2016,Scotland,1,7.4,8,Petrol Car,Rural (not London),0.000295895646559,6.04024853601e-06,3.56739155905e-06
2016,Scotland,1,7.4,8,Plug-In Hybrid Petrol Cars,Rural (not London),4.35792571807e-05,5.56090526516e-06,3.11201529257e-06
2016,Scotland,1,7.4,8,Plug-In Hybrid Petrol LGV,Rural (not London),8.46194088808e-05,7.4811741797e-06,4.18975105276e-06
2016,Scotland,1,7.4,8,Rigid HGV,Rural (not London),0.00336765637621,0.000198997164262,0.000179349488462
2016,Scotland,1,7.4,9,Artic HGV,Rural (not London),0.00552122201771,0.000302830478176,0.000276683713309
2016,Scotland,1,7.4,9,B100 Artic HGV,Rural (not London),0.00667868088931,4.33349850937e-05,3.01629952446e-05
2016,Scotland,1,7.4,9,B100 Bus,Rural (not London),0.0045799841173,3.18499223795e-05,2.06161712413e-05
2016,Scotland,1,7.4,9,B100 Coach,Rural (not London),0.00632201088592,5.66068811167e-05,4.41352822236e-05
2016,Scotland,1,7.4,9,B100 Rigid HGV,Rural (not London),0.00409103464335,3.26820918417e-05,2.13501716644e-05
2016,Scotland,1,7.4,9,Battery EV Cars,Rural (not London),0.0,5.50764480067e-06,3.06141782858e-06
2016,Scotland,1,7.4,9,Battery EV LGV,Rural (not London),0.0,7.46197929402e-06,4.17151613874e-06
2016,Scotland,1,7.4,9,Biogas Bus,Rural (not London),0.00069444446126,2.41506240855e-05,1.33018365887e-05
2016,Scotland,1,7.4,9,Biomethane Bus,Rural (not London),0.00069444446126,2.41506240855e-05,1.33018365887e-05
2016,Scotland,1,7.4,9,Bus and Coach,Rural (not London),0.00460704695433,0.000211023550946,0.000190831109649
2016,Scotland,1,7.4,9,CNG Bus,Rural (not London),0.00069444446126,2.41506240855e-05,1.33018365887e-05
2016,Scotland,1,7.4,9,Diesel Car,Rural (not London),0.000366908294382,2.54037586274e-05,2.1962725441e-05
2016,Scotland,1,7.4,9,E85 Bioethanol Cars,Rural (not London),0.000291798205581,5.93372760704e-06,3.46619685843e-06
2016,Scotland,1,7.4,9,E85 Bioethanol LGV,Rural (not London),0.000354447285645,7.88806210039e-06,4.57629494122e-06
2016,Scotland,1,7.4,9,FCEV Bus,Rural (not London),0.0,2.27617347264e-05,1.1982392607e-05
2016,Scotland,1,7.4,9,FCEV Cars,Rural (not London),0.0,5.50764480067e-06,3.06141782858e-06
2016,Scotland,1,7.4,9,FCEV LGV,Rural (not London),0.0,7.46197929402e-06,4.17151613874e-06
2016,Scotland,1,7.4,9,Full Hybrid Diesel Cars,Rural (not London),0.00027608484379,1.57127633429e-05,1.27562807393e-05
2016,Scotland,1,7.4,9,Full Hybrid Petrol Cars,Rural (not London),0.000217896289541,6.04024853601e-06,3.56739155905e-06
2016,Scotland,1,7.4,9,Full Hybrid Petrol LGV,Rural (not London),1.33628445838e-05,7.67369783716e-06,4.3726486183e-06
2016,Scotland,1,7.4,9,Hybrid Bus,Rural (not London),0.00250743003562,4.25609287049e-05,3.07916270685e-05
2016,Scotland,1,7.4,9,LGV,Rural (not London),0.000475971610285,3.7643876567e-05,3.28443165927e-05
2016,Scotland,1,7.4,9,LPG Cars,Rural (not London),8.80555526237e-05,6.04024853601e-06,3.56739155905e-06
2016,Scotland,1,7.4,9,LPG LGV,Rural (not London),0.000261580717051,7.99458302936e-06,4.67748986921e-06
2016,Scotland,1,7.4,9,Motorcycle,Rural (not London),6.66547639412e-05,5.72118187847e-06,4.46821832156e-06
2016,Scotland,1,7.4,9,Petrol Car,Rural (not London),0.000291798205581,6.04024853601e-06,3.56739155905e-06
2016,Scotland,1,7.4,9,Plug-In Hybrid Petrol Cars,Rural (not London),4.35792571807e-05,5.56090526516e-06,3.11201529257e-06
2016,Scotland,1,7.4,9,Plug-In Hybrid Petrol LGV,Rural (not London),8.46194088808e-05,7.48062757339e-06,4.18923218604e-06
2016,Scotland,1,7.4,9,Rigid HGV,Rural (not London),0.00336765637621,0.000198997164262,0.000179349488462
2016,Scotland,1,7.4,10,Artic HGV,Rural (not London),0.00552122201771,0.000302830478176,0.000276683713309
2016,Scotland,1,7.4,10,B100 Artic HGV,Rural (not London),0.00667868088931,4.33349850937e-05,3.01629952446e-05
2016,Scotland,1,7.4,10,B100 Bus,Rural (not London),0.0045799841173,3.18499223795e-05,2.06161712413e-05
2016,Scotland,1,7.4,10,B100 Coach,Rural (not London),0.00632201088592,5.66068811167e-05,4.41352822236e-05
2016,Scotland,1,7.4,10,B100 Rigid HGV,Rural (not London),0.00409103464335,3.26820918417e-05,2.13501716644e-05
2016,Scotland,1,7.4,10,Battery EV Cars,Rural (not London),0.0,5.50764480067e-06,3.06141782858e-06
2016,Scotland,1,7.4,10,Battery EV LGV,Rural (not London),0.0,7.46197929402e-06,4.17151613874e-06
2016,Scotland,1,7.4,10,Biogas Bus,Rural (not London),0.00069444446126,2.41506240855e-05,1.33018365887e-05
2016,Scotland,1,7.4,10,Biomethane Bus,Rural (not London),0.00069444446126,2.41506240855e-05,1.33018365887e-05
2016,Scotland,1,7.4,10,Bus and Coach,Rural (not London),0.00460704695433,0.000211023550946,0.000190831109649
2016,Scotland,1,7.4,10,CNG Bus,Rural (not London),0.00069444446126,2.41506240855e-05,1.33018365887e-05
2016,Scotland,1,7.4,10,Diesel Car,Rural (not London),0.000366908294382,2.54037586274e-05,2.1962725441e-05
2016,Scotland,1,7.4,10,E85 Bioethanol Cars,Rural (not London),0.000287791976007,5.93372760704e-06,3.46619685843e-06
2016,Scotland,1,7.4,10,E85 Bioethanol LGV,Rural (not London),0.000353805342456,7.88806210039e-06,4.57629494122e-06
2016,Scotland,1,7.4,10,FCEV Bus,Rural (not London),0.0,2.27617347264e-05,1.1982392607e-05
2016,Scotland,1,7.4,10,FCEV Cars,Rural (not London),0.0,5.50764480067e-06,3.06141782858e-06
2016,Scotland,1,7.4,10,FCEV LGV,Rural (not London),0.0,7.46197929402e-06,4.17151613874e-06
2016,Scotland,1,7.4,10,Full Hybrid Diesel Cars,Rural (not London),0.00027608484379,1.57127633429e-05,1.27562807393e-05
2016,Scotland,1,7.4,10,Full Hybrid Petrol Cars,Rural (not London),0.000217896289541,6.04024853601e-06,3.56739155905e-06
2016,Scotland,1,7.4,10,Full Hybrid Petrol LGV,Rural (not London),1.3311038856e-05,7.67369783716e-06,4.3726486183e-06
2016,Scotland,1,7.4,10,Hybrid Bus,Rural (not London),0.00231695338152,4.25609287049e-05,3.07916270685e-05
2016,Scotland,1,7.4,10,LGV,Rural (not London),0.00047595059732,3.7643876567e-05,3.28443165927e-05
2016,Scotland,1,7.4,10,LPG Cars,Rural (not London),8.80555526237e-05,6.04024853601e-06,3.56739155905e-06
2016,Scotland,1,7.4,10,LPG LGV,Rural (not London),0.000261580717051,7.99458302936e-06,4.67748986921e-06
2016,Scotland,1,7.4,10,Motorcycle,Rural (not London),6.66547639412e-05,5.72118187847e-06,4.46821832156e-06
2016,Scotland,1,7.4,10,Petrol Car,Rural (not London),0.000287791976007,6.04024853601e-06,3.56739155905e-06
2016,Scotland,1,7.4,10,Plug-In Hybrid Petrol Cars,Rural (not London),4.35792571807e-05,5.56090526516e-06,3.11201529257e-06
2016,Scotland,1,7.4,10,Plug-In Hybrid Petrol LGV,Rural (not London),8.46194088808e-05,7.48017964725e-06,4.18880608777e-06
2016,Scotland,1,7.4,10,Rigid HGV,Rural (not London),0.00336765637621,0.000198997164262,0.000179349488462
2016,Scotland,1,7.4,12,Artic HGV,Rural (not London),0.00552122201771,0.000302830478176,0.000276683713309
2016,Scotland,1,7.4,12,B100 Artic HGV,Rural (not London),0.00667868088931,4.33349850937e-05,3.01629952446e-05
2016,Scotland,1,7.4,12,B100 Bus,Rural (not London),0.00432474305853,3.13727796311e-05,2.01628827199e-05
2016,Scotland,1,7.4,12,B100 Coach,Rural (not London),0.00632201088592,5.46000555914e-05,4.22287957917e-05
2016,Scotland,1,7.4,12,B100 Rigid HGV,Rural (not London),0.00409103464335,3.26820918417e-05,2.13501716644e-05
2016,Scotland,1,7.4,12,Battery EV Cars,Rural (not London),0.0,5.50764480067e-06,3.06141782858e-06
2016,Scotland,1,7.4,12,Battery EV LGV,Rural (not London),0.0,7.46197929402e-06,4.17151613874e-06
2016,Scotland,1,7.4,12,Biogas Bus,Rural (not London),0.00069444446126,2.41506240855e-05,1.33018365887e-05
2016,Scotland,1,7.4,12,Biomethane Bus,Rural (not London),0.00069444446126,2.41506240855e-05,1.33018365887e-05
2016,Scotland,1,7.4,12,Bus and Coach,Rural (not London),0.0044399802573,0.000204777286854,0.000184897158761
2016,Scotland,1,7.4,12,CNG Bus,Rural (not London),0.00069444446126,2.41506240855e-05,1.33018365887e-05
2016,Scotland,1,7.4,12,Diesel Car,Rural (not London),0.000331155228196,2.46175004577e-05,2.12157810893e-05
2016,Scotland,1,7.4,12,E85 Bioethanol Cars,Rural (not London),0.000280743930489,5.93372760704e-06,3.46619685843e-06
2016,Scotland,1,7.4,12,E85 Bioethanol LGV,Rural (not London),0.000348575675162,7.88806210039e-06,4.57629494122e-06
2016,Scotland,1,7.4,12,FCEV Bus,Rural (not London),0.0,2.27617347264e-05,1.1982392607e-05
2016,Scotland,1,7.4,12,FCEV Cars,Rural (not London),0.0,5.50764480067e-06,3.06141782858e-06
2016,Scotland,1,7.4,12,FCEV LGV,Rural (not London),0.0,7.46197929402e-06,4.17151613874e-06
2016,Scotland,1,7.4,12,Full Hybrid Diesel Cars,Rural (not London),0.000260619359324,1.54765530169e-05,1.2531880202e-05
2016,Scotland,1,7.4,12,Full Hybrid Petrol Cars,Rural (not London),0.000219869747525,6.04024853601e-06,3.56739155905e-06
2016,Scotland,1,7.4,12,Full Hybrid Petrol LGV,Rural (not London),1.29564023155e-05,7.67369783716e-06,4.3726486183e-06
2016,Scotland,1,7.4,12,Hybrid Bus,Rural (not London),0.00201882841066,4.05311038776e-05,2.8863292755e-05
2016,Scotland,1,7.4,12,LGV,Rural (not London),0.000460090173874,3.60804624506e-05,3.13590753649e-05
2016,Scotland,1,7.4,12,LPG Cars,Rural (not London),8.80555526237e-05,6.04024853601e-06,3.56739155905e-06
2016,Scotland,1,7.4,12,LPG LGV,Rural (not London),0.000251243560342,7.99458302936e-06,4.67748986921e-06
2016,Scotland,1,7.4,12,Motorcycle,Rural (not London),6.41388178337e-05,5.72118187847e-06,4.46821832156e-06
2016,Scotland,1,7.4,12,Petrol Car,Rural (not London),0.000280743930489,6.04024853601e-06,3.56739155905e-06
2016,Scotland,1,7.4,12,Plug-In Hybrid Petrol Cars,Rural (not London),4.39739524154e-05,5.56090526516e-06,3.11201529257e-06
2016,Scotland,1,7.4,12,Plug-In Hybrid Petrol LGV,Rural (not London),8.60859145178e-05,7.47915555621e-06,4.18783338318e-06
2016,Scotland,1,7.4,12,Rigid HGV,Rural (not London),0.00336765637621,0.000198997164262,0.000179349488462
2016,Scotland,1,7.4,14,Artic HGV,Rural (not London),0.00511376094073,0.000281449174508,0.000256371480646
2016,Scotland,1,7.4,14,B100 Artic HGV,Rural (not London),0.00615450460464,4.21590120823e-05,2.90458228847e-05
2016,Scotland,1,7.4,14,B100 Bus,Rural (not London),0.00392568437383,3.0558941944e-05,1.93897376448e-05
2016,Scotland,1,7.4,14,B100 Coach,Rural (not London),0.00561618898064,5.10197496624e-05,3.88275038858e-05
2016,Scotland,1,7.4,14,B100 Rigid HGV,Rural (not London),0.00373705918901,3.15529832733e-05,2.02775154321e-05
2016,Scotland,1,7.4,14,Battery EV Cars,Rural (not London),0.0,5.50764480067e-06,3.06141782858e-06
2016,Scotland,1,7.4,14,Battery EV LGV,Rural (not London),0.0,7.46197929402e-06,4.17151613874e-06
2016,Scotland,1,7.4,14,Biogas Bus,Rural (not London),0.00069444446126,2.41506240855e-05,1.33018365887e-05
2016,Scotland,1,7.4,14,Biomethane Bus,Rural (not London),0.00069444446126,2.41506240855e-05,1.33018365887e-05
2016,Scotland,1,7.4,14,Bus and Coach,Rural (not London),0.00399911403656,0.00018607651873,0.000167131438502
2016,Scotland,1,7.4,14,CNG Bus,Rural (not London),0.00069444446126,2.41506240855e-05,1.33018365887e-05
2016,Scotland,1,7.4,14,Diesel Car,Rural (not London),0.000302611559164,2.38700213231e-05,2.050567673e-05
2016,Scotland,1,7.4,14,E85 Bioethanol Cars,Rural (not London),0.000274100631941,5.93372760704e-06,3.46619685843e-06
2016,Scotland,1,7.4,14,E85 Bioethanol LGV,Rural (not London),0.000343640567735,7.88806210039e-06,4.57629494122e-06
2016,Scotland,1,7.4,14,FCEV Bus,Rural (not London),0.0,2.27617347264e-05,1.1982392607e-05
2016,Scotland,1,7.4,14,FCEV Cars,Rural (not London),0.0,5.50764480067e-06,3.06141782858e-06
2016,Scotland,1,7.4,14,FCEV LGV,Rural (not London),0.0,7.46197929402e-06,4.17151613874e-06
2016,Scotland,1,7.4,14,Full Hybrid Diesel Cars,Rural (not London),0.000248000113061,1.5247452211e-05,1.23142344819e-05
2016,Scotland,1,7.4,14,Full Hybrid Petrol Cars,Rural (not London),0.000221957074245,6.04024853601e-06,3.56739155905e-06
2016,Scotland,1,7.4,14,Full Hybrid Petrol LGV,Rural (not London),1.261419402e-05,7.67369783716e-06,4.3726486183e-06
2016,Scotland,1,7.4,14,Hybrid Bus,Rural (not London),0.00179031398147,3.89583037759e-05,2.73691330221e-05
2016,Scotland,1,7.4,14,LGV,Rural (not London),0.000445162935648,3.45894477505e-05,2.99426101265e-05
2016,Scotland,1,7.4,14,LPG Cars,Rural (not London),8.80555526237e-05,6.04024853601e-06,3.56739155905e-06
2016,Scotland,1,7.4,14,LPG LGV,Rural (not London),0.000241842586547,7.99458302936e-06,4.67748986921e-06
2016,Scotland,1,7.4,14,Motorcycle,Rural (not London),6.21780491201e-05,5.72118187847e-06,4.46821832156e-06
2016,Scotland,1,7.4,14,Petrol Car,Rural (not London),0.000274100631941,6.04024853601e-06,3.56739155905e-06
2016,Scotland,1,7.4,14,Plug-In Hybrid Petrol Cars,Rural (not London),4.43914141215e-05,5.56090526516e-06,3.11201529257e-06
2016,Scotland,1,7.4,14,Plug-In Hybrid Petrol LGV,Rural (not London),8.75659025041e-05,7.4784456956e-06,4.18715944761e-06
2016,Scotland,1,7.4,14,Rigid HGV,Rural (not London),0.00309028150514,0.00017846787523,0.000159846662427
2016,Scotland,1,7.4,16,Artic HGV,Rural (not London),0.0047857966274,0.000262121437117,0.000238010121393
2016,Scotland,1,7.4,16,B100 Artic HGV,Rural (not London),0.00573557941243,4.10959873989e-05,2.80359472526e-05
2016,Scotland,1,7.4,16,B100 Bus,Rural (not London),0.0036260925699,2.98895793094e-05,1.87538444152e-05
2016,Scotland,1,7.4,16,B100 Coach,Rural (not London),0.00507896579802,4.82469258714e-05,3.61933234672e-05
2016,Scotland,1,7.4,16,B100 Rigid HGV,Rural (not London),0.00346160726622,3.06809342874e-05,1.94490694412e-05
2016,Scotland,1,7.4,16,Battery EV Cars,Rural (not London),0.0,5.50764480067e-06,3.06141782858e-06
2016,Scotland,1,7.4,16,Battery EV LGV,Rural (not London),0.0,7.46197929402e-06,4.17151613874e-06
2016,Scotland,1,7.4,16,Biogas Bus,Rural (not London),0.00069444446126,2.41506240855e-05,1.33018365887e-05
2016,Scotland,1,7.4,16,Biomethane Bus,Rural (not London),0.00069444446126,2.41506240855e-05,1.33018365887e-05
2016,Scotland,1,7.4,16,Bus and Coach,Rural (not London),0.0036662700586,0.000171137187863,0.000152939071995
2016,Scotland,1,7.4,16,CNG Bus,Rural (not London),0.00069444446126,2.41506240855e-05,1.33018365887e-05
2016,Scotland,1,7.4,16,Diesel Car,Rural (not London),0.000279396859696,2.31613248616e-05,1.9832414182e-05
2016,Scotland,1,7.4,16,E85 Bioethanol Cars,Rural (not London),0.000267862022156,5.93372760704e-06,3.46619685843e-06
2016,Scotland,1,7.4,16,E85 Bioethanol LGV,Rural (not London),0.00033900004928,7.88806210039e-06,4.57629494122e-06
2016,Scotland,1,7.4,16,FCEV Bus,Rural (not London),0.0,2.27617347264e-05,1.1982392607e-05
2016,Scotland,1,7.4,16,FCEV Cars,Rural (not London),0.0,5.50764480067e-06,3.06141782858e-06
2016,Scotland,1,7.4,16,FCEV LGV,Rural (not London),0.0,7.46197929402e-06,4.17151613874e-06
2016,Scotland,1,7.4,16,Full Hybrid Diesel Cars,Rural (not London),0.00023726055224,1.50254618347e-05,1.21033435789e-05
2016,Scotland,1,7.4,16,Full Hybrid Petrol Cars,Rural (not London),0.000224158240599,6.04024853601e-06,3.56739155905e-06
2016,Scotland,1,7.4,16,Full Hybrid Petrol LGV,Rural (not London),1.22844139696e-05,7.67369783716e-06,4.3726486183e-06
2016,Scotland,1,7.4,16,Hybrid Bus,Rural (not London),0.00160647102166,3.77022042812e-05,2.61758377746e-05
2016,Scotland,1,7.4,16,LGV,Rural (not London),0.000431056512753,3.31708251906e-05,2.85949208774e-05
2016,Scotland,1,7.4,16,LPG Cars,Rural (not London),8.80555526237e-05,6.04024853601e-06,3.56739155905e-06
2016,Scotland,1,7.4,16,LPG LGV,Rural (not London),0.000233199534705,7.99458302936e-06,4.67748986921e-06
2016,Scotland,1,7.4,16,Motorcycle,Rural (not London),6.07130241406e-05,5.72118187847e-06,4.46821832156e-06
2016,Scotland,1,7.4,16,Petrol Car,Rural (not London),0.000267862022156,6.04024853601e-06,3.56739155905e-06
2016,Scotland,1,7.4,16,Plug-In Hybrid Petrol Cars,Rural (not London),4.48316495749e-05,5.56090526516e-06,3.11201529257e-06
2016,Scotland,1,7.4,16,Plug-In Hybrid Petrol LGV,Rural (not London),8.905937284e-05,7.47797821532e-06,4.18671515945e-06
2016,Scotland,1,7.4,16,Rigid HGV,Rural (not London),0.00287079019472,0.000162612428539,0.000144783989526
2016,Scotland,1,7.4,18,Artic HGV,Rural (not London),0.00451454753056,0.000244611117523,0.000221375317778
2016,Scotland,1,7.4,18,B100 Artic HGV,Rural (not London),0.00539127271622,4.01329198212e-05,2.71210337814e-05
2016,Scotland,1,7.4,18,B100 Bus,Rural (not London),0.00339138717391,2.93298144243e-05,1.8222066501e-05
2016,Scotland,1,7.4,18,B100 Coach,Rural (not London),0.00465612718835,4.6032051614e-05,3.40891929227e-05
2016,Scotland,1,7.4,18,B100 Rigid HGV,Rural (not London),0.00324074341916,2.99869479932e-05,1.87897840078e-05
2016,Scotland,1,7.4,18,Battery EV Cars,Rural (not London),0.0,5.50764480067e-06,3.06141782858e-06
2016,Scotland,1,7.4,18,Battery EV LGV,Rural (not London),0.0,7.46197929402e-06,4.17151613874e-06
2016,Scotland,1,7.4,18,Biogas Bus,Rural (not London),0.00069444446126,2.41506240855e-05,1.33018365887e-05
2016,Scotland,1,7.4,18,Biomethane Bus,Rural (not London),0.00069444446126,2.41506240855e-05,1.33018365887e-05
2016,Scotland,1,7.4,18,Bus and Coach,Rural (not London),0.00340501312166,0.000158903203555,0.000141316791996
2016,Scotland,1,7.4,18,CNG Bus,Rural (not London),0.00069444446126,2.41506240855e-05,1.33018365887e-05
2016,Scotland,1,7.4,18,Diesel Car,Rural (not London),0.0002602347231,2.24914110731e-05,1.91959952645e-05
2016,Scotland,1,7.4,18,E85 Bioethanol Cars,Rural (not London),0.000262028130237,5.93372760704e-06,3.46619685843e-06
2016,Scotland,1,7.4,18,E85 Bioethanol LGV,Rural (not London),0.000334654061589,7.88806210039e-06,4.57629494122e-06
2016,Scotland,1,7.4,18,FCEV Bus,Rural (not London),0.0,2.27617347264e-05,1.1982392607e-05
2016,Scotland,1,7.4,18,FCEV Cars,Rural (not London),0.0,5.50764480067e-06,3.06141782858e-06
2016,Scotland,1,7.4,18,FCEV LGV,Rural (not London),0.0,7.46197929402e-06,4.17151613874e-06
2016,Scotland,1,7.4,18,Full Hybrid Diesel Cars,Rural (not London),0.000227859200095,1.4810581888e-05,1.18992074931e-05
2016,Scotland,1,7.4,18,Full Hybrid Petrol Cars,Rural (not London),0.000226473261137,6.04024853601e-06,3.56739155905e-06
2016,Scotland,1,7.4,18,Full Hybrid Petrol LGV,Rural (not London),1.19670639833e-05,7.67369783716e-06,4.3726486183e-06
2016,Scotland,1,7.4,18,Hybrid Bus,Rural (not London),0.00145406892989,3.6672794522e-05,2.51978981396e-05
2016,Scotland,1,7.4,18,LGV,Rural (not London),0.000417694740463,3.1824602047e-05,2.73160076176e-05
2016,Scotland,1,7.4,18,LPG Cars,Rural (not London),8.80555526237e-05,6.04024853601e-06,3.56739155905e-06
2016,Scotland,1,7.4,18,LPG LGV,Rural (not London),0.000225193361985,7.99458302936e-06,4.67748986921e-06
2016,Scotland,1,7.4,18,Motorcycle,Rural (not London),5.96894060436e-05,5.72118187847e-06,4.46821832156e-06
2016,Scotland,1,7.4,18,Petrol Car,Rural (not London),0.000262028130237,6.04024853601e-06,3.56739155905e-06
2016,Scotland,1,7.4,18,Plug-In Hybrid Petrol Cars,Rural (not London),4.52946551377e-05,5.56090526516e-06,3.11201529257e-06
2016,Scotland,1,7.4,18,Plug-In Hybrid Petrol LGV,Rural (not London),9.05663255253e-05,7.47769990994e-06,4.18645049649e-06
2016,Scotland,1,7.4,18,Rigid HGV,Rural (not London),0.00269258348271,0.000149994521053,0.000132796980324
2016,Scotland,1,7.4,20,Artic HGV,Rural (not London),0.00428543286398,0.000228740289458,0.000206298034755
2016,Scotland,1,7.4,20,B100 Artic HGV,Rural (not London),0.00510209193453,3.92600231862e-05,2.62917819782e-05
2016,Scotland,1,7.4,20,B100 Bus,Rural (not London),0.00320153706707,2.88559804176e-05,1.77719248313e-05
2016,Scotland,1,7.4,20,B100 Coach,Rural (not London),0.00431459676474,4.42197051598e-05,3.23674612446e-05
2016,Scotland,1,7.4,20,B100 Rigid HGV,Rural (not London),0.00305952643976,2.94217261398e-05,1.82528237929e-05
2016,Scotland,1,7.4,20,Battery EV Cars,Rural (not London),0.0,5.50764480067e-06,3.06141782858e-06
2016,Scotland,1,7.4,20,Battery EV LGV,Rural (not London),0.0,7.46197929402e-06,4.17151613874e-06
2016,Scotland,1,7.4,20,Biogas Bus,Rural (not London),0.00069444446126,2.41506240855e-05,1.33018365887e-05
2016,Scotland,1,7.4,20,Biomethane Bus,Rural (not London),0.00069444446126,2.41506240855e-05,1.33018365887e-05
2016,Scotland,1,7.4,20,Bus and Coach,Rural (not London),0.00319381267764,0.000148699531564,0.000131623295601
2016,Scotland,1,7.4,20,CNG Bus,Rural (not London),0.00069444446126,2.41506240855e-05,1.33018365887e-05
2016,Scotland,1,7.4,20,Diesel Car,Rural (not London),0.000244228402153,2.18602763198e-05,1.85964181583e-05
2016,Scotland,1,7.4,20,E85 Bioethanol Cars,Rural (not London),0.000256031547906,5.93372760704e-06,3.46619685843e-06
2016,Scotland,1,7.4,20,E85 Bioethanol LGV,Rural (not London),0.000329903588863,7.88806210039e-06,4.57629494122e-06
2016,Scotland,1,7.4,20,FCEV Bus,Rural (not London),0.0,2.27617347264e-05,1.1982392607e-05
2016,Scotland,1,7.4,20,FCEV Cars,Rural (not London),0.0,5.50764480067e-06,3.06141782858e-06
2016,Scotland,1,7.4,20,FCEV LGV,Rural (not London),0.0,7.46197929402e-06,4.17151613874e-06
2016,Scotland,1,7.4,20,Full Hybrid Diesel Cars,Rural (not London),0.000219467459829,1.46028114614e-05,1.17018262245e-05
2016,Scotland,1,7.4,20,Full Hybrid Petrol Cars,Rural (not London),0.000228902150411,6.04024853601e-06,3.56739155905e-06
2016,Scotland,1,7.4,20,Full Hybrid Petrol LGV,Rural (not London),1.15722568808e-05,7.67369783716e-06,4.3726486183e-06
2016,Scotland,1,7.4,20,Hybrid Bus,Rural (not London),0.00132508785464,3.5810713598e-05,2.43789218075e-05
2016,Scotland,1,7.4,20,LGV,Rural (not London),0.000405001104809,3.05507746816e-05,2.61058721662e-05
2016,Scotland,1,7.4,20,LPG Cars,Rural (not London),8.80555526237e-05,6.04024853601e-06,3.56739155905e-06
2016,Scotland,1,7.4,20,LPG LGV,Rural (not London),0.000217739056097,7.99458302936e-06,4.67748986921e-06
2016,Scotland,1,7.4,20,Motorcycle,Rural (not London),5.90577255934e-05,5.72118187847e-06,4.46821832156e-06
2016,Scotland,1,7.4,20,Petrol Car,Rural (not London),0.000256031547906,6.04024853601e-06,3.56739155905e-06
2016,Scotland,1,7.4,20,Plug-In Hybrid Petrol Cars,Rural (not London),4.57804308098e-05,5.56090526516e-06,3.11201529257e-06
2016,Scotland,1,7.4,20,Plug-In Hybrid Petrol LGV,Rural (not London),9.2086767836e-05,7.47757349018e-06,4.18633044319e-06
2016,Scotland,1,7.4,20,Rigid HGV,Rural (not London),0.00254503870383,0.000139717783895,0.000123034071294
2016,Scotland,1,7.4,25,Artic HGV,Rural (not London),0.0038394771982,0.000195360305952,0.000174587054062
2016,Scotland,1,7.4,25,B100 Artic HGV,Rural (not London),0.00454393122345,3.74241244572e-05,2.45476785494e-05
2016,Scotland,1,7.4,25,B100 Bus,Rural (not London),0.00285162893124,2.79465966742e-05,1.6908010366e-05
2016,Scotland,1,7.4,25,B100 Coach,Rural (not London),0.00369272613898,4.08561863878e-05,2.91721207759e-05
2016,Scotland,1,7.4,25,B100 Rigid HGV,Rural (not London),0.00272260955535,2.83831031993e-05,1.72661311808e-05
2016,Scotland,1,7.4,25,Battery EV Cars,Rural (not London),0.0,5.50764480067e-06,3.06141782858e-06
2016,Scotland,1,7.4,25,Battery EV LGV,Rural (not London),0.0,7.46197929402e-06,4.17151613874e-06
2016,Scotland,1,7.4,25,Biogas Bus,Rural (not London),0.00069444446126,2.41506240855e-05,1.33018365887e-05
2016,Scotland,1,7.4,25,Biomethane Bus,Rural (not London),0.00069444446126,2.41506240855e-05,1.33018365887e-05
2016,Scotland,1,7.4,25,Bus and Coach,Rural (not London),0.00280648749322,0.000129386418848,0.000113275833428
2016,Scotland,1,7.4,25,CNG Bus,Rural (not London),0.00069444446126,2.41506240855e-05,1.33018365887e-05
2016,Scotland,1,7.4,25,Diesel Car,Rural (not London),0.000214164421777,2.0452105673e-05,1.72586569533e-05
2016,Scotland,1,7.4,25,E85 Bioethanol Cars,Rural (not London),0.000241664165515,5.93372760704e-06,3.46619685843e-06
2016,Scotland,1,7.4,25,E85 Bioethanol LGV,Rural (not London),0.000317809579428,7.88806210039e-06,4.57629494122e-06
2016,Scotland,1,7.4,25,FCEV Bus,Rural (not London),0.0,2.27617347264e-05,1.1982392607e-05
2016,Scotland,1,7.4,25,FCEV Cars,Rural (not London),0.0,5.50764480067e-06,3.06141782858e-06
2016,Scotland,1,7.4,25,FCEV LGV,Rural (not London),0.0,7.46197929402e-06,4.17151613874e-06
2016,Scotland,1,7.4,25,Full Hybrid Diesel Cars,Rural (not London),0.000201674178243,1.4114494661e-05,1.12379248094e-05
2016,Scotland,1,7.4,25,Full Hybrid Petrol Cars,Rural (not London),0.000235472456552,6.04024853601e-06,3.56739155905e-06
2016,Scotland,1,7.4,25,Full Hybrid Petrol LGV,Rural (not London),1.0447751265e-05,7.67369783716e-06,4.3726486183e-06
2016,Scotland,1,7.4,25,Hybrid Bus,Rural (not London),0.00107416033279,3.41514169122e-05,2.28025910474e-05
2016,Scotland,1,7.4,25,LGV,Rural (not London),0.000376010808395,2.76829377981e-05,2.33814280364e-05
2016,Scotland,1,7.4,25,LPG Cars,Rural (not London),8.80555526237e-05,6.04024853601e-06,3.56739155905e-06
2016,Scotland,1,7.4,25,LPG LGV,Rural (not London),0.000201152201043,7.99458302936e-06,4.67748986921e-06
2016,Scotland,1,7.4,25,Motorcycle,Rural (not London),5.8910005464e-05,5.72118187847e-06,4.46821832156e-06
2016,Scotland,1,7.4,25,Petrol Car,Rural (not London),0.000241664165515,6.04024853601e-06,3.56739155905e-06
2016,Scotland,1,7.4,25,Plug-In Hybrid Petrol Cars,Rural (not London),4.70944942208e-05,5.56090526516e-06,3.11201529257e-06
2016,Scotland,1,7.4,25,Plug-In Hybrid Petrol LGV,Rural (not London),9.59468598012e-05,7.47776084609e-06,4.1865082494e-06
2016,Scotland,1,7.4,25,Rigid HGV,Rural (not London),0.00226838607341,0.000120833727124,0.000105094222818
2016,Scotland,1,7.4,30,Artic HGV,Rural (not London),0.0035116521176,0.000169693987118,0.00015020405408
2016,Scotland,1,7.4,30,B100 Artic HGV,Rural (not London),0.00413803802803,3.60124795407e-05,2.32066140597e-05
2016,Scotland,1,7.4,30,B100 Bus,Rural (not London),0.00260876538232,2.73093537544e-05,1.63026306836e-05
2016,Scotland,1,7.4,30,B100 Coach,Rural (not London),0.00327402632684,3.85327002732e-05,2.69648080575e-05
2016,Scotland,1,7.4,30,B100 Rigid HGV,Rural (not London),0.00249059172347,2.76789232885e-05,1.65971596289e-05
2016,Scotland,1,7.4,30,Battery EV Cars,Rural (not London),0.0,5.50764480067e-06,3.06141782858e-06
2016,Scotland,1,7.4,30,Battery EV LGV,Rural (not London),0.0,7.46197929402e-06,4.17151613874e-06
2016,Scotland,1,7.4,30,Biogas Bus,Rural (not London),0.00069444446126,2.41506240855e-05,1.33018365887e-05
2016,Scotland,1,7.4,30,Biomethane Bus,Rural (not London),0.00069444446126,2.41506240855e-05,1.33018365887e-05
2016,Scotland,1,7.4,30,Bus and Coach,Rural (not London),0.00254094414413,0.000115920884127,0.000100483586721
2016,Scotland,1,7.4,30,CNG Bus,Rural (not London),0.00069444446126,2.41506240855e-05,1.33018365887e-05
2016,Scotland,1,7.4,30,Diesel Car,Rural (not London),0.000193763058633,1.92863171833e-05,1.6151157979e-05
2016,Scotland,1,7.4,30,E85 Bioethanol Cars,Rural (not London),0.000230199075304,5.93372760704e-06,3.46619685843e-06
2016,Scotland,1,7.4,30,E85 Bioethanol LGV,Rural (not London),0.000307896727463,7.88806210039e-06,4.57629494122e-06
2016,Scotland,1,7.4,30,FCEV Bus,Rural (not London),0.0,2.27617347264e-05,1.1982392607e-05
2016,Scotland,1,7.4,30,FCEV Cars,Rural (not London),0.0,5.50764480067e-06,3.06141782858e-06
2016,Scotland,1,7.4,30,FCEV LGV,Rural (not London),0.0,7.46197929402e-06,4.17151613874e-06
2016,Scotland,1,7.4,30,Full Hybrid Diesel Cars,Rural (not London),0.000187142431969,1.36706157718e-05,1.08162403194e-05
2016,Scotland,1,7.4,30,Full Hybrid Petrol Cars,Rural (not London),0.0002427543659,6.04024853601e-06,3.56739155905e-06
2016,Scotland,1,7.4,30,Full Hybrid Petrol LGV,Rural (not London),9.44911244005e-06,7.67369783716e-06,4.3726486183e-06
2016,Scotland,1,7.4,30,Hybrid Bus,Rural (not London),0.000891491537914,3.29449358105e-05,2.16564312723e-05
2016,Scotland,1,7.4,30,LGV,Rural (not London),0.000350749673089,2.52675781667e-05,2.10868347494e-05
2016,Scotland,1,7.4,30,LPG Cars,Rural (not London),8.80555526237e-05,6.04024853601e-06,3.56739155905e-06
2016,Scotland,1,7.4,30,LPG LGV,Rural (not London),0.00018706053379,7.99458302936e-06,4.67748986921e-06
2016,Scotland,1,7.4,30,Motorcycle,Rural (not London),6.03604567004e-05,5.72118187847e-06,4.46821832156e-06
2016,Scotland,1,7.4,30,Petrol Car,Rural (not London),0.000230199075304,6.04024853601e-06,3.56739155905e-06
2016,Scotland,1,7.4,30,Plug-In Hybrid Petrol Cars,Rural (not London),4.85508753627e-05,5.56090526516e-06,3.11201529257e-06
2016,Scotland,1,7.4,30,Plug-In Hybrid Petrol LGV,Rural (not London),9.98912291834e-05,7.47847479943e-06,4.18718673245e-06
2016,Scotland,1,7.4,30,Rigid HGV,Rural (not London),0.0020773881115,0.000108030428237,9.29310917854e-05
2016,Scotland,1,7.4,35,Artic HGV,Rural (not London),0.00325795309618,0.000150454550749,0.000131926572067
2016,Scotland,1,7.4,35,B100 Artic HGV,Rural (not London),0.00382683845237,3.4954307921e-05,2.22013532039e-05
2016,Scotland,1,7.4,35,B100 Bus,Rural (not London),0.00242782244459,2.68509866146e-05,1.58671809913e-05
2016,Scotland,1,7.4,35,B100 Coach,Rural (not London),0.00297436490655,3.68288492609e-05,2.5346151233e-05
2016,Scotland,1,7.4,35,B100 Rigid HGV,Rural (not London),0.00232227751985,2.71743738267e-05,1.61178377311e-05
2016,Scotland,1,7.4,35,Battery EV Cars,Rural (not London),0.0,5.50764480067e-06,3.06141782858e-06
2016,Scotland,1,7.4,35,Battery EV LGV,Rural (not London),0.0,7.46197929402e-06,4.17151613874e-06
2016,Scotland,1,7.4,35,Biogas Bus,Rural (not London),0.00069444446126,2.41506240855e-05,1.33018365887e-05
2016,Scotland,1,7.4,35,Biomethane Bus,Rural (not London),0.00069444446126,2.41506240855e-05,1.33018365887e-05
2016,Scotland,1,7.4,35,Bus and Coach,Rural (not London),0.00234623113647,0.000106145860627,9.11973111215e-05
2016,Scotland,1,7.4,35,CNG Bus,Rural (not London),0.00069444446126,2.41506240855e-05,1.33018365887e-05
2016,Scotland,1,7.4,35,Diesel Car,Rural (not London),0.000179645532626,1.83629108506e-05,1.52739194164e-05
2016,Scotland,1,7.4,35,E85 Bioethanol Cars,Rural (not London),0.000221526279347,5.93372760704e-06,3.46619685843e-06
2016,Scotland,1,7.4,35,E85 Bioethanol LGV,Rural (not London),0.000300081010209,7.88806210039e-06,4.57629494122e-06
2016,Scotland,1,7.4,35,FCEV Bus,Rural (not London),0.0,2.27617347264e-05,1.1982392607e-05
2016,Scotland,1,7.4,35,FCEV Cars,Rural (not London),0.0,5.50764480067e-06,3.06141782858e-06
2016,Scotland,1,7.4,35,FCEV LGV,Rural (not London),0.0,7.46197929402e-06,4.17151613874e-06
2016,Scotland,1,7.4,35,Full Hybrid Diesel Cars,Rural (not London),0.000175001594471,1.32711766128e-05,1.04367727545e-05
2016,Scotland,1,7.4,35,Full Hybrid Petrol Cars,Rural (not London),0.000250747863902,6.04024853601e-06,3.56739155905e-06
2016,Scotland,1,7.4,35,Full Hybrid Petrol LGV,Rural (not London),8.56738734001e-06,7.67369783716e-06,4.3726486183e-06
2016,Scotland,1,7.4,35,Hybrid Bus,Rural (not London),0.000753102242015,3.20199178532e-05,2.07776647585e-05
2016,Scotland,1,7.4,35,LGV,Rural (not London),0.000329013098963,2.33046957874e-05,1.92220959434e-05
2016,Scotland,1,7.4,35,LPG Cars,Rural (not London),8.80555526237e-05,6.04024853601e-06,3.56739155905e-06
2016,Scotland,1,7.4,35,LPG LGV,Rural (not London),0.000175143708475,7.99458302936e-06,4.67748986921e-06
2016,Scotland,1,7.4,35,Motorcycle,Rural (not London),6.2977494963e-05,5.72118187847e-06,4.46821832156e-06
2016,Scotland,1,7.4,35,Petrol Car,Rural (not London),0.000221526279347,6.04024853601e-06,3.56739155905e-06
2016,Scotland,1,7.4,35,Plug-In Hybrid Petrol Cars,Rural (not London),5.01495742355e-05,5.56090526516e-06,3.11201529257e-06
2016,Scotland,1,7.4,35,Plug-In Hybrid Petrol LGV,Rural (not London),0.000103919868707,7.47956892155e-06,4.1882262849e-06
2016,Scotland,1,7.4,35,Rigid HGV,Rural (not London),0.00193980056792,9.88568062894e-05,8.4216146206e-05
2016,Scotland,1,7.4,40,Artic HGV,Rural (not London),0.00305433571339,0.00013655499788,0.000118722011393
2016,Scotland,1,7.4,40,B100 Artic HGV,Rural (not London),0.00357914343476,3.41898339684e-05,2.14751016756e-05
2016,Scotland,1,7.4,40,B100 Bus,Rural (not London),0.00228632520884,2.65152102656e-05,1.55481939146e-05
2016,Scotland,1,7.4,40,B100 Coach,Rural (not London),0.00275073200464,3.55252959707e-05,2.41077741521e-05
2016,Scotland,1,7.4,40,B100 Rigid HGV,Rural (not London),0.00219595199451,2.67988652922e-05,1.57611048053e-05
2016,Scotland,1,7.4,40,Battery EV Cars,Rural (not London),0.0,5.50764480067e-06,3.06141782858e-06
2016,Scotland,1,7.4,40,Battery EV LGV,Rural (not London),0.0,7.46197929402e-06,4.17151613874e-06
2016,Scotland,1,7.4,40,Biogas Bus,Rural (not London),0.00069444446126,2.41506240855e-05,1.33018365887e-05
2016,Scotland,1,7.4,40,Biomethane Bus,Rural (not London),0.00069444446126,2.41506240855e-05,1.33018365887e-05
2016,Scotland,1,7.4,40,Bus and Coach,Rural (not London),0.00219669006765,9.88427636912e-05,8.42593653942e-05
2016,Scotland,1,7.4,40,CNG Bus,Rural (not London),0.00069444446126,2.41506240855e-05,1.33018365887e-05
2016,Scotland,1,7.4,40,Diesel Car,Rural (not London),0.000169879276655,1.76818830369e-05,1.46269449033e-05
2016,Scotland,1,7.4,40,E85 Bioethanol Cars,Rural (not London),0.000215535794268,5.93372760704e-06,3.46619685843e-06
2016,Scotland,1,7.4,40,E85 Bioethanol LGV,Rural (not London),0.000294278404908,7.88806210039e-06,4.57629494122e-06
2016,Scotland,1,7.4,40,FCEV Bus,Rural (not London),0.0,2.27617347264e-05,1.1982392607e-05
2016,Scotland,1,7.4,40,FCEV Cars,Rural (not London),0.0,5.50764480067e-06,3.06141782858e-06
2016,Scotland,1,7.4,40,FCEV LGV,Rural (not London),0.0,7.46197929402e-06,4.17151613874e-06
2016,Scotland,1,7.4,40,Full Hybrid Diesel Cars,Rural (not London),0.000164784520166,1.29161753648e-05,1.00995221146e-05
2016,Scotland,1,7.4,40,Full Hybrid Petrol Cars,Rural (not London),0.000259452965111,6.04024853601e-06,3.56739155905e-06
2016,Scotland,1,7.4,40,Full Hybrid Petrol LGV,Rural (not London),7.79362380854e-06,7.67369783716e-06,4.3726486183e-06
2016,Scotland,1,7.4,40,Hybrid Bus,Rural (not London),0.00064565485809,3.12911543006e-05,2.00853410206e-05
2016,Scotland,1,7.4,40,LGV,Rural (not London),0.000310682953568,2.17942888412e-05,1.77872097993e-05
2016,Scotland,1,7.4,40,LPG Cars,Rural (not London),8.80555526237e-05,6.04024853601e-06,3.56739155905e-06
2016,Scotland,1,7.4,40,LPG LGV,Rural (not London),0.000165218487382,7.99458302936e-06,4.67748986921e-06
2016,Scotland,1,7.4,40,Motorcycle,Rural (not London),6.64600956952e-05,5.72118187847e-06,4.46821832156e-06
2016,Scotland,1,7.4,40,Petrol Car,Rural (not London),0.000215535794268,6.04024853601e-06,3.56739155905e-06
2016,Scotland,1,7.4,40,Plug-In Hybrid Petrol Cars,Rural (not London),5.18905908393e-05,5.56090526516e-06,3.11201529257e-06
2016,Scotland,1,7.4,40,Plug-In Hybrid Petrol LGV,Rural (not London),0.000108032785647,7.48095635572e-06,4.18954459747e-06
2016,Scotland,1,7.4,40,Rigid HGV,Rural (not London),0.0018379642861,9.20293823583e-05,7.77300956543e-05
2016,Scotland,1,7.4,45,Artic HGV,Rural (not London),0.00288640800864,0.000127015897306,0.000109659864393
2016,Scotland,1,7.4,45,B100 Artic HGV,Rural (not London),0.00337641919032,3.36651828547e-05,2.09766840271e-05
2016,Scotland,1,7.4,45,B100 Bus,Rural (not London),0.00217172107659,2.6265894121e-05,1.53113433043e-05
2016,Scotland,1,7.4,45,B100 Coach,Rural (not London),0.00257879123092,3.44959626091e-05,2.31299090956e-05
2016,Scotland,1,7.4,45,B100 Rigid HGV,Rural (not London),0.00209901528433,2.65117614617e-05,1.54883564392e-05
2016,Scotland,1,7.4,45,Battery EV Cars,Rural (not London),0.0,5.50764480067e-06,3.06141782858e-06
2016,Scotland,1,7.4,45,Battery EV LGV,Rural (not London),0.0,7.46197929402e-06,4.17151613874e-06
2016,Scotland,1,7.4,45,Biogas Bus,Rural (not London),0.00069444446126,2.41506240855e-05,1.33018365887e-05
2016,Scotland,1,7.4,45,Biomethane Bus,Rural (not London),0.00069444446126,2.41506240855e-05,1.33018365887e-05
2016,Scotland,1,7.4,45,Bus and Coach,Rural (not London),0.00207790965214,9.32640759856e-05,7.89596160757e-05
2016,Scotland,1,7.4,45,CNG Bus,Rural (not London),0.00069444446126,2.41506240855e-05,1.33018365887e-05
2016,Scotland,1,7.4,45,Diesel Car,Rural (not London),0.000163281962159,1.72432391992e-05,1.42102317113e-05
2016,Scotland,1,7.4,45,E85 Bioethanol Cars,Rural (not London),0.000212117651245,5.93372760704e-06,3.46619685843e-06
2016,Scotland,1,7.4,45,E85 Bioethanol LGV,Rural (not London),0.000290404830594,7.88806210039e-06,4.57629494122e-06
2016,Scotland,1,7.4,45,FCEV Bus,Rural (not London),0.0,2.27617347264e-05,1.1982392607e-05
2016,Scotland,1,7.4,45,FCEV Cars,Rural (not London),0.0,5.50764480067e-06,3.06141782858e-06
2016,Scotland,1,7.4,45,FCEV LGV,Rural (not London),0.0,7.46197929402e-06,4.17151613874e-06
2016,Scotland,1,7.4,45,Full Hybrid Diesel Cars,Rural (not London),0.000156213005539,1.2605613847e-05,9.80448839982e-06
2016,Scotland,1,7.4,45,Full Hybrid Petrol Cars,Rural (not London),0.00026886962587,6.04024853601e-06,3.56739155905e-06
2016,Scotland,1,7.4,45,Full Hybrid Petrol LGV,Rural (not London),7.1188687798e-06,7.67369783716e-06,4.3726486183e-06
2016,Scotland,1,7.4,45,Hybrid Bus,Rural (not London),0.000561089836992,3.07153641188e-05,1.95383381651e-05
2016,Scotland,1,7.4,45,LGV,Rural (not London),0.000295685807941,2.07363573281e-05,1.67821763171e-05
2016,Scotland,1,7.4,45,LPG Cars,Rural (not London),8.80555526237e-05,6.04024853601e-06,3.56739155905e-06
2016,Scotland,1,7.4,45,LPG LGV,Rural (not London),0.000157172777108,7.99458302936e-06,4.67748986921e-06
2016,Scotland,1,7.4,45,Motorcycle,Rural (not London),7.06164137227e-05,5.72118187847e-06,4.46821832156e-06
2016,Scotland,1,7.4,45,Petrol Car,Rural (not London),0.000212117651245,6.04024853601e-06,3.56739155905e-06
2016,Scotland,1,7.4,45,Plug-In Hybrid Petrol Cars,Rural (not London),5.3773928812e-05,5.56090526516e-06,3.11201529257e-06
2016,Scotland,1,7.4,45,Plug-In Hybrid Petrol LGV,Rural (not London),0.000112229980004,7.48258253225e-06,4.19108891947e-06
2016,Scotland,1,7.4,45,Rigid HGV,Rural (not London),0.00176131457556,8.68093193276e-05,7.27710357751e-05
2016,Scotland,1,7.4,50,Artic HGV,Rural (not London),0.00274496013299,0.000120920994959,0.000103869708255
2016,Scotland,1,7.4,50,B100 Artic HGV,Rural (not London),0.00320688146167,3.33299649355e-05,2.06582244573e-05
2016,Scotland,1,7.4,50,B100 Bus,Rural (not London),0.00207639951259,2.60788765445e-05,1.51336771523e-05
2016,Scotland,1,7.4,50,B100 Coach,Rural (not London),0.00244371220469,3.36630509992e-05,2.23386432481e-05
2016,Scotland,1,7.4,50,B100 Rigid HGV,Rural (not London),0.00202362798154,2.62880184891e-05,1.52758002514e-05
2016,Scotland,1,7.4,50,Battery EV Cars,Rural (not London),0.0,5.50764480067e-06,3.06141782858e-06
2016,Scotland,1,7.4,50,Battery EV LGV,Rural (not London),0.0,7.46197929402e-06,4.17151613874e-06
2016,Scotland,1,7.4,50,Biogas Bus,Rural (not London),0.00069444446126,2.41506240855e-05,1.33018365887e-05
2016,Scotland,1,7.4,50,Biomethane Bus,Rural (not London),0.00069444446126,2.41506240855e-05,1.33018365887e-05
2016,Scotland,1,7.4,50,Bus and Coach,Rural (not London),0.00198113382794,8.89250150067e-05,7.4837502325e-05
2016,Scotland,1,7.4,50,CNG Bus,Rural (not London),0.00069444446126,2.41506240855e-05,1.33018365887e-05
2016,Scotland,1,7.4,50,Diesel Car,Rural (not London),0.000159092523973,1.70469738805e-05,1.402378075e-05
2016,Scotland,1,7.4,50,E85 Bioethanol Cars,Rural (not London),0.000211161852349,5.93372760704e-06,3.46619685843e-06
2016,Scotland,1,7.4,50,E85 Bioethanol LGV,Rural (not London),0.000288376264507,7.88806210039e-06,4.57629494122e-06
2016,Scotland,1,7.4,50,FCEV Bus,Rural (not London),0.0,2.27617347264e-05,1.1982392607e-05
2016,Scotland,1,7.4,50,FCEV Cars,Rural (not London),0.0,5.50764480067e-06,3.06141782858e-06
2016,Scotland,1,7.4,50,FCEV LGV,Rural (not London),0.0,7.46197929402e-06,4.17151613874e-06
2016,Scotland,1,7.4,50,Full Hybrid Diesel Cars,Rural (not London),0.000149111278006,1.23394911498e-05,9.55167251959e-06
2016,Scotland,1,7.4,50,Full Hybrid Petrol Cars,Rural (not London),0.000278997904388,6.04024853601e-06,3.56739155905e-06
2016,Scotland,1,7.4,50,Full Hybrid Petrol LGV,Rural (not London),6.53417146168e-06,7.67369783716e-06,4.3726486183e-06
2016,Scotland,1,7.4,50,Hybrid Bus,Rural (not London),0.000494284555316,3.02700755128e-05,1.91153158084e-05
2016,Scotland,1,7.4,50,LGV,Rural (not London),0.000283973466139,2.01309030672e-05,1.62069936778e-05
2016,Scotland,1,7.4,50,LPG Cars,Rural (not London),8.80555526237e-05,6.04024853601e-06,3.56739155905e-06
2016,Scotland,1,7.4,50,LPG LGV,Rural (not London),0.000150934400153,7.99458302936e-06,4.67748986921e-06
2016,Scotland,1,7.4,50,Motorcycle,Rural (not London),7.53424610593e-05,5.72118187847e-06,4.46821832156e-06
2016,Scotland,1,7.4,50,Petrol Car,Rural (not London),0.000211161852349,6.04024853601e-06,3.56739155905e-06
2016,Scotland,1,7.4,50,Plug-In Hybrid Petrol Cars,Rural (not London),5.57995808776e-05,5.56090526516e-06,3.11201529257e-06
2016,Scotland,1,7.4,50,Plug-In Hybrid Petrol LGV,Rural (not London),0.000116511451779,7.48441289034e-06,4.19282787334e-06
2016,Scotland,1,7.4,50,Rigid HGV,Rural (not London),0.00170312332921,8.27412659419e-05,6.89063817845e-05
2016,Scotland,1,7.4,60,Artic HGV,Rural (not London),0.00251855025999,0.000115582755825,9.87983730738e-05
2016,Scotland,1,7.4,60,B100 Artic HGV,Rural (not London),0.00293817953207,3.30363582179e-05,2.03793024411e-05
2016,Scotland,1,7.4,60,B100 Bus,Rural (not London),0.00192555377726,2.58301224676e-05,1.48973604155e-05
2016,Scotland,1,7.4,60,B100 Coach,Rural (not London),0.00224899942987,3.23998865497e-05,2.11386341107e-05
2016,Scotland,1,7.4,60,B100 Rigid HGV,Rural (not London),0.00191855488811,2.59709358943e-05,1.49745719682e-05
2016,Scotland,1,7.4,60,Battery EV Cars,Rural (not London),0.0,5.50764480067e-06,3.06141782858e-06
2016,Scotland,1,7.4,60,Battery EV LGV,Rural (not London),0.0,7.46197929402e-06,4.17151613874e-06
2016,Scotland,1,7.4,60,Biogas Bus,Rural (not London),0.00069444446126,2.41506240855e-05,1.33018365887e-05
2016,Scotland,1,7.4,60,Biomethane Bus,Rural (not London),0.00069444446126,2.41506240855e-05,1.33018365887e-05
2016,Scotland,1,7.4,60,Bus and Coach,Rural (not London),0.00183283514343,8.27564872452e-05,6.89774024067e-05
2016,Scotland,1,7.4,60,CNG Bus,Rural (not London),0.00069444446126,2.41506240855e-05,1.33018365887e-05
2016,Scotland,1,7.4,60,Diesel Car,Rural (not London),0.00015605808585,1.73815878952e-05,1.43416646097e-05
2016,Scotland,1,7.4,60,E85 Bioethanol Cars,Rural (not London),0.000216197324335,5.75112062506e-06,3.29272006638e-06
2016,Scotland,1,7.4,60,E85 Bioethanol LGV,Rural (not London),0.000289518007776,7.70545557316e-06,4.40281837655e-06
2016,Scotland,1,7.4,60,FCEV Bus,Rural (not London),0.0,2.27617347264e-05,1.1982392607e-05
2016,Scotland,1,7.4,60,FCEV Cars,Rural (not London),0.0,5.50764480067e-06,3.06141782858e-06
2016,Scotland,1,7.4,60,FCEV LGV,Rural (not London),0.0,7.46197929402e-06,4.17151613874e-06
2016,Scotland,1,7.4,60,Full Hybrid Diesel Cars,Rural (not London),0.000138907809742,1.19405622172e-05,9.17268971534e-06
2016,Scotland,1,7.4,60,Full Hybrid Petrol Cars,Rural (not London),0.000421944918344,5.81198946747e-06,3.35054573952e-06
2016,Scotland,1,7.4,60,Full Hybrid Petrol LGV,Rural (not London),7.8387947724e-06,7.60025795898e-06,4.30288082498e-06
2016,Scotland,1,7.4,60,Hybrid Bus,Rural (not London),0.000500392750837,2.97346487059e-05,1.86066608876e-05
2016,Scotland,1,7.4,60,LGV,Rural (not London),0.000270279997494,2.02699557121e-05,1.63390941452e-05
2016,Scotland,1,7.4,60,LPG Cars,Rural (not London),8.11111094663e-05,5.81198946747e-06,3.35054573952e-06
2016,Scotland,1,7.4,60,LPG LGV,Rural (not London),0.000115474438644,7.76632441557e-06,4.46064404969e-06
2016,Scotland,1,7.4,60,Motorcycle,Rural (not London),8.6398977146e-05,5.72118187847e-06,4.46821832156e-06
2016,Scotland,1,7.4,60,Petrol Car,Rural (not London),0.000216197324335,5.81198946747e-06,3.35054573952e-06
2016,Scotland,1,7.4,60,Plug-In Hybrid Petrol Cars,Rural (not London),0.000301389227388,5.65981736145e-06,3.20598178405e-06
2016,Scotland,1,7.4,60,Plug-In Hybrid Petrol LGV,Rural (not London),0.000419149670051,7.5952248153e-06,4.29809961133e-06
2016,Scotland,1,7.4,60,Rigid HGV,Rural (not London),0.00162555451971,7.69761172705e-05,6.34294920019e-05
2016,Scotland,1,7.4,70,Artic HGV,Rural (not London),0.00234406418167,0.000113789224997,9.70945256995e-05
2016,Scotland,1,7.4,70,B100 Artic HGV,Rural (not London),0.00273376028053,3.29377144226e-05,2.02855899261e-05
2016,Scotland,1,7.4,70,B100 Bus,Rural (not London),0.00181019224692,2.56859384535e-05,1.47603850564e-05
2016,Scotland,1,7.4,70,B100 Coach,Rural (not London),0.00212090928108,3.14903554681e-05,2.02745795832e-05
2016,Scotland,1,7.4,70,B100 Rigid HGV,Rural (not London),0.00185578421224,2.57703595707e-05,1.47840237332e-05
2016,Scotland,1,7.4,70,Battery EV Cars,Rural (not London),0.0,5.50764480067e-06,3.06141782858e-06
2016,Scotland,1,7.4,70,Battery EV LGV,Rural (not London),0.0,7.46197929402e-06,4.17151613874e-06
2016,Scotland,1,7.4,70,Biogas Bus,Rural (not London),0.00069444446126,2.41506240855e-05,1.33018365887e-05
2016,Scotland,1,7.4,70,Biomethane Bus,Rural (not London),0.00069444446126,2.41506240855e-05,1.33018365887e-05
2016,Scotland,1,7.4,70,Bus and Coach,Rural (not London),0.00172472093254,7.87231037975e-05,6.51456866763e-05
2016,Scotland,1,7.4,70,CNG Bus,Rural (not London),0.00069444446126,2.41506240855e-05,1.33018365887e-05
2016,Scotland,1,7.4,70,Diesel Car,Rural (not London),0.000158295239089,1.86857269e-05,1.55805955728e-05
2016,Scotland,1,7.4,70,E85 Bioethanol Cars,Rural (not London),0.000232870239415,5.75112062506e-06,3.29272006638e-06
2016,Scotland,1,7.4,70,E85 Bioethanol LGV,Rural (not London),0.000300877116388,7.70545557316e-06,4.40281837655e-06
2016,Scotland,1,7.4,70,FCEV Bus,Rural (not London),0.0,2.27617347264e-05,1.1982392607e-05
2016,Scotland,1,7.4,70,FCEV Cars,Rural (not London),0.0,5.50764480067e-06,3.06141782858e-06
2016,Scotland,1,7.4,70,FCEV LGV,Rural (not London),0.0,7.46197929402e-06,4.17151613874e-06
2016,Scotland,1,7.4,70,Full Hybrid Diesel Cars,Rural (not London),0.000133727662615,1.17193894766e-05,8.96257552085e-06
2016,Scotland,1,7.4,70,Full Hybrid Petrol Cars,Rural (not London),0.00045727766701,5.81198946747e-06,3.35054573952e-06
2016,Scotland,1,7.4,70,Full Hybrid Petrol LGV,Rural (not London),7.49118498788e-06,7.60025795898e-06,4.30288082498e-06
2016,Scotland,1,7.4,70,Hybrid Bus,Rural (not London),0.000441039883299,2.96947273455e-05,1.85687349585e-05
2016,Scotland,1,7.4,70,LGV,Rural (not London),0.000269558135187,2.22263806791e-05,1.81976975e-05
2016,Scotland,1,7.4,70,LPG Cars,Rural (not London),8.11111094663e-05,5.81198946747e-06,3.35054573952e-06
2016,Scotland,1,7.4,70,LPG LGV,Rural (not London),0.000115139446279,7.76632441557e-06,4.46064404969e-06
2016,Scotland,1,7.4,70,Motorcycle,Rural (not London),9.97436436592e-05,5.72118187847e-06,4.46821832156e-06
2016,Scotland,1,7.4,70,Petrol Car,Rural (not London),0.000232870239415,5.81198946747e-06,3.35054573952e-06
2016,Scotland,1,7.4,70,Plug-In Hybrid Petrol Cars,Rural (not London),0.000326626905007,5.65981736145e-06,3.20598178405e-06
2016,Scotland,1,7.4,70,Plug-In Hybrid Petrol LGV,Rural (not London),0.000446366175311,7.620125416e-06,4.32175511378e-06
2016,Scotland,1,7.4,70,Rigid HGV,Rural (not London),0.0015832829522,7.33292690711e-05,5.99649902142e-05
2016,Scotland,1,7.4,80,Artic HGV,Rural (not London),0.00220457254909,0.000108997868665,9.25427302718e-05
2016,Scotland,1,7.4,80,B100 Artic HGV,Rural (not London),0.00257237465121,3.26741901517e-05,2.00352405955e-05
2016,Scotland,1,7.4,80,B100 Bus,Rural (not London),0.00171810516622,2.56029288721e-05,1.46815254993e-05
2016,Scotland,1,7.4,80,B100 Coach,Rural (not London),0.00203618733212,3.08589878841e-05,1.96747841983e-05
2016,Scotland,1,7.4,80,B100 Rigid HGV,Rural (not London),0.00182241748553,2.56482326222e-05,1.46680031321e-05
2016,Scotland,1,7.4,80,Battery EV Cars,Rural (not London),0.0,5.50764480067e-06,3.06141782858e-06
2016,Scotland,1,7.4,80,Battery EV LGV,Rural (not London),0.0,7.46197929402e-06,4.17151613874e-06
2016,Scotland,1,7.4,80,Biogas Bus,Rural (not London),0.00069444446126,2.41506240855e-05,1.33018365887e-05
2016,Scotland,1,7.4,80,Biomethane Bus,Rural (not London),0.00069444446126,2.41506240855e-05,1.33018365887e-05
2016,Scotland,1,7.4,80,Bus and Coach,Rural (not London),0.00164288014639,7.59842296247e-05,6.25437605777e-05
2016,Scotland,1,7.4,80,CNG Bus,Rural (not London),0.00069444446126,2.41506240855e-05,1.33018365887e-05
2016,Scotland,1,7.4,80,Diesel Car,Rural (not London),0.000164557539392,2.09593908949e-05,1.77405763679e-05
2016,Scotland,1,7.4,80,E85 Bioethanol Cars,Rural (not London),0.000259600812569,5.75112062506e-06,3.29272006638e-06
2016,Scotland,1,7.4,80,E85 Bioethanol LGV,Rural (not London),0.000320217804983,7.70545557316e-06,4.40281837655e-06
2016,Scotland,1,7.4,80,FCEV Bus,Rural (not London),0.0,2.27617347264e-05,1.1982392607e-05
2016,Scotland,1,7.4,80,FCEV Cars,Rural (not London),0.0,5.50764480067e-06,3.06141782858e-06
2016,Scotland,1,7.4,80,FCEV LGV,Rural (not London),0.0,7.46197929402e-06,4.17151613874e-06
2016,Scotland,1,7.4,80,Full Hybrid Diesel Cars,Rural (not London),0.000133586145239,1.16759720186e-05,8.92132902663e-06
2016,Scotland,1,7.4,80,Full Hybrid Petrol Cars,Rural (not London),0.000496595341247,5.81198946747e-06,3.35054573952e-06
2016,Scotland,1,7.4,80,Full Hybrid Petrol LGV,Rural (not London),7.6952692325e-06,7.60025795898e-06,4.30288082498e-06
2016,Scotland,1,7.4,80,Hybrid Bus,Rural (not London),0.000435059482697,3.03017859551e-05,1.9145440092e-05
2016,Scotland,1,7.4,80,LGV,Rural (not London),0.000281660322798,2.59927128354e-05,2.17757133214e-05
2016,Scotland,1,7.4,80,LPG Cars,Rural (not London),8.11111094663e-05,5.81198946747e-06,3.35054573952e-06
2016,Scotland,1,7.4,80,LPG LGV,Rural (not London),0.000120186625281,7.76632441557e-06,4.46064404969e-06
2016,Scotland,1,7.4,80,Motorcycle,Rural (not London),0.000115529997856,5.72118187847e-06,4.46821832156e-06
2016,Scotland,1,7.4,80,Petrol Car,Rural (not London),0.000259600812569,5.81198946747e-06,3.35054573952e-06
2016,Scotland,1,7.4,80,Plug-In Hybrid Petrol Cars,Rural (not London),0.000354710937245,5.65981736145e-06,3.20598178405e-06
2016,Scotland,1,7.4,80,Plug-In Hybrid Petrol LGV,Rural (not London),0.000474054599181,7.64980995882e-06,4.349955816e-06
2016,Scotland,1,7.4,80,Rigid HGV,Rural (not London),0.00156494986732,7.11087850505e-05,5.78555300308e-05
2016,Scotland,1,7.4,90,Artic HGV,Rural (not London),0.0021332942415,0.000102003163192,8.58977582539e-05
2016,Scotland,1,7.4,90,B100 Artic HGV,Rural (not London),0.002490733983,3.22894811688e-05,1.96697674255e-05
2016,Scotland,1,7.4,90,B100 Bus,Rural (not London),0.00167097325902,2.55721024587e-05,1.46522415889e-05
2016,Scotland,1,7.4,90,B100 Coach,Rural (not London),0.00198176107369,3.0297851481e-05,1.91417038877e-05
2016,Scotland,1,7.4,90,B100 Rigid HGV,Rural (not London),0.00181335909292,2.56040875684e-05,1.46260663314e-05
2016,Scotland,1,7.4,90,Battery EV Cars,Rural (not London),0.0,5.50764480067e-06,3.06141782858e-06
2016,Scotland,1,7.4,90,Battery EV LGV,Rural (not London),0.0,7.46197929402e-06,4.17151613874e-06
2016,Scotland,1,7.4,90,Biogas Bus,Rural (not London),0.00069444446126,2.41506240855e-05,1.33018365887e-05
2016,Scotland,1,7.4,90,Biomethane Bus,Rural (not London),0.00069444446126,2.41506240855e-05,1.33018365887e-05
2016,Scotland,1,7.4,90,Bus and Coach,Rural (not London),0.00159817619715,7.42664269637e-05,6.09118505963e-05
2016,Scotland,1,7.4,90,CNG Bus,Rural (not London),0.00069444446126,2.41506240855e-05,1.33018365887e-05
2016,Scotland,1,7.4,90,Diesel Car,Rural (not London),0.000174217086169,2.42025780608e-05,2.08216042665e-05
2016,Scotland,1,7.4,90,E85 Bioethanol Cars,Rural (not London),0.000295158970403,5.75906005906e-06,3.30026250595e-06
2016,Scotland,1,7.4,90,E85 Bioethanol LGV,Rural (not London),0.000345936481608,7.71339455241e-06,4.41036081611e-06
2016,Scotland,1,7.4,90,FCEV Bus,Rural (not London),0.0,2.27617347264e-05,1.1982392607e-05
2016,Scotland,1,7.4,90,FCEV Cars,Rural (not London),0.0,5.50764480067e-06,3.06141782858e-06
2016,Scotland,1,7.4,90,FCEV LGV,Rural (not London),0.0,7.46197929402e-06,4.17151613874e-06
2016,Scotland,1,7.4,90,Full Hybrid Diesel Cars,Rural (not London),0.000138910341775,1.18103107525e-05,9.04895023268e-06
2016,Scotland,1,7.4,90,Full Hybrid Petrol Cars,Rural (not London),0.000694154470693,5.82191387366e-06,3.35997378897e-06
2016,Scotland,1,7.4,90,Full Hybrid Petrol LGV,Rural (not London),1.05265380625e-05,7.65881122788e-06,4.35850643044e-06
2016,Scotland,1,7.4,90,Hybrid Bus,Rural (not London),0.000455785368104,3.10041432385e-05,1.9812679966e-05
2016,Scotland,1,7.4,90,LGV,Rural (not London),0.000306496600388,3.15692741424e-05,2.70734453807e-05
2016,Scotland,1,7.4,90,LPG Cars,Rural (not London),9.0555557108e-05,5.82191387366e-06,3.35997378897e-06
2016,Scotland,1,7.4,90,LPG LGV,Rural (not London),0.000127666615299,7.77624882176e-06,4.47007187176e-06
2016,Scotland,1,7.4,90,Motorcycle,Rural (not London),0.00013326802582,5.72118187847e-06,4.46821832156e-06
2016,Scotland,1,7.4,90,Petrol Car,Rural (not London),0.000295158970403,5.82191387366e-06,3.35997378897e-06
2016,Scotland,1,7.4,90,Plug-In Hybrid Petrol Cars,Rural (not London),0.000694154470693,5.79048719374e-06,3.33011826115e-06
2016,Scotland,1,7.4,90,Plug-In Hybrid Petrol LGV,Rural (not London),0.000850632844958,7.86560940469e-06,4.55496456198e-06
2016,Scotland,1,7.4,90,Rigid HGV,Rural (not London),0.00156272097956,7.03061596141e-05,5.70930315007e-05
2016,Scotland,1,7.4,100,Artic HGV,Rural (not London),0.0021332942415,0.000102003163192,8.58977582539e-05
2016,Scotland,1,7.4,100,B100 Artic HGV,Rural (not London),0.002490733983,3.22894811688e-05,1.96697674255e-05
2016,Scotland,1,7.4,100,B100 Bus,Rural (not London),0.00167097325902,2.55721024587e-05,1.46522415889e-05
2016,Scotland,1,7.4,100,B100 Coach,Rural (not London),0.00194974231999,2.9889646612e-05,1.87539080798e-05
2016,Scotland,1,7.4,100,B100 Rigid HGV,Rural (not London),0.00181335909292,2.56040875684e-05,1.46260663314e-05
2016,Scotland,1,7.4,100,Battery EV Cars,Rural (not London),0.0,5.50764480067e-06,3.06141782858e-06
2016,Scotland,1,7.4,100,Battery EV LGV,Rural (not London),0.0,7.46197929402e-06,4.17151613874e-06
2016,Scotland,1,7.4,100,Biogas Bus,Rural (not London),0.00069444446126,2.41506240855e-05,1.33018365887e-05
2016,Scotland,1,7.4,100,Biomethane Bus,Rural (not London),0.00069444446126,2.41506240855e-05,1.33018365887e-05
2016,Scotland,1,7.4,100,Bus and Coach,Rural (not London),0.00159002596047,7.31943000574e-05,5.98933329456e-05
2016,Scotland,1,7.4,100,CNG Bus,Rural (not London),0.00069444446126,2.41506240855e-05,1.33018365887e-05
2016,Scotland,1,7.4,100,Diesel Car,Rural (not London),0.000187000347069,2.84152883978e-05,2.48236792686e-05
2016,Scotland,1,7.4,100,E85 Bioethanol Cars,Rural (not London),0.000339544727467,5.75906005906e-06,3.30026250595e-06
2016,Scotland,1,7.4,100,E85 Bioethanol LGV,Rural (not London),0.00037803320447,7.71339455241e-06,4.41036081611e-06
2016,Scotland,1,7.4,100,FCEV Bus,Rural (not London),0.0,2.27617347264e-05,1.1982392607e-05
2016,Scotland,1,7.4,100,FCEV Cars,Rural (not London),0.0,5.50764480067e-06,3.06141782858e-06
2016,Scotland,1,7.4,100,FCEV LGV,Rural (not London),0.0,7.46197929402e-06,4.17151613874e-06
2016,Scotland,1,7.4,100,Full Hybrid Diesel Cars,Rural (not London),0.000150619103806,1.21224047689e-05,9.34544004849e-06
2016,Scotland,1,7.4,100,Full Hybrid Petrol Cars,Rural (not London),0.000754952663556,5.82191387366e-06,3.35997378897e-06
2016,Scotland,1,7.4,100,Full Hybrid Petrol LGV,Rural (not London),1.15293833005e-05,7.65881122788e-06,4.35850643044e-06
2016,Scotland,1,7.4,100,Hybrid Bus,Rural (not London),0.000455785368104,3.10041432385e-05,1.9812679966e-05
2016,Scotland,1,7.4,100,LGV,Rural (not London),0.000344050582498,3.89554152207e-05,3.40902806784e-05
2016,Scotland,1,7.4,100,LPG Cars,Rural (not London),9.0555557108e-05,5.82191387366e-06,3.35997378897e-06
2016,Scotland,1,7.4,100,LPG LGV,Rural (not London),0.00014301284682,7.77624882176e-06,4.47007187176e-06
2016,Scotland,1,7.4,100,Motorcycle,Rural (not London),0.000151141153765,5.72118187847e-06,4.46821832156e-06
2016,Scotland,1,7.4,100,Petrol Car,Rural (not London),0.000339544727467,5.82191387366e-06,3.35997378897e-06
2016,Scotland,1,7.4,100,Plug-In Hybrid Petrol Cars,Rural (not London),0.000754952663556,5.79048719374e-06,3.33011826115e-06
2016,Scotland,1,7.4,100,Plug-In Hybrid Petrol LGV,Rural (not London),0.000897733261809,7.94877450971e-06,4.63397145722e-06
2016,Scotland,1,7.4,100,Rigid HGV,Rural (not London),0.00156272097956,7.03061596141e-05,5.70930315007e-05
2016,Scotland,1,7.4,110,Artic HGV,Rural (not London),0.0021332942415,0.000102003163192,8.58977582539e-05
2016,Scotland,1,7.4,110,B100 Artic HGV,Rural (not London),0.002490733983,3.22894811688e-05,1.96697674255e-05
2016,Scotland,1,7.4,110,B100 Bus,Rural (not London),0.00167097325902,2.55721024587e-05,1.46522415889e-05
2016,Scotland,1,7.4,110,B100 Coach,Rural (not London),0.00194049323909,2.97962760669e-05,1.86652068805e-05
2016,Scotland,1,7.4,110,B100 Rigid HGV,Rural (not London),0.00181335909292,2.56040875684e-05,1.46260663314e-05
2016,Scotland,1,7.4,110,Battery EV Cars,Rural (not London),0.0,5.50764480067e-06,3.06141782858e-06
2016,Scotland,1,7.4,110,Battery EV LGV,Rural (not London),0.0,7.46197929402e-06,4.17151613874e-06
2016,Scotland,1,7.4,110,Biogas Bus,Rural (not London),0.00069444446126,2.41506240855e-05,1.33018365887e-05
2016,Scotland,1,7.4,110,Biomethane Bus,Rural (not London),0.00069444446126,2.41506240855e-05,1.33018365887e-05
2016,Scotland,1,7.4,110,Bus and Coach,Rural (not London),0.00158767169341,7.27286897018e-05,5.94509983785e-05
2016,Scotland,1,7.4,110,CNG Bus,Rural (not London),0.00069444446126,2.41506240855e-05,1.33018365887e-05
2016,Scotland,1,7.4,110,Diesel Car,Rural (not London),0.000202867362532,3.35975237249e-05,2.97468031931e-05
2016,Scotland,1,7.4,110,E85 Bioethanol Cars,Rural (not London),0.000392758083763,5.75906005906e-06,3.30026250595e-06
2016,Scotland,1,7.4,110,E85 Bioethanol LGV,Rural (not London),0.000416507915361,7.71339455241e-06,4.41036081611e-06
2016,Scotland,1,7.4,110,FCEV Bus,Rural (not London),0.0,2.27617347264e-05,1.1982392607e-05
2016,Scotland,1,7.4,110,FCEV Cars,Rural (not London),0.0,5.50764480067e-06,3.06141782858e-06
2016,Scotland,1,7.4,110,FCEV LGV,Rural (not London),0.0,7.46197929402e-06,4.17151613874e-06
2016,Scotland,1,7.4,110,Full Hybrid Diesel Cars,Rural (not London),0.000170342624187,1.26122540678e-05,9.81079665507e-06
2016,Scotland,1,7.4,110,Full Hybrid Petrol Cars,Rural (not London),0.000820874294732,5.82191387366e-06,3.35997378897e-06
2016,Scotland,1,7.4,110,Full Hybrid Petrol LGV,Rural (not London),1.29024547277e-05,7.65881122788e-06,4.35850643044e-06
2016,Scotland,1,7.4,110,Hybrid Bus,Rural (not London),0.000455785368104,3.10041432385e-05,1.9812679966e-05
2016,Scotland,1,7.4,110,LGV,Rural (not London),0.000394319882616,4.81514616695e-05,4.28265266237e-05
2016,Scotland,1,7.4,110,LPG Cars,Rural (not London),9.0555557108e-05,5.82191387366e-06,3.35997378897e-06
2016,Scotland,1,7.4,110,LPG LGV,Rural (not London),0.000163551521837,7.77624882176e-06,4.47007187176e-06
2016,Scotland,1,7.4,110,Motorcycle,Rural (not London),0.000166889105458,5.72118187847e-06,4.46821832156e-06
2016,Scotland,1,7.4,110,Petrol Car,Rural (not London),0.000392758083763,5.82191387366e-06,3.35997378897e-06
2016,Scotland,1,7.4,110,Plug-In Hybrid Petrol Cars,Rural (not London),0.000820874294732,5.79048719374e-06,3.33011826115e-06
2016,Scotland,1,7.4,110,Plug-In Hybrid Petrol LGV,Rural (not London),0.000945440493524,8.05766558187e-06,4.73741783935e-06
2016,Scotland,1,7.4,110,Rigid HGV,Rural (not London),0.00156272097956,7.03061596141e-05,5.70930315007e-05
2016,Scotland,1,7.4,120,Artic HGV,Rural (not London),0.0021332942415,0.000102003163192,8.58977582539e-05
2016,Scotland,1,7.4,120,B100 Artic HGV,Rural (not London),0.002490733983,3.22894811688e-05,1.96697674255e-05
2016,Scotland,1,7.4,120,B100 Bus,Rural (not London),0.00167097325902,2.55721024587e-05,1.46522415889e-05
2016,Scotland,1,7.4,120,B100 Coach,Rural (not London),0.00194049323909,2.97962760669e-05,1.86652068805e-05
2016,Scotland,1,7.4,120,B100 Rigid HGV,Rural (not London),0.00181335909292,2.56040875684e-05,1.46260663314e-05
2016,Scotland,1,7.4,120,Battery EV Cars,Rural (not London),0.0,5.50764480067e-06,3.06141782858e-06
2016,Scotland,1,7.4,120,Battery EV LGV,Rural (not London),0.0,7.46197929402e-06,4.17151613874e-06
2016,Scotland,1,7.4,120,Biogas Bus,Rural (not London),0.00069444446126,2.41506240855e-05,1.33018365887e-05
2016,Scotland,1,7.4,120,Biomethane Bus,Rural (not London),0.00069444446126,2.41506240855e-05,1.33018365887e-05
2016,Scotland,1,7.4,120,Bus and Coach,Rural (not London),0.00158767169341,7.27286897018e-05,5.94509983785e-05
2016,Scotland,1,7.4,120,CNG Bus,Rural (not London),0.00069444446126,2.41506240855e-05,1.33018365887e-05
2016,Scotland,1,7.4,120,Diesel Car,Rural (not London),0.000221958194743,3.9749284042e-05,3.55909760401e-05
2016,Scotland,1,7.4,120,E85 Bioethanol Cars,Rural (not London),0.000454799068393,5.75906005906e-06,3.30026250595e-06
2016,Scotland,1,7.4,120,E85 Bioethanol LGV,Rural (not London),0.000454360619187,7.71339455241e-06,4.41036081611e-06
2016,Scotland,1,7.4,120,FCEV Bus,Rural (not London),0.0,2.27617347264e-05,1.1982392607e-05
2016,Scotland,1,7.4,120,FCEV Cars,Rural (not London),0.0,5.50764480067e-06,3.06141782858e-06
2016,Scotland,1,7.4,120,FCEV LGV,Rural (not London),0.0,7.46197929402e-06,4.17151613874e-06
2016,Scotland,1,7.4,120,Full Hybrid Diesel Cars,Rural (not London),0.000200883136131,1.32798595587e-05,1.04450218714e-05
2016,Scotland,1,7.4,120,Full Hybrid Petrol Cars,Rural (not London),0.000891919422429,5.82191387366e-06,3.35997378897e-06
2016,Scotland,1,7.4,120,Full Hybrid Petrol LGV,Rural (not London),1.46457514347e-05,7.65881122788e-06,4.35850643044e-06
2016,Scotland,1,7.4,120,Hybrid Bus,Rural (not London),0.000455785368104,3.10041432385e-05,1.9812679966e-05
2016,Scotland,1,7.4,120,LGV,Rural (not London),0.000396698742406,4.85189266328e-05,4.31756161561e-05
2016,Scotland,1,7.4,120,LPG Cars,Rural (not London),9.0555557108e-05,5.82191387366e-06,3.35997378897e-06
2016,Scotland,1,7.4,120,LPG LGV,Rural (not London),0.000164973724168,7.77624882176e-06,4.47007187176e-06
2016,Scotland,1,7.4,120,Motorcycle,Rural (not London),0.000184533011634,5.72118187847e-06,4.46821832156e-06
2016,Scotland,1,7.4,120,Petrol Car,Rural (not London),0.000454799068393,5.82191387366e-06,3.35997378897e-06
2016,Scotland,1,7.4,120,Plug-In Hybrid Petrol Cars,Rural (not London),0.000891919422429,5.79048719374e-06,3.33011826115e-06
2016,Scotland,1,7.4,120,Plug-In Hybrid Petrol LGV,Rural (not London),0.000957748328801,8.20387776912e-06,4.87631950818e-06
2016,Scotland,1,7.4,120,Rigid HGV,Rural (not London),0.00156272097956,7.03061596141e-05,5.70930315007e-05
2016,Scotland,1,7.4,130,Artic HGV,Rural (not London),0.0021332942415,0.000102003163192,8.58977582539e-05
2016,Scotland,1,7.4,130,B100 Artic HGV,Rural (not London),0.002490733983,3.22894811688e-05,1.96697674255e-05
2016,Scotland,1,7.4,130,B100 Bus,Rural (not London),0.00167097325902,2.55721024587e-05,1.46522415889e-05
2016,Scotland,1,7.4,130,B100 Coach,Rural (not London),0.00194049323909,2.97962760669e-05,1.86652068805e-05
2016,Scotland,1,7.4,130,B100 Rigid HGV,Rural (not London),0.00181335909292,2.56040875684e-05,1.46260663314e-05
2016,Scotland,1,7.4,130,Battery EV Cars,Rural (not London),0.0,5.50764480067e-06,3.06141782858e-06
2016,Scotland,1,7.4,130,Battery EV LGV,Rural (not London),0.0,7.46197929402e-06,4.17151613874e-06
2016,Scotland,1,7.4,130,Biogas Bus,Rural (not London),0.00069444446126,2.41506240855e-05,1.33018365887e-05
2016,Scotland,1,7.4,130,Biomethane Bus,Rural (not London),0.00069444446126,2.41506240855e-05,1.33018365887e-05
2016,Scotland,1,7.4,130,Bus and Coach,Rural (not London),0.00158767169341,7.27286897018e-05,5.94509983785e-05
2016,Scotland,1,7.4,130,CNG Bus,Rural (not London),0.00069444446126,2.41506240855e-05,1.33018365887e-05
2016,Scotland,1,7.4,130,Diesel Car,Rural (not London),0.000221958194743,4.68705693493e-05,4.23561978096e-05
2016,Scotland,1,7.4,130,E85 Bioethanol Cars,Rural (not London),0.000525667623151,5.75906005906e-06,3.30026250595e-06
2016,Scotland,1,7.4,130,E85 Bioethanol LGV,Rural (not London),0.000465910183266,7.71339455241e-06,4.41036081611e-06
2016,Scotland,1,7.4,130,FCEV Bus,Rural (not London),0.0,2.27617347264e-05,1.1982392607e-05
2016,Scotland,1,7.4,130,FCEV Cars,Rural (not London),0.0,5.50764480067e-06,3.06141782858e-06
2016,Scotland,1,7.4,130,FCEV LGV,Rural (not London),0.0,7.46197929402e-06,4.17151613874e-06
2016,Scotland,1,7.4,130,Full Hybrid Diesel Cars,Rural (not London),0.000247190648224,1.41252212416e-05,1.12481156975e-05
2016,Scotland,1,7.4,130,Full Hybrid Petrol Cars,Rural (not London),0.00096808798844,5.82191387366e-06,3.35997378897e-06
2016,Scotland,1,7.4,130,Full Hybrid Petrol LGV,Rural (not London),1.47275250129e-05,7.65881122788e-06,4.35850643044e-06
2016,Scotland,1,7.4,130,Hybrid Bus,Rural (not London),0.000455785368104,3.10041432385e-05,1.9812679966e-05
2016,Scotland,1,7.4,130,LGV,Rural (not London),0.000397076626541,4.89443045808e-05,4.35797264799e-05
2016,Scotland,1,7.4,130,LPG Cars,Rural (not London),9.0555557108e-05,5.82191387366e-06,3.35997378897e-06
2016,Scotland,1,7.4,130,LPG LGV,Rural (not London),0.000164973724168,7.77624882176e-06,4.47007187176e-06
2016,Scotland,1,7.4,130,Motorcycle,Rural (not London),0.000204747106181,5.72118187847e-06,4.46821832156e-06
2016,Scotland,1,7.4,130,Petrol Car,Rural (not London),0.000525667623151,5.82191387366e-06,3.35997378897e-06
2016,Scotland,1,7.4,130,Plug-In Hybrid Petrol Cars,Rural (not London),0.00096808798844,5.79048719374e-06,3.33011826115e-06
2016,Scotland,1,7.4,130,Plug-In Hybrid Petrol LGV,Rural (not London),0.000970662920736,8.40423581394e-06,5.06665946887e-06
2016,Scotland,1,7.4,130,Rigid HGV,Rural (not London),0.00156272097956,7.03061596141e-05,5.70930315007e-05
2016,Scotland,1,7.4,140,Artic HGV,Rural (not London),0.0021332942415,0.000102003163192,8.58977582539e-05
2016,Scotland,1,7.4,140,B100 Artic HGV,Rural (not London),0.002490733983,3.22894811688e-05,1.96697674255e-05
2016,Scotland,1,7.4,140,B100 Bus,Rural (not London),0.00167097325902,2.55721024587e-05,1.46522415889e-05
2016,Scotland,1,7.4,140,B100 Coach,Rural (not London),0.00194049323909,2.97962760669e-05,1.86652068805e-05
2016,Scotland,1,7.4,140,B100 Rigid HGV,Rural (not London),0.00181335909292,2.56040875684e-05,1.46260663314e-05
2016,Scotland,1,7.4,140,Battery EV Cars,Rural (not London),0.0,5.50764480067e-06,3.06141782858e-06
2016,Scotland,1,7.4,140,Battery EV LGV,Rural (not London),0.0,7.46197929402e-06,4.17151613874e-06
2016,Scotland,1,7.4,140,Biogas Bus,Rural (not London),0.00069444446126,2.41506240855e-05,1.33018365887e-05
2016,Scotland,1,7.4,140,Biomethane Bus,Rural (not London),0.00069444446126,2.41506240855e-05,1.33018365887e-05
2016,Scotland,1,7.4,140,Bus and Coach,Rural (not London),0.00158767169341,7.27286897018e-05,5.94509983785e-05
2016,Scotland,1,7.4,140,CNG Bus,Rural (not London),0.00069444446126,2.41506240855e-05,1.33018365887e-05
2016,Scotland,1,7.4,140,Diesel Car,Rural (not London),0.000221958194743,4.68705693493e-05,4.23561978096e-05
2016,Scotland,1,7.4,140,E85 Bioethanol Cars,Rural (not London),0.000525667623151,5.75906005906e-06,3.30026250595e-06
2016,Scotland,1,7.4,140,E85 Bioethanol LGV,Rural (not London),0.000465910183266,7.71339455241e-06,4.41036081611e-06
2016,Scotland,1,7.4,140,FCEV Bus,Rural (not London),0.0,2.27617347264e-05,1.1982392607e-05
2016,Scotland,1,7.4,140,FCEV Cars,Rural (not London),0.0,5.50764480067e-06,3.06141782858e-06
2016,Scotland,1,7.4,140,FCEV LGV,Rural (not London),0.0,7.46197929402e-06,4.17151613874e-06
2016,Scotland,1,7.4,140,Full Hybrid Diesel Cars,Rural (not London),0.000247190648224,1.41252212416e-05,1.12481156975e-05
2016,Scotland,1,7.4,140,Full Hybrid Petrol Cars,Rural (not London),0.00096808798844,5.82191387366e-06,3.35997378897e-06
2016,Scotland,1,7.4,140,Full Hybrid Petrol LGV,Rural (not London),1.47275250129e-05,7.65881122788e-06,4.35850643044e-06
2016,Scotland,1,7.4,140,Hybrid Bus,Rural (not London),0.000455785368104,3.10041432385e-05,1.9812679966e-05
2016,Scotland,1,7.4,140,LGV,Rural (not London),0.000397076626541,4.89443045808e-05,4.35797264799e-05
2016,Scotland,1,7.4,140,LPG Cars,Rural (not London),9.0555557108e-05,5.82191387366e-06,3.35997378897e-06
2016,Scotland,1,7.4,140,LPG LGV,Rural (not London),0.000164973724168,7.77624882176e-06,4.47007187176e-06
2016,Scotland,1,7.4,140,Motorcycle,Rural (not London),0.000228531018365,5.72118187847e-06,4.46821832156e-06
2016,Scotland,1,7.4,140,Petrol Car,Rural (not London),0.000525667623151,5.82191387366e-06,3.35997378897e-06
2016,Scotland,1,7.4,140,Plug-In Hybrid Petrol Cars,Rural (not London),0.00096808798844,5.79048719374e-06,3.33011826115e-06
2016,Scotland,1,7.4,140,Plug-In Hybrid Petrol LGV,Rural (not London),0.000970662920736,8.61939042807e-06,5.27105703441e-06
2016,Scotland,1,7.4,140,Rigid HGV,Rural (not London),0.00156272097956,7.03061596141e-05,5.70930315007e-05
2016,Scotland,1,7.4,5,Artic HGV,Urban (not London),0.00552122201771,0.000311861309456,0.000281013635686
2016,Scotland,1,7.4,5,B100 Artic HGV,Urban (not London),0.00667868088931,5.23658236489e-05,3.44929139828e-05
2016,Scotland,1,7.4,5,B100 Bus,Urban (not London),0.0045799841173,4.04652055295e-05,2.44425700657e-05
2016,Scotland,1,7.4,5,B100 Coach,Urban (not London),0.00632201088592,6.52221642667e-05,4.7961682867e-05
2016,Scotland,1,7.4,5,B100 Rigid HGV,Urban (not London),0.00409103464335,4.04329839512e-05,2.4784128982e-05
2016,Scotland,1,7.4,5,Battery EV Cars,Urban (not London),0.0,7.75497937866e-06,4.12188956034e-06
2016,Scotland,1,7.4,5,Battery EV LGV,Urban (not London),0.0,1.09782886284e-05,5.83317932978e-06
2016,Scotland,1,7.4,5,Biogas Bus,Urban (not London),0.00069444446126,3.27659035975e-05,1.71282354131e-05
2016,Scotland,1,7.4,5,Biomethane Bus,Urban (not London),0.00069444446126,3.27659035975e-05,1.71282354131e-05
2016,Scotland,1,7.4,5,Bus and Coach,Urban (not London),0.00460704695433,0.000219638823182,0.000194657521206
2016,Scotland,1,7.4,5,CNG Bus,Urban (not London),0.00069444446126,3.27659035975e-05,1.71282354131e-05
2016,Scotland,1,7.4,5,Diesel Car,Urban (not London),0.000366908294382,2.76510927506e-05,2.30231980822e-05
2016,Scotland,1,7.4,5,E85 Bioethanol Cars,Urban (not London),0.000308735237923,8.18106218503e-06,4.52666836281e-06
2016,Scotland,1,7.4,5,E85 Bioethanol LGV,Urban (not London),0.000357161188731,1.14043714348e-05,6.23795813226e-06
2016,Scotland,1,7.4,5,FCEV Bus,Urban (not London),0.0,3.13770142384e-05,1.58087914315e-05
2016,Scotland,1,7.4,5,FCEV Cars,Urban (not London),0.0,7.75497937866e-06,4.12188956034e-06
2016,Scotland,1,7.4,5,FCEV LGV,Urban (not London),0.0,1.09782886284e-05,5.83317932978e-06
2016,Scotland,1,7.4,5,Full Hybrid Diesel Cars,Urban (not London),0.00027608484379,1.79600974661e-05,1.3816752471e-05
2016,Scotland,1,7.4,5,Full Hybrid Petrol Cars,Urban (not London),0.000217896289541,8.287583114e-06,4.62786329081e-06
2016,Scotland,1,7.4,5,Full Hybrid Petrol LGV,Urban (not London),1.35751561174e-05,1.11900071715e-05,6.03431180934e-06
2016,Scotland,1,7.4,5,Hybrid Bus,Urban (not London),0.00397092988715,5.11762082169e-05,3.4618027712e-05
2016,Scotland,1,7.4,5,LGV,Urban (not London),0.000476061395602,4.11604305555e-05,3.45062144333e-05
2016,Scotland,1,7.4,5,LPG Cars,Urban (not London),8.80555526237e-05,8.287583114e-06,4.62786329081e-06
2016,Scotland,1,7.4,5,LPG LGV,Urban (not London),0.000261580717051,1.15108923637e-05,6.33915260551e-06
2016,Scotland,1,7.4,5,Motorcycle,Urban (not London),6.41573569737e-05,7.3355031418e-06,5.47401123185e-06
2016,Scotland,1,7.4,5,Petrol Car,Urban (not London),0.000308735237923,8.287583114e-06,4.62786329081e-06
2016,Scotland,1,7.4,5,Plug-In Hybrid Petrol Cars,Urban (not London),4.35792571807e-05,7.8082393884e-06,4.17248702433e-06
2016,Scotland,1,7.4,5,Plug-In Hybrid Petrol LGV,Urban (not London),8.46194088808e-05,1.09994698505e-05,5.85330190006e-06
2016,Scotland,1,7.4,5,Rigid HGV,Urban (not London),0.00336765637621,0.000206748052733,0.000182783434866
2016,Scotland,1,7.4,6,Artic HGV,Urban (not London),0.00552122201771,0.000311861309456,0.000281013635686
2016,Scotland,1,7.4,6,B100 Artic HGV,Urban (not London),0.00667868088931,5.23658236489e-05,3.44929139828e-05
2016,Scotland,1,7.4,6,B100 Bus,Urban (not London),0.0045799841173,4.04652055295e-05,2.44425700657e-05
2016,Scotland,1,7.4,6,B100 Coach,Urban (not London),0.00632201088592,6.52221642667e-05,4.7961682867e-05
2016,Scotland,1,7.4,6,B100 Rigid HGV,Urban (not London),0.00409103464335,4.04329839512e-05,2.4784128982e-05
2016,Scotland,1,7.4,6,Battery EV Cars,Urban (not London),0.0,7.75497937866e-06,4.12188956034e-06
2016,Scotland,1,7.4,6,Battery EV LGV,Urban (not London),0.0,1.09782886284e-05,5.83317932978e-06
2016,Scotland,1,7.4,6,Biogas Bus,Urban (not London),0.00069444446126,3.27659035975e-05,1.71282354131e-05
2016,Scotland,1,7.4,6,Biomethane Bus,Urban (not London),0.00069444446126,3.27659035975e-05,1.71282354131e-05
2016,Scotland,1,7.4,6,Bus and Coach,Urban (not London),0.00460704695433,0.000219638823182,0.000194657521206
2016,Scotland,1,7.4,6,CNG Bus,Urban (not London),0.00069444446126,3.27659035975e-05,1.71282354131e-05
2016,Scotland,1,7.4,6,Diesel Car,Urban (not London),0.000366908294382,2.76510927506e-05,2.30231980822e-05
2016,Scotland,1,7.4,6,E85 Bioethanol Cars,Urban (not London),0.00030436416273,8.18106218503e-06,4.52666836281e-06
2016,Scotland,1,7.4,6,E85 Bioethanol LGV,Urban (not London),0.000356460775947,1.14043714348e-05,6.23795813226e-06
2016,Scotland,1,7.4,6,FCEV Bus,Urban (not London),0.0,3.13770142384e-05,1.58087914315e-05
2016,Scotland,1,7.4,6,FCEV Cars,Urban (not London),0.0,7.75497937866e-06,4.12188956034e-06
2016,Scotland,1,7.4,6,FCEV LGV,Urban (not London),0.0,1.09782886284e-05,5.83317932978e-06
2016,Scotland,1,7.4,6,Full Hybrid Diesel Cars,Urban (not London),0.00027608484379,1.79600974661e-05,1.3816752471e-05
2016,Scotland,1,7.4,6,Full Hybrid Petrol Cars,Urban (not London),0.000217896289541,8.287583114e-06,4.62786329081e-06
2016,Scotland,1,7.4,6,Full Hybrid Petrol LGV,Urban (not London),1.35213149406e-05,1.11900071715e-05,6.03431180934e-06
2016,Scotland,1,7.4,6,Hybrid Bus,Urban (not London),0.00343760405667,5.11762082169e-05,3.4618027712e-05
2016,Scotland,1,7.4,6,LGV,Urban (not London),0.000476038490888,4.11604305555e-05,3.45062144333e-05
2016,Scotland,1,7.4,6,LPG Cars,Urban (not London),8.80555526237e-05,8.287583114e-06,4.62786329081e-06
2016,Scotland,1,7.4,6,LPG LGV,Urban (not London),0.000261580717051,1.15108923637e-05,6.33915260551e-06
2016,Scotland,1,7.4,6,Motorcycle,Urban (not London),6.41573569737e-05,7.3355031418e-06,5.47401123185e-06
2016,Scotland,1,7.4,6,Petrol Car,Urban (not London),0.00030436416273,8.287583114e-06,4.62786329081e-06
2016,Scotland,1,7.4,6,Plug-In Hybrid Petrol Cars,Urban (not London),4.35792571807e-05,7.8082393884e-06,4.17248702433e-06
2016,Scotland,1,7.4,6,Plug-In Hybrid Petrol LGV,Urban (not London),8.46194088808e-05,1.09988350232e-05,5.85269845033e-06
2016,Scotland,1,7.4,6,Rigid HGV,Urban (not London),0.00336765637621,0.000206748052733,0.000182783434866
2016,Scotland,1,7.4,7,Artic HGV,Urban (not London),0.00552122201771,0.000311861309456,0.000281013635686
2016,Scotland,1,7.4,7,B100 Artic HGV,Urban (not London),0.00667868088931,5.23658236489e-05,3.44929139828e-05
2016,Scotland,1,7.4,7,B100 Bus,Urban (not London),0.0045799841173,4.04652055295e-05,2.44425700657e-05
2016,Scotland,1,7.4,7,B100 Coach,Urban (not London),0.00632201088592,6.52221642667e-05,4.7961682867e-05
2016,Scotland,1,7.4,7,B100 Rigid HGV,Urban (not London),0.00409103464335,4.04329839512e-05,2.4784128982e-05
2016,Scotland,1,7.4,7,Battery EV Cars,Urban (not London),0.0,7.75497937866e-06,4.12188956034e-06
2016,Scotland,1,7.4,7,Battery EV LGV,Urban (not London),0.0,1.09782886284e-05,5.83317932978e-06
2016,Scotland,1,7.4,7,Biogas Bus,Urban (not London),0.00069444446126,3.27659035975e-05,1.71282354131e-05
2016,Scotland,1,7.4,7,Biomethane Bus,Urban (not London),0.00069444446126,3.27659035975e-05,1.71282354131e-05
2016,Scotland,1,7.4,7,Bus and Coach,Urban (not London),0.00460704695433,0.000219638823182,0.000194657521206
2016,Scotland,1,7.4,7,CNG Bus,Urban (not London),0.00069444446126,3.27659035975e-05,1.71282354131e-05
2016,Scotland,1,7.4,7,Diesel Car,Urban (not London),0.000366908294382,2.76510927506e-05,2.30231980822e-05
2016,Scotland,1,7.4,7,E85 Bioethanol Cars,Urban (not London),0.000300084269838,8.18106218503e-06,4.52666836281e-06
2016,Scotland,1,7.4,7,E85 Bioethanol LGV,Urban (not London),0.00035577500239,1.14043714348e-05,6.23795813226e-06
2016,Scotland,1,7.4,7,FCEV Bus,Urban (not London),0.0,3.13770142384e-05,1.58087914315e-05
2016,Scotland,1,7.4,7,FCEV Cars,Urban (not London),0.0,7.75497937866e-06,4.12188956034e-06
2016,Scotland,1,7.4,7,FCEV LGV,Urban (not London),0.0,1.09782886284e-05,5.83317932978e-06
2016,Scotland,1,7.4,7,Full Hybrid Diesel Cars,Urban (not London),0.00027608484379,1.79600974661e-05,1.3816752471e-05
2016,Scotland,1,7.4,7,Full Hybrid Petrol Cars,Urban (not London),0.000217896289541,8.287583114e-06,4.62786329081e-06
2016,Scotland,1,7.4,7,Full Hybrid Petrol LGV,Urban (not London),1.34679821713e-05,1.11900071715e-05,6.03431180934e-06
2016,Scotland,1,7.4,7,Hybrid Bus,Urban (not London),0.00304097239859,5.11762082169e-05,3.4618027712e-05
2016,Scotland,1,7.4,7,LGV,Urban (not London),0.000476016051834,4.11604305555e-05,3.45062144333e-05
2016,Scotland,1,7.4,7,LPG Cars,Urban (not London),8.80555526237e-05,8.287583114e-06,4.62786329081e-06
2016,Scotland,1,7.4,7,LPG LGV,Urban (not London),0.000261580717051,1.15108923637e-05,6.33915260551e-06
2016,Scotland,1,7.4,7,Motorcycle,Urban (not London),6.41573569737e-05,7.3355031418e-06,5.47401123185e-06
2016,Scotland,1,7.4,7,Petrol Car,Urban (not London),0.000300084269838,8.287583114e-06,4.62786329081e-06
2016,Scotland,1,7.4,7,Plug-In Hybrid Petrol Cars,Urban (not London),4.35792571807e-05,7.8082393884e-06,4.17248702433e-06
2016,Scotland,1,7.4,7,Plug-In Hybrid Petrol LGV,Urban (not London),8.46194088808e-05,1.09981274363e-05,5.85202587899e-06
2016,Scotland,1,7.4,7,Rigid HGV,Urban (not London),0.00336765637621,0.000206748052733,0.000182783434866
2016,Scotland,1,7.4,8,Artic HGV,Urban (not London),0.00552122201771,0.000311861309456,0.000281013635686
2016,Scotland,1,7.4,8,B100 Artic HGV,Urban (not London),0.00667868088931,5.23658236489e-05,3.44929139828e-05
2016,Scotland,1,7.4,8,B100 Bus,Urban (not London),0.0045799841173,4.04652055295e-05,2.44425700657e-05
2016,Scotland,1,7.4,8,B100 Coach,Urban (not London),0.00632201088592,6.52221642667e-05,4.7961682867e-05
2016,Scotland,1,7.4,8,B100 Rigid HGV,Urban (not London),0.00409103464335,4.04329839512e-05,2.4784128982e-05
2016,Scotland,1,7.4,8,Battery EV Cars,Urban (not London),0.0,7.75497937866e-06,4.12188956034e-06
2016,Scotland,1,7.4,8,Battery EV LGV,Urban (not London),0.0,1.09782886284e-05,5.83317932978e-06
2016,Scotland,1,7.4,8,Biogas Bus,Urban (not London),0.00069444446126,3.27659035975e-05,1.71282354131e-05
2016,Scotland,1,7.4,8,Biomethane Bus,Urban (not London),0.00069444446126,3.27659035975e-05,1.71282354131e-05
2016,Scotland,1,7.4,8,Bus and Coach,Urban (not London),0.00460704695433,0.000219638823182,0.000194657521206
2016,Scotland,1,7.4,8,CNG Bus,Urban (not London),0.00069444446126,3.27659035975e-05,1.71282354131e-05
2016,Scotland,1,7.4,8,Diesel Car,Urban (not London),0.000366908294382,2.76510927506e-05,2.30231980822e-05
2016,Scotland,1,7.4,8,E85 Bioethanol Cars,Urban (not London),0.000295895646559,8.18106218503e-06,4.52666836281e-06
2016,Scotland,1,7.4,8,E85 Bioethanol LGV,Urban (not London),0.000355103838956,1.14043714348e-05,6.23795813226e-06
2016,Scotland,1,7.4,8,FCEV Bus,Urban (not London),0.0,3.13770142384e-05,1.58087914315e-05
2016,Scotland,1,7.4,8,FCEV Cars,Urban (not London),0.0,7.75497937866e-06,4.12188956034e-06
2016,Scotland,1,7.4,8,FCEV LGV,Urban (not London),0.0,1.09782886284e-05,5.83317932978e-06
2016,Scotland,1,7.4,8,Full Hybrid Diesel Cars,Urban (not London),0.00027608484379,1.79600974661e-05,1.3816752471e-05
2016,Scotland,1,7.4,8,Full Hybrid Petrol Cars,Urban (not London),0.000217896289541,8.287583114e-06,4.62786329081e-06
2016,Scotland,1,7.4,8,Full Hybrid Petrol LGV,Urban (not London),1.3415158719e-05,1.11900071715e-05,6.03431180934e-06
2016,Scotland,1,7.4,8,Hybrid Bus,Urban (not London),0.00274155149236,5.11762082169e-05,3.4618027712e-05
2016,Scotland,1,7.4,8,LGV,Urban (not London),0.000475994107546,4.11604305555e-05,3.45062144333e-05
2016,Scotland,1,7.4,8,LPG Cars,Urban (not London),8.80555526237e-05,8.287583114e-06,4.62786329081e-06
2016,Scotland,1,7.4,8,LPG LGV,Urban (not London),0.000261580717051,1.15108923637e-05,6.33915260551e-06
2016,Scotland,1,7.4,8,Motorcycle,Urban (not London),6.41573569737e-05,7.3355031418e-06,5.47401123185e-06
2016,Scotland,1,7.4,8,Petrol Car,Urban (not London),0.000295895646559,8.287583114e-06,4.62786329081e-06
2016,Scotland,1,7.4,8,Plug-In Hybrid Petrol Cars,Urban (not London),4.35792571807e-05,7.8082393884e-06,4.17248702433e-06
2016,Scotland,1,7.4,8,Plug-In Hybrid Petrol LGV,Urban (not London),8.46194088808e-05,1.09974835141e-05,5.85141424381e-06
2016,Scotland,1,7.4,8,Rigid HGV,Urban (not London),0.00336765637621,0.000206748052733,0.000182783434866
2016,Scotland,1,7.4,9,Artic HGV,Urban (not London),0.00552122201771,0.000311861309456,0.000281013635686
2016,Scotland,1,7.4,9,B100 Artic HGV,Urban (not London),0.00667868088931,5.23658236489e-05,3.44929139828e-05
2016,Scotland,1,7.4,9,B100 Bus,Urban (not London),0.0045799841173,4.04652055295e-05,2.44425700657e-05
2016,Scotland,1,7.4,9,B100 Coach,Urban (not London),0.00632201088592,6.52221642667e-05,4.7961682867e-05
2016,Scotland,1,7.4,9,B100 Rigid HGV,Urban (not London),0.00409103464335,4.04329839512e-05,2.4784128982e-05
2016,Scotland,1,7.4,9,Battery EV Cars,Urban (not London),0.0,7.75497937866e-06,4.12188956034e-06
2016,Scotland,1,7.4,9,Battery EV LGV,Urban (not London),0.0,1.09782886284e-05,5.83317932978e-06
2016,Scotland,1,7.4,9,Biogas Bus,Urban (not London),0.00069444446126,3.27659035975e-05,1.71282354131e-05
2016,Scotland,1,7.4,9,Biomethane Bus,Urban (not London),0.00069444446126,3.27659035975e-05,1.71282354131e-05
2016,Scotland,1,7.4,9,Bus and Coach,Urban (not London),0.00460704695433,0.000219638823182,0.000194657521206
2016,Scotland,1,7.4,9,CNG Bus,Urban (not London),0.00069444446126,3.27659035975e-05,1.71282354131e-05
2016,Scotland,1,7.4,9,Diesel Car,Urban (not London),0.000366908294382,2.76510927506e-05,2.30231980822e-05
2016,Scotland,1,7.4,9,E85 Bioethanol Cars,Urban (not London),0.000291798205581,8.18106218503e-06,4.52666836281e-06
2016,Scotland,1,7.4,9,E85 Bioethanol LGV,Urban (not London),0.000354447285645,1.14043714348e-05,6.23795813226e-06
2016,Scotland,1,7.4,9,FCEV Bus,Urban (not London),0.0,3.13770142384e-05,1.58087914315e-05
2016,Scotland,1,7.4,9,FCEV Cars,Urban (not London),0.0,7.75497937866e-06,4.12188956034e-06
2016,Scotland,1,7.4,9,FCEV LGV,Urban (not London),0.0,1.09782886284e-05,5.83317932978e-06
2016,Scotland,1,7.4,9,Full Hybrid Diesel Cars,Urban (not London),0.00027608484379,1.79600974661e-05,1.3816752471e-05
2016,Scotland,1,7.4,9,Full Hybrid Petrol Cars,Urban (not London),0.000217896289541,8.287583114e-06,4.62786329081e-06
2016,Scotland,1,7.4,9,Full Hybrid Petrol LGV,Urban (not London),1.33628445838e-05,1.11900071715e-05,6.03431180934e-06
2016,Scotland,1,7.4,9,Hybrid Bus,Urban (not London),0.00250743003562,5.11762082169e-05,3.4618027712e-05
2016,Scotland,1,7.4,9,LGV,Urban (not London),0.000475972628919,4.11604305555e-05,3.45062144333e-05
2016,Scotland,1,7.4,9,LPG Cars,Urban (not London),8.80555526237e-05,8.287583114e-06,4.62786329081e-06
2016,Scotland,1,7.4,9,LPG LGV,Urban (not London),0.000261580717051,1.15108923637e-05,6.33915260551e-06
2016,Scotland,1,7.4,9,Motorcycle,Urban (not London),6.41573569737e-05,7.3355031418e-06,5.47401123185e-06
2016,Scotland,1,7.4,9,Petrol Car,Urban (not London),0.000291798205581,8.287583114e-06,4.62786329081e-06
2016,Scotland,1,7.4,9,Plug-In Hybrid Petrol Cars,Urban (not London),4.35792571807e-05,7.8082393884e-06,4.17248702433e-06
2016,Scotland,1,7.4,9,Plug-In Hybrid Petrol LGV,Urban (not London),8.46194088808e-05,1.09969369078e-05,5.85089537708e-06
2016,Scotland,1,7.4,9,Rigid HGV,Urban (not London),0.00336765637621,0.000206748052733,0.000182783434866
2016,Scotland,1,7.4,10,Artic HGV,Urban (not London),0.00552122201771,0.000311861309456,0.000281013635686
2016,Scotland,1,7.4,10,B100 Artic HGV,Urban (not London),0.00667868088931,5.23658236489e-05,3.44929139828e-05
2016,Scotland,1,7.4,10,B100 Bus,Urban (not London),0.0045799841173,4.04652055295e-05,2.44425700657e-05
2016,Scotland,1,7.4,10,B100 Coach,Urban (not London),0.00632201088592,6.52221642667e-05,4.7961682867e-05
2016,Scotland,1,7.4,10,B100 Rigid HGV,Urban (not London),0.00409103464335,4.04329839512e-05,2.4784128982e-05
2016,Scotland,1,7.4,10,Battery EV Cars,Urban (not London),0.0,7.75497937866e-06,4.12188956034e-06
2016,Scotland,1,7.4,10,Battery EV LGV,Urban (not London),0.0,1.09782886284e-05,5.83317932978e-06
2016,Scotland,1,7.4,10,Biogas Bus,Urban (not London),0.00069444446126,3.27659035975e-05,1.71282354131e-05
2016,Scotland,1,7.4,10,Biomethane Bus,Urban (not London),0.00069444446126,3.27659035975e-05,1.71282354131e-05
2016,Scotland,1,7.4,10,Bus and Coach,Urban (not London),0.00460704695433,0.000219638823182,0.000194657521206
2016,Scotland,1,7.4,10,CNG Bus,Urban (not London),0.00069444446126,3.27659035975e-05,1.71282354131e-05
2016,Scotland,1,7.4,10,Diesel Car,Urban (not London),0.000366908294382,2.76510927506e-05,2.30231980822e-05
2016,Scotland,1,7.4,10,E85 Bioethanol Cars,Urban (not London),0.000287791976007,8.18106218503e-06,4.52666836281e-06
2016,Scotland,1,7.4,10,E85 Bioethanol LGV,Urban (not London),0.000353805342456,1.14043714348e-05,6.23795813226e-06
2016,Scotland,1,7.4,10,FCEV Bus,Urban (not London),0.0,3.13770142384e-05,1.58087914315e-05
2016,Scotland,1,7.4,10,FCEV Cars,Urban (not London),0.0,7.75497937866e-06,4.12188956034e-06
2016,Scotland,1,7.4,10,FCEV LGV,Urban (not London),0.0,1.09782886284e-05,5.83317932978e-06
2016,Scotland,1,7.4,10,Full Hybrid Diesel Cars,Urban (not London),0.00027608484379,1.79600974661e-05,1.3816752471e-05
2016,Scotland,1,7.4,10,Full Hybrid Petrol Cars,Urban (not London),0.000217896289541,8.287583114e-06,4.62786329081e-06
2016,Scotland,1,7.4,10,Full Hybrid Petrol LGV,Urban (not London),1.3311038856e-05,1.11900071715e-05,6.03431180934e-06
2016,Scotland,1,7.4,10,Hybrid Bus,Urban (not London),0.00231695338152,5.11762082169e-05,3.4618027712e-05
2016,Scotland,1,7.4,10,LGV,Urban (not London),0.000475951615954,4.11604305555e-05,3.45062144333e-05
2016,Scotland,1,7.4,10,LPG Cars,Urban (not London),8.80555526237e-05,8.287583114e-06,4.62786329081e-06
2016,Scotland,1,7.4,10,LPG LGV,Urban (not London),0.000261580717051,1.15108923637e-05,6.33915260551e-06
2016,Scotland,1,7.4,10,Motorcycle,Urban (not London),6.41573569737e-05,7.3355031418e-06,5.47401123185e-06
2016,Scotland,1,7.4,10,Petrol Car,Urban (not London),0.000287791976007,8.287583114e-06,4.62786329081e-06
2016,Scotland,1,7.4,10,Plug-In Hybrid Petrol Cars,Urban (not London),4.35792571807e-05,7.8082393884e-06,4.17248702433e-06
2016,Scotland,1,7.4,10,Plug-In Hybrid Petrol LGV,Urban (not London),8.46194088808e-05,1.09964885269e-05,5.85046927881e-06
2016,Scotland,1,7.4,10,Rigid HGV,Urban (not London),0.00336765637621,0.000206748052733,0.000182783434866
2016,Scotland,1,7.4,12,Artic HGV,Urban (not London),0.00552122201771,0.000311861309456,0.000281013635686
2016,Scotland,1,7.4,12,B100 Artic HGV,Urban (not London),0.00667868088931,5.23658236489e-05,3.44929139828e-05
2016,Scotland,1,7.4,12,B100 Bus,Urban (not London),0.00432474305853,3.99880591431e-05,2.39892833633e-05
2016,Scotland,1,7.4,12,B100 Coach,Urban (not London),0.00632201088592,6.32153387414e-05,4.60551964352e-05
2016,Scotland,1,7.4,12,B100 Rigid HGV,Urban (not London),0.00409103464335,4.04329839512e-05,2.4784128982e-05
2016,Scotland,1,7.4,12,Battery EV Cars,Urban (not London),0.0,7.75497937866e-06,4.12188956034e-06
2016,Scotland,1,7.4,12,Battery EV LGV,Urban (not London),0.0,1.09782886284e-05,5.83317932978e-06
2016,Scotland,1,7.4,12,Biogas Bus,Urban (not London),0.00069444446126,3.27659035975e-05,1.71282354131e-05
2016,Scotland,1,7.4,12,Biomethane Bus,Urban (not London),0.00069444446126,3.27659035975e-05,1.71282354131e-05
2016,Scotland,1,7.4,12,Bus and Coach,Urban (not London),0.0044399802573,0.00021339255909,0.000188723555766
2016,Scotland,1,7.4,12,CNG Bus,Urban (not London),0.00069444446126,3.27659035975e-05,1.71282354131e-05
2016,Scotland,1,7.4,12,Diesel Car,Urban (not London),0.000331155228196,2.68648345809e-05,2.22762519115e-05
2016,Scotland,1,7.4,12,E85 Bioethanol Cars,Urban (not London),0.000280743930489,8.18106218503e-06,4.52666836281e-06
2016,Scotland,1,7.4,12,E85 Bioethanol LGV,Urban (not London),0.000348575675162,1.14043714348e-05,6.23795813226e-06
2016,Scotland,1,7.4,12,FCEV Bus,Urban (not London),0.0,3.13770142384e-05,1.58087914315e-05
2016,Scotland,1,7.4,12,FCEV Cars,Urban (not London),0.0,7.75497937866e-06,4.12188956034e-06
2016,Scotland,1,7.4,12,FCEV LGV,Urban (not London),0.0,1.09782886284e-05,5.83317932978e-06
2016,Scotland,1,7.4,12,Full Hybrid Diesel Cars,Urban (not London),0.000260619359324,1.77238871402e-05,1.35923519338e-05
2016,Scotland,1,7.4,12,Full Hybrid Petrol Cars,Urban (not London),0.000219869747525,8.287583114e-06,4.62786329081e-06
2016,Scotland,1,7.4,12,Full Hybrid Petrol LGV,Urban (not London),1.29564023155e-05,1.11900071715e-05,6.03431180934e-06
2016,Scotland,1,7.4,12,Hybrid Bus,Urban (not London),0.00201882841066,4.91463833896e-05,3.26896915794e-05
2016,Scotland,1,7.4,12,LGV,Urban (not London),0.000460091105197,3.95970055251e-05,3.30209586537e-05
2016,Scotland,1,7.4,12,LPG Cars,Urban (not London),8.80555526237e-05,8.287583114e-06,4.62786329081e-06
2016,Scotland,1,7.4,12,LPG LGV,Urban (not London),0.000251243560342,1.15108923637e-05,6.33915260551e-06
2016,Scotland,1,7.4,12,Motorcycle,Urban (not London),6.1869934143e-05,7.3355031418e-06,5.47401123185e-06
2016,Scotland,1,7.4,12,Petrol Car,Urban (not London),0.000280743930489,8.287583114e-06,4.62786329081e-06
2016,Scotland,1,7.4,12,Plug-In Hybrid Petrol Cars,Urban (not London),4.39739524154e-05,7.8082393884e-06,4.17248702433e-06
2016,Scotland,1,7.4,12,Plug-In Hybrid Petrol LGV,Urban (not London),8.60859145178e-05,1.09954644358e-05,5.84949657423e-06
2016,Scotland,1,7.4,12,Rigid HGV,Urban (not London),0.00336765637621,0.000206748052733,0.000182783434866
2016,Scotland,1,7.4,14,Artic HGV,Urban (not London),0.00511376094073,0.000290480034892,0.000260701403022
2016,Scotland,1,7.4,14,B100 Artic HGV,Urban (not London),0.00615450460464,5.11898542754e-05,3.33757416229e-05
2016,Scotland,1,7.4,14,B100 Bus,Urban (not London),0.00392568437383,3.91742214561e-05,2.32161364693e-05
2016,Scotland,1,7.4,14,B100 Coach,Urban (not London),0.00561618898064,5.96350291744e-05,4.26539045293e-05
2016,Scotland,1,7.4,14,B100 Rigid HGV,Urban (not London),0.00373705918901,3.93038753828e-05,2.37114745687e-05
2016,Scotland,1,7.4,14,Battery EV Cars,Urban (not London),0.0,7.75497937866e-06,4.12188956034e-06
2016,Scotland,1,7.4,14,Battery EV LGV,Urban (not London),0.0,1.09782886284e-05,5.83317932978e-06
2016,Scotland,1,7.4,14,Biogas Bus,Urban (not London),0.00069444446126,3.27659035975e-05,1.71282354131e-05
2016,Scotland,1,7.4,14,Biomethane Bus,Urban (not London),0.00069444446126,3.27659035975e-05,1.71282354131e-05
2016,Scotland,1,7.4,14,Bus and Coach,Urban (not London),0.00399911403656,0.000194691805518,0.000170957835508
2016,Scotland,1,7.4,14,CNG Bus,Urban (not London),0.00069444446126,3.27659035975e-05,1.71282354131e-05
2016,Scotland,1,7.4,14,Diesel Car,Urban (not London),0.000302611559164,2.61173572653e-05,2.15661475522e-05
2016,Scotland,1,7.4,14,E85 Bioethanol Cars,Urban (not London),0.000274100631941,8.18106218503e-06,4.52666836281e-06
2016,Scotland,1,7.4,14,E85 Bioethanol LGV,Urban (not London),0.000343640567735,1.14043714348e-05,6.23795813226e-06
2016,Scotland,1,7.4,14,FCEV Bus,Urban (not London),0.0,3.13770142384e-05,1.58087914315e-05
2016,Scotland,1,7.4,14,FCEV Cars,Urban (not London),0.0,7.75497937866e-06,4.12188956034e-06
2016,Scotland,1,7.4,14,FCEV LGV,Urban (not London),0.0,1.09782886284e-05,5.83317932978e-06
2016,Scotland,1,7.4,14,Full Hybrid Diesel Cars,Urban (not London),0.000248000113061,1.74947872438e-05,1.33747062137e-05
2016,Scotland,1,7.4,14,Full Hybrid Petrol Cars,Urban (not London),0.000221957074245,8.287583114e-06,4.62786329081e-06
2016,Scotland,1,7.4,14,Full Hybrid Petrol LGV,Urban (not London),1.261419402e-05,1.11900071715e-05,6.03431180934e-06
2016,Scotland,1,7.4,14,Hybrid Bus,Urban (not London),0.00179031398147,4.75735869259e-05,3.11955336656e-05
2016,Scotland,1,7.4,14,LGV,Urban (not London),0.000445163779659,3.81059762731e-05,3.16044825013e-05
2016,Scotland,1,7.4,14,LPG Cars,Urban (not London),8.80555526237e-05,8.287583114e-06,4.62786329081e-06
2016,Scotland,1,7.4,14,LPG LGV,Urban (not London),0.000241842586547,1.15108923637e-05,6.33915260551e-06
2016,Scotland,1,7.4,14,Motorcycle,Urban (not London),6.00871426286e-05,7.3355031418e-06,5.47401123185e-06
2016,Scotland,1,7.4,14,Petrol Car,Urban (not London),0.000274100631941,8.287583114e-06,4.62786329081e-06
2016,Scotland,1,7.4,14,Plug-In Hybrid Petrol Cars,Urban (not London),4.43914141215e-05,7.8082393884e-06,4.17248702433e-06
2016,Scotland,1,7.4,14,Plug-In Hybrid Petrol LGV,Urban (not London),8.75659025041e-05,1.099475503e-05,5.84882218391e-06
2016,Scotland,1,7.4,14,Rigid HGV,Urban (not London),0.00309028150514,0.000186218763702,0.000163280608831
2016,Scotland,1,7.4,16,Artic HGV,Urban (not London),0.0047857966274,0.000271152268397,0.000242340043769
2016,Scotland,1,7.4,16,B100 Artic HGV,Urban (not London),0.00573557941243,5.01268259541e-05,3.23658678099e-05
2016,Scotland,1,7.4,16,B100 Bus,Urban (not London),0.0036260925699,3.85048588214e-05,2.25802432396e-05
2016,Scotland,1,7.4,16,B100 Coach,Urban (not London),0.00507896579802,5.68622053834e-05,4.00197241106e-05
2016,Scotland,1,7.4,16,B100 Rigid HGV,Urban (not London),0.00346160726622,3.84318263968e-05,2.28830267588e-05
2016,Scotland,1,7.4,16,Battery EV Cars,Urban (not London),0.0,7.75497937866e-06,4.12188956034e-06
2016,Scotland,1,7.4,16,Battery EV LGV,Urban (not London),0.0,1.09782886284e-05,5.83317932978e-06
2016,Scotland,1,7.4,16,Biogas Bus,Urban (not London),0.00069444446126,3.27659035975e-05,1.71282354131e-05
2016,Scotland,1,7.4,16,Biomethane Bus,Urban (not London),0.00069444446126,3.27659035975e-05,1.71282354131e-05
2016,Scotland,1,7.4,16,Bus and Coach,Urban (not London),0.0036662700586,0.000179752474651,0.000156765483553
2016,Scotland,1,7.4,16,CNG Bus,Urban (not London),0.00069444446126,3.27659035975e-05,1.71282354131e-05
2016,Scotland,1,7.4,16,Diesel Car,Urban (not London),0.000279396859696,2.54086608038e-05,2.08928868233e-05
2016,Scotland,1,7.4,16,E85 Bioethanol Cars,Urban (not London),0.000267862022156,8.18106218503e-06,4.52666836281e-06
2016,Scotland,1,7.4,16,E85 Bioethanol LGV,Urban (not London),0.00033900004928,1.14043714348e-05,6.23795813226e-06
2016,Scotland,1,7.4,16,FCEV Bus,Urban (not London),0.0,3.13770142384e-05,1.58087914315e-05
2016,Scotland,1,7.4,16,FCEV Cars,Urban (not London),0.0,7.75497937866e-06,4.12188956034e-06
2016,Scotland,1,7.4,16,FCEV LGV,Urban (not London),0.0,1.09782886284e-05,5.83317932978e-06
2016,Scotland,1,7.4,16,Full Hybrid Diesel Cars,Urban (not London),0.00023726055224,1.7272795958e-05,1.31638162202e-05
2016,Scotland,1,7.4,16,Full Hybrid Petrol Cars,Urban (not London),0.000224158240599,8.287583114e-06,4.62786329081e-06
2016,Scotland,1,7.4,16,Full Hybrid Petrol LGV,Urban (not London),1.22844139696e-05,1.11900071715e-05,6.03431180934e-06
2016,Scotland,1,7.4,16,Hybrid Bus,Urban (not London),0.00160647102166,4.63174837932e-05,3.00022365991e-05
2016,Scotland,1,7.4,16,LGV,Urban (not London),0.000431057298556,3.66873427993e-05,3.02567823383e-05
2016,Scotland,1,7.4,16,LPG Cars,Urban (not London),8.80555526237e-05,8.287583114e-06,4.62786329081e-06
2016,Scotland,1,7.4,16,LPG LGV,Urban (not London),0.000233199534705,1.15108923637e-05,6.33915260551e-06
2016,Scotland,1,7.4,16,Motorcycle,Urban (not London),5.87549511692e-05,7.3355031418e-06,5.47401123185e-06
2016,Scotland,1,7.4,16,Petrol Car,Urban (not London),0.000267862022156,8.287583114e-06,4.62786329081e-06
2016,Scotland,1,7.4,16,Plug-In Hybrid Petrol Cars,Urban (not London),4.48316495749e-05,7.8082393884e-06,4.17248702433e-06
2016,Scotland,1,7.4,16,Plug-In Hybrid Petrol LGV,Urban (not London),8.905937284e-05,1.09942875497e-05,5.84837789575e-06
2016,Scotland,1,7.4,16,Rigid HGV,Urban (not London),0.00287079019472,0.000170363331563,0.000148217950482
2016,Scotland,1,7.4,18,Artic HGV,Urban (not London),0.00451454753056,0.000253641948802,0.000225705240155
2016,Scotland,1,7.4,18,B100 Artic HGV,Urban (not London),0.00539127271622,4.91637583764e-05,3.14509525197e-05
2016,Scotland,1,7.4,18,B100 Bus,Urban (not London),0.00339138717391,3.79450939363e-05,2.20484671445e-05
2016,Scotland,1,7.4,18,B100 Coach,Urban (not London),0.00465612718835,5.4647334764e-05,3.79155935661e-05
2016,Scotland,1,7.4,18,B100 Rigid HGV,Urban (not London),0.00324074341916,3.77378419216e-05,2.22237413254e-05
2016,Scotland,1,7.4,18,Battery EV Cars,Urban (not London),0.0,7.75497937866e-06,4.12188956034e-06
2016,Scotland,1,7.4,18,Battery EV LGV,Urban (not London),0.0,1.09782886284e-05,5.83317932978e-06
2016,Scotland,1,7.4,18,Biogas Bus,Urban (not London),0.00069444446126,3.27659035975e-05,1.71282354131e-05
2016,Scotland,1,7.4,18,Biomethane Bus,Urban (not London),0.00069444446126,3.27659035975e-05,1.71282354131e-05
2016,Scotland,1,7.4,18,Bus and Coach,Urban (not London),0.00340501312166,0.000167518475791,0.000145143189002
2016,Scotland,1,7.4,18,CNG Bus,Urban (not London),0.00069444446126,3.27659035975e-05,1.71282354131e-05
2016,Scotland,1,7.4,18,Diesel Car,Urban (not London),0.0002602347231,2.47387451964e-05,2.02564679057e-05
2016,Scotland,1,7.4,18,E85 Bioethanol Cars,Urban (not London),0.000262028130237,8.18106218503e-06,4.52666836281e-06
2016,Scotland,1,7.4,18,E85 Bioethanol LGV,Urban (not London),0.000334654061589,1.14043714348e-05,6.23795813226e-06
2016,Scotland,1,7.4,18,FCEV Bus,Urban (not London),0.0,3.13770142384e-05,1.58087914315e-05
2016,Scotland,1,7.4,18,FCEV Cars,Urban (not London),0.0,7.75497937866e-06,4.12188956034e-06
2016,Scotland,1,7.4,18,FCEV LGV,Urban (not London),0.0,1.09782886284e-05,5.83317932978e-06
2016,Scotland,1,7.4,18,Full Hybrid Diesel Cars,Urban (not London),0.000227859200095,1.70579169207e-05,1.29596801344e-05
2016,Scotland,1,7.4,18,Full Hybrid Petrol Cars,Urban (not London),0.000226473261137,8.287583114e-06,4.62786329081e-06
2016,Scotland,1,7.4,18,Full Hybrid Petrol LGV,Urban (not London),1.19670639833e-05,1.11900071715e-05,6.03431180934e-06
2016,Scotland,1,7.4,18,Hybrid Bus,Urban (not London),0.00145406892989,4.5288074034e-05,2.90242969641e-05
2016,Scotland,1,7.4,18,LGV,Urban (not London),0.000417695409851,3.53411087417e-05,2.89778581646e-05
2016,Scotland,1,7.4,18,LPG Cars,Urban (not London),8.80555526237e-05,8.287583114e-06,4.62786329081e-06
2016,Scotland,1,7.4,18,LPG LGV,Urban (not London),0.000225193361985,1.15108923637e-05,6.33915260551e-06
2016,Scotland,1,7.4,18,Motorcycle,Urban (not London),5.78239560127e-05,7.3355031418e-06,5.47401123185e-06
2016,Scotland,1,7.4,18,Petrol Car,Urban (not London),0.000262028130237,8.287583114e-06,4.62786329081e-06
2016,Scotland,1,7.4,18,Plug-In Hybrid Petrol Cars,Urban (not London),4.52946551377e-05,7.8082393884e-06,4.17248702433e-06
2016,Scotland,1,7.4,18,Plug-In Hybrid Petrol LGV,Urban (not London),9.05663255253e-05,1.09940092443e-05,5.84811368753e-06
2016,Scotland,1,7.4,18,Rigid HGV,Urban (not London),0.00269258348271,0.000157745409524,0.00013623094128
2016,Scotland,1,7.4,20,Artic HGV,Urban (not London),0.00428543286398,0.000237771135289,0.000210627957131
2016,Scotland,1,7.4,20,B100 Artic HGV,Urban (not London),0.00510209193453,4.82908617414e-05,3.06217043544e-05
2016,Scotland,1,7.4,20,B100 Bus,Urban (not London),0.00320153706707,3.74712617486e-05,2.15983254748e-05
2016,Scotland,1,7.4,20,B100 Coach,Urban (not London),0.00431459676474,5.28349846718e-05,3.6193861888e-05
2016,Scotland,1,7.4,20,B100 Rigid HGV,Urban (not London),0.00305952643976,3.71726200683e-05,2.16867811105e-05
2016,Scotland,1,7.4,20,Battery EV Cars,Urban (not London),0.0,7.75497937866e-06,4.12188956034e-06
2016,Scotland,1,7.4,20,Battery EV LGV,Urban (not London),0.0,1.09782886284e-05,5.83317932978e-06
2016,Scotland,1,7.4,20,Biogas Bus,Urban (not London),0.00069444446126,3.27659035975e-05,1.71282354131e-05
2016,Scotland,1,7.4,20,Biomethane Bus,Urban (not London),0.00069444446126,3.27659035975e-05,1.71282354131e-05
2016,Scotland,1,7.4,20,Bus and Coach,Urban (not London),0.00319381267764,0.000157314803801,0.000135449692607
2016,Scotland,1,7.4,20,CNG Bus,Urban (not London),0.00069444446126,3.27659035975e-05,1.71282354131e-05
2016,Scotland,1,7.4,20,Diesel Car,Urban (not London),0.000244228402153,2.4107610443e-05,1.96568889805e-05
2016,Scotland,1,7.4,20,E85 Bioethanol Cars,Urban (not London),0.000256031547906,8.18106218503e-06,4.52666836281e-06
2016,Scotland,1,7.4,20,E85 Bioethanol LGV,Urban (not London),0.000329903588863,1.14043714348e-05,6.23795813226e-06
2016,Scotland,1,7.4,20,FCEV Bus,Urban (not London),0.0,3.13770142384e-05,1.58087914315e-05
2016,Scotland,1,7.4,20,FCEV Cars,Urban (not London),0.0,7.75497937866e-06,4.12188956034e-06
2016,Scotland,1,7.4,20,FCEV LGV,Urban (not London),0.0,1.09782886284e-05,5.83317932978e-06
2016,Scotland,1,7.4,20,Full Hybrid Diesel Cars,Urban (not London),0.000219467459829,1.68501464941e-05,1.27622979562e-05
2016,Scotland,1,7.4,20,Full Hybrid Petrol Cars,Urban (not London),0.000228902150411,8.287583114e-06,4.62786329081e-06
2016,Scotland,1,7.4,20,Full Hybrid Petrol LGV,Urban (not London),1.15722568808e-05,1.11900071715e-05,6.03431180934e-06
2016,Scotland,1,7.4,20,Hybrid Bus,Urban (not London),0.00132508785464,4.44259931101e-05,2.8205320632e-05
2016,Scotland,1,7.4,20,LGV,Urban (not London),0.00040500171599,3.40672704624e-05,2.77677117992e-05
2016,Scotland,1,7.4,20,LPG Cars,Urban (not London),8.80555526237e-05,8.287583114e-06,4.62786329081e-06
2016,Scotland,1,7.4,20,LPG LGV,Urban (not London),0.000217739056097,1.15108923637e-05,6.33915260551e-06
2016,Scotland,1,7.4,20,Motorcycle,Urban (not London),5.72491808271e-05,7.3355031418e-06,5.47401123185e-06
2016,Scotland,1,7.4,20,Petrol Car,Urban (not London),0.000256031547906,8.287583114e-06,4.62786329081e-06
2016,Scotland,1,7.4,20,Plug-In Hybrid Petrol Cars,Urban (not London),4.57804308098e-05,7.8082393884e-06,4.17248702433e-06
2016,Scotland,1,7.4,20,Plug-In Hybrid Petrol LGV,Urban (not London),9.2086767836e-05,1.09938828246e-05,5.84799363423e-06
2016,Scotland,1,7.4,20,Rigid HGV,Urban (not London),0.00254503870383,0.000147468672367,0.000126468032249
2016,Scotland,1,7.4,25,Artic HGV,Urban (not London),0.0038394771982,0.000204391137231,0.000178916961886
2016,Scotland,1,7.4,25,B100 Artic HGV,Urban (not London),0.00454393122345,4.64549630124e-05,2.88775991066e-05
2016,Scotland,1,7.4,25,B100 Bus,Urban (not London),0.00285162893124,3.65618761862e-05,2.07344091905e-05
2016,Scotland,1,7.4,25,B100 Coach,Urban (not London),0.00369272613898,4.94714658998e-05,3.29985196004e-05
2016,Scotland,1,7.4,25,B100 Rigid HGV,Urban (not London),0.00272260955535,3.61339953088e-05,2.07000903174e-05
2016,Scotland,1,7.4,25,Battery EV Cars,Urban (not London),0.0,7.75497937866e-06,4.12188956034e-06
2016,Scotland,1,7.4,25,Battery EV LGV,Urban (not London),0.0,1.09782886284e-05,5.83317932978e-06
2016,Scotland,1,7.4,25,Biogas Bus,Urban (not London),0.00069444446126,3.27659035975e-05,1.71282354131e-05
2016,Scotland,1,7.4,25,Biomethane Bus,Urban (not London),0.00069444446126,3.27659035975e-05,1.71282354131e-05
2016,Scotland,1,7.4,25,Bus and Coach,Urban (not London),0.00280648749322,0.000138001691084,0.000117102237709
2016,Scotland,1,7.4,25,CNG Bus,Urban (not London),0.00069444446126,3.27659035975e-05,1.71282354131e-05
2016,Scotland,1,7.4,25,Diesel Car,Urban (not London),0.000214164421777,2.26994416153e-05,1.83191277756e-05
2016,Scotland,1,7.4,25,E85 Bioethanol Cars,Urban (not London),0.000241664165515,8.18106218503e-06,4.52666836281e-06
2016,Scotland,1,7.4,25,E85 Bioethanol LGV,Urban (not London),0.000317809579428,1.14043714348e-05,6.23795813226e-06
2016,Scotland,1,7.4,25,FCEV Bus,Urban (not London),0.0,3.13770142384e-05,1.58087914315e-05
2016,Scotland,1,7.4,25,FCEV Cars,Urban (not London),0.0,7.75497937866e-06,4.12188956034e-06
2016,Scotland,1,7.4,25,FCEV LGV,Urban (not London),0.0,1.09782886284e-05,5.83317932978e-06
2016,Scotland,1,7.4,25,Full Hybrid Diesel Cars,Urban (not London),0.000201674178243,1.63618296938e-05,1.22983965412e-05
2016,Scotland,1,7.4,25,Full Hybrid Petrol Cars,Urban (not London),0.000235472456552,8.287583114e-06,4.62786329081e-06
2016,Scotland,1,7.4,25,Full Hybrid Petrol LGV,Urban (not London),1.0447751265e-05,1.11900071715e-05,6.03431180934e-06
2016,Scotland,1,7.4,25,Hybrid Bus,Urban (not London),0.00107416033279,4.27667000622e-05,2.66289898718e-05
2016,Scotland,1,7.4,25,LGV,Urban (not London),0.00037601130316,3.1199411751e-05,2.50432458415e-05
2016,Scotland,1,7.4,25,LPG Cars,Urban (not London),8.80555526237e-05,8.287583114e-06,4.62786329081e-06
2016,Scotland,1,7.4,25,LPG LGV,Urban (not London),0.000201152201043,1.15108923637e-05,6.33915260551e-06
2016,Scotland,1,7.4,25,Motorcycle,Urban (not London),5.71132113691e-05,7.3355031418e-06,5.47401123185e-06
2016,Scotland,1,7.4,25,Petrol Car,Urban (not London),0.000241664165515,8.287583114e-06,4.62786329081e-06
2016,Scotland,1,7.4,25,Plug-In Hybrid Petrol Cars,Urban (not London),4.70944942208e-05,7.8082393884e-06,4.17248702433e-06
2016,Scotland,1,7.4,25,Plug-In Hybrid Petrol LGV,Urban (not London),9.59468598012e-05,1.09940701805e-05,5.84817144045e-06
2016,Scotland,1,7.4,25,Rigid HGV,Urban (not London),0.00226838607341,0.000128584622871,0.000108528183773
2016,Scotland,1,7.4,30,Artic HGV,Urban (not London),0.0035116521176,0.000178724832949,0.000154533976456
2016,Scotland,1,7.4,30,B100 Artic HGV,Urban (not London),0.00413803802803,4.50433180958e-05,2.7536534617e-05
2016,Scotland,1,7.4,30,B100 Bus,Urban (not London),0.00260876538232,3.59246332664e-05,2.01290295081e-05
2016,Scotland,1,7.4,30,B100 Coach,Urban (not London),0.00327402632684,4.71479797852e-05,3.0791208701e-05
2016,Scotland,1,7.4,30,B100 Rigid HGV,Urban (not London),0.00249059172347,3.54298172169e-05,2.00311169465e-05
2016,Scotland,1,7.4,30,Battery EV Cars,Urban (not London),0.0,7.75497937866e-06,4.12188956034e-06
2016,Scotland,1,7.4,30,Battery EV LGV,Urban (not London),0.0,1.09782886284e-05,5.83317932978e-06
2016,Scotland,1,7.4,30,Biogas Bus,Urban (not London),0.00069444446126,3.27659035975e-05,1.71282354131e-05
2016,Scotland,1,7.4,30,Biomethane Bus,Urban (not London),0.00069444446126,3.27659035975e-05,1.71282354131e-05
2016,Scotland,1,7.4,30,Bus and Coach,Urban (not London),0.00254094414413,0.000124536163639,0.000104309983726
2016,Scotland,1,7.4,30,CNG Bus,Urban (not London),0.00069444446126,3.27659035975e-05,1.71282354131e-05
2016,Scotland,1,7.4,30,Diesel Car,Urban (not London),0.000193763058633,2.15336531255e-05,1.72116288013e-05
2016,Scotland,1,7.4,30,E85 Bioethanol Cars,Urban (not London),0.000230199075304,8.18106218503e-06,4.52666836281e-06
2016,Scotland,1,7.4,30,E85 Bioethanol LGV,Urban (not London),0.000307896727463,1.14043714348e-05,6.23795813226e-06
2016,Scotland,1,7.4,30,FCEV Bus,Urban (not London),0.0,3.13770142384e-05,1.58087914315e-05
2016,Scotland,1,7.4,30,FCEV Cars,Urban (not London),0.0,7.75497937866e-06,4.12188956034e-06
2016,Scotland,1,7.4,30,FCEV LGV,Urban (not London),0.0,1.09782886284e-05,5.83317932978e-06
2016,Scotland,1,7.4,30,Full Hybrid Diesel Cars,Urban (not London),0.000187142431969,1.59179508046e-05,1.18767120512e-05
2016,Scotland,1,7.4,30,Full Hybrid Petrol Cars,Urban (not London),0.0002427543659,8.287583114e-06,4.62786329081e-06
2016,Scotland,1,7.4,30,Full Hybrid Petrol LGV,Urban (not London),9.44911244005e-06,1.11900071715e-05,6.03431180934e-06
2016,Scotland,1,7.4,30,Hybrid Bus,Urban (not London),0.000891491537914,4.15602153225e-05,2.54828319157e-05
2016,Scotland,1,7.4,30,LGV,Urban (not London),0.000350750022335,2.87840302917e-05,2.27486343647e-05
2016,Scotland,1,7.4,30,LPG Cars,Urban (not London),8.80555526237e-05,8.287583114e-06,4.62786329081e-06
2016,Scotland,1,7.4,30,LPG LGV,Urban (not London),0.00018706053379,1.15108923637e-05,6.33915260551e-06
2016,Scotland,1,7.4,30,Motorcycle,Urban (not London),5.84296431043e-05,7.3355031418e-06,5.47401123185e-06
2016,Scotland,1,7.4,30,Petrol Car,Urban (not London),0.000230199075304,8.287583114e-06,4.62786329081e-06
2016,Scotland,1,7.4,30,Plug-In Hybrid Petrol Cars,Urban (not London),4.85508753627e-05,7.8082393884e-06,4.17248702433e-06
2016,Scotland,1,7.4,30,Plug-In Hybrid Petrol LGV,Urban (not London),9.98912291834e-05,1.09947841338e-05,5.8488499235e-06
2016,Scotland,1,7.4,30,Rigid HGV,Urban (not London),0.0020773881115,0.000115781323984,9.6365052741e-05
2016,Scotland,1,7.4,35,Artic HGV,Urban (not London),0.00325795309618,0.000159485382028,0.000136256494443
2016,Scotland,1,7.4,35,B100 Artic HGV,Urban (not London),0.00382683845237,4.39851464762e-05,2.65312737611e-05
2016,Scotland,1,7.4,35,B100 Bus,Urban (not London),0.00242782244459,3.54662661266e-05,1.96935816348e-05
2016,Scotland,1,7.4,35,B100 Coach,Urban (not London),0.00297436490655,4.54441287729e-05,2.91725500574e-05
2016,Scotland,1,7.4,35,B100 Rigid HGV,Urban (not London),0.00232227751985,3.49252659362e-05,1.95517950488e-05
2016,Scotland,1,7.4,35,Battery EV Cars,Urban (not London),0.0,7.75497937866e-06,4.12188956034e-06
2016,Scotland,1,7.4,35,Battery EV LGV,Urban (not London),0.0,1.09782886284e-05,5.83317932978e-06
2016,Scotland,1,7.4,35,Biogas Bus,Urban (not London),0.00069444446126,3.27659035975e-05,1.71282354131e-05
2016,Scotland,1,7.4,35,Biomethane Bus,Urban (not London),0.00069444446126,3.27659035975e-05,1.71282354131e-05
2016,Scotland,1,7.4,35,Bus and Coach,Urban (not London),0.00234623113647,0.000114761140139,9.50237154029e-05
2016,Scotland,1,7.4,35,CNG Bus,Urban (not London),0.00069444446126,3.27659035975e-05,1.71282354131e-05
2016,Scotland,1,7.4,35,Diesel Car,Urban (not London),0.000179645532626,2.06102449738e-05,1.63343920576e-05
2016,Scotland,1,7.4,35,E85 Bioethanol Cars,Urban (not London),0.000221526279347,8.18106218503e-06,4.52666836281e-06
2016,Scotland,1,7.4,35,E85 Bioethanol LGV,Urban (not London),0.000300081010209,1.14043714348e-05,6.23795813226e-06
2016,Scotland,1,7.4,35,FCEV Bus,Urban (not London),0.0,3.13770142384e-05,1.58087914315e-05
2016,Scotland,1,7.4,35,FCEV Cars,Urban (not London),0.0,7.75497937866e-06,4.12188956034e-06
2016,Scotland,1,7.4,35,FCEV LGV,Urban (not London),0.0,1.09782886284e-05,5.83317932978e-06
2016,Scotland,1,7.4,35,Full Hybrid Diesel Cars,Urban (not London),0.000175001594471,1.55185116455e-05,1.14972444862e-05
2016,Scotland,1,7.4,35,Full Hybrid Petrol Cars,Urban (not London),0.000250747863902,8.287583114e-06,4.62786329081e-06
2016,Scotland,1,7.4,35,Full Hybrid Petrol LGV,Urban (not London),8.56738734001e-06,1.11900071715e-05,6.03431180934e-06
2016,Scotland,1,7.4,35,Hybrid Bus,Urban (not London),0.000753102242015,4.06351973652e-05,2.46040654019e-05
2016,Scotland,1,7.4,35,LGV,Urban (not London),0.000329013360897,2.68211315415e-05,2.08838791877e-05
2016,Scotland,1,7.4,35,LPG Cars,Urban (not London),8.80555526237e-05,8.287583114e-06,4.62786329081e-06
2016,Scotland,1,7.4,35,LPG LGV,Urban (not London),0.000175143708475,1.15108923637e-05,6.33915260551e-06
2016,Scotland,1,7.4,35,Motorcycle,Urban (not London),6.08062400715e-05,7.3355031418e-06,5.47401123185e-06
2016,Scotland,1,7.4,35,Petrol Car,Urban (not London),0.000221526279347,8.287583114e-06,4.62786329081e-06
2016,Scotland,1,7.4,35,Plug-In Hybrid Petrol Cars,Urban (not London),5.01495742355e-05,7.8082393884e-06,4.17248702433e-06
2016,Scotland,1,7.4,35,Plug-In Hybrid Petrol LGV,Urban (not London),0.000103919868707,1.09958782559e-05,5.84988947594e-06
2016,Scotland,1,7.4,35,Rigid HGV,Urban (not London),0.00193980056792,0.000106607702037,8.76501071616e-05
2016,Scotland,1,7.4,40,Artic HGV,Urban (not London),0.00305433571339,0.000145585843711,0.000123051926494
2016,Scotland,1,7.4,40,B100 Artic HGV,Urban (not London),0.00357914343476,4.32206725236e-05,2.58050222328e-05
2016,Scotland,1,7.4,40,B100 Bus,Urban (not London),0.00228632520884,3.51304915966e-05,1.9374592739e-05
2016,Scotland,1,7.4,40,B100 Coach,Urban (not London),0.00275073200464,4.41405754827e-05,2.79341747955e-05
2016,Scotland,1,7.4,40,B100 Rigid HGV,Urban (not London),0.00219595199451,3.45497574017e-05,1.91950621229e-05
2016,Scotland,1,7.4,40,Battery EV Cars,Urban (not London),0.0,7.75497937866e-06,4.12188956034e-06
2016,Scotland,1,7.4,40,Battery EV LGV,Urban (not London),0.0,1.09782886284e-05,5.83317932978e-06
2016,Scotland,1,7.4,40,Biogas Bus,Urban (not London),0.00069444446126,3.27659035975e-05,1.71282354131e-05
2016,Scotland,1,7.4,40,Biomethane Bus,Urban (not London),0.00069444446126,3.27659035975e-05,1.71282354131e-05
2016,Scotland,1,7.4,40,Bus and Coach,Urban (not London),0.00219669006765,0.000107458043203,8.80857696757e-05
2016,Scotland,1,7.4,40,CNG Bus,Urban (not London),0.00069444446126,3.27659035975e-05,1.71282354131e-05
2016,Scotland,1,7.4,40,Diesel Car,Urban (not London),0.000169879276655,1.99292189791e-05,1.56874175445e-05
2016,Scotland,1,7.4,40,E85 Bioethanol Cars,Urban (not London),0.000215535794268,8.18106218503e-06,4.52666836281e-06
2016,Scotland,1,7.4,40,E85 Bioethanol LGV,Urban (not London),0.000294278404908,1.14043714348e-05,6.23795813226e-06
2016,Scotland,1,7.4,40,FCEV Bus,Urban (not London),0.0,3.13770142384e-05,1.58087914315e-05
2016,Scotland,1,7.4,40,FCEV Cars,Urban (not London),0.0,7.75497937866e-06,4.12188956034e-06
2016,Scotland,1,7.4,40,FCEV LGV,Urban (not London),0.0,1.09782886284e-05,5.83317932978e-06
2016,Scotland,1,7.4,40,Full Hybrid Diesel Cars,Urban (not London),0.000164784520166,1.51635103975e-05,1.11599938464e-05
2016,Scotland,1,7.4,40,Full Hybrid Petrol Cars,Urban (not London),0.000259452965111,8.287583114e-06,4.62786329081e-06
2016,Scotland,1,7.4,40,Full Hybrid Petrol LGV,Urban (not London),7.79362380854e-06,1.11900071715e-05,6.03431180934e-06
2016,Scotland,1,7.4,40,Hybrid Bus,Urban (not London),0.00064565485809,3.99064338126e-05,2.39117398451e-05
2016,Scotland,1,7.4,40,LGV,Urban (not London),0.000310683069983,2.53107118624e-05,1.94489803107e-05
2016,Scotland,1,7.4,40,LPG Cars,Urban (not London),8.80555526237e-05,8.287583114e-06,4.62786329081e-06
2016,Scotland,1,7.4,40,LPG LGV,Urban (not London),0.000165218487382,1.15108923637e-05,6.33915260551e-06
2016,Scotland,1,7.4,40,Motorcycle,Urban (not London),6.39694699203e-05,7.3355031418e-06,5.47401123185e-06
2016,Scotland,1,7.4,40,Petrol Car,Urban (not London),0.000215535794268,8.287583114e-06,4.62786329081e-06
2016,Scotland,1,7.4,40,Plug-In Hybrid Petrol Cars,Urban (not London),5.18905908393e-05,7.8082393884e-06,4.17248702433e-06
2016,Scotland,1,7.4,40,Plug-In Hybrid Petrol LGV,Urban (not London),0.000108032785647,1.09972661448e-05,5.85120733376e-06
2016,Scotland,1,7.4,40,Rigid HGV,Urban (not London),0.0018379642861,9.97802708298e-05,8.11640493339e-05
2016,Scotland,1,7.4,45,Artic HGV,Urban (not London),0.00288640800864,0.000136046743137,0.000113989786769
2016,Scotland,1,7.4,45,B100 Artic HGV,Urban (not London),0.00337641919032,4.26960214099e-05,2.53066045843e-05
2016,Scotland,1,7.4,45,B100 Bus,Urban (not London),0.00217172107659,3.4881173633e-05,1.91377421288e-05
2016,Scotland,1,7.4,45,B100 Coach,Urban (not London),0.00257879123092,4.31112421211e-05,2.695630792e-05
2016,Scotland,1,7.4,45,B100 Rigid HGV,Urban (not London),0.00209901528433,3.42626553902e-05,1.89223155758e-05
2016,Scotland,1,7.4,45,Battery EV Cars,Urban (not London),0.0,7.75497937866e-06,4.12188956034e-06
2016,Scotland,1,7.4,45,Battery EV LGV,Urban (not London),0.0,1.09782886284e-05,5.83317932978e-06
2016,Scotland,1,7.4,45,Biogas Bus,Urban (not London),0.00069444446126,3.27659035975e-05,1.71282354131e-05
2016,Scotland,1,7.4,45,Biomethane Bus,Urban (not London),0.00069444446126,3.27659035975e-05,1.71282354131e-05
2016,Scotland,1,7.4,45,Bus and Coach,Urban (not London),0.00207790965214,0.000101879355498,8.27860130812e-05
2016,Scotland,1,7.4,45,CNG Bus,Urban (not London),0.00069444446126,3.27659035975e-05,1.71282354131e-05
2016,Scotland,1,7.4,45,Diesel Car,Urban (not London),0.000163281962159,1.94905733224e-05,1.52707034431e-05
2016,Scotland,1,7.4,45,E85 Bioethanol Cars,Urban (not London),0.000212117651245,8.18106218503e-06,4.52666836281e-06
2016,Scotland,1,7.4,45,E85 Bioethanol LGV,Urban (not London),0.000290404830594,1.14043714348e-05,6.23795813226e-06
2016,Scotland,1,7.4,45,FCEV Bus,Urban (not London),0.0,3.13770142384e-05,1.58087914315e-05
2016,Scotland,1,7.4,45,FCEV Cars,Urban (not London),0.0,7.75497937866e-06,4.12188956034e-06
2016,Scotland,1,7.4,45,FCEV LGV,Urban (not London),0.0,1.09782886284e-05,5.83317932978e-06
2016,Scotland,1,7.4,45,Full Hybrid Diesel Cars,Urban (not London),0.000156213005539,1.48529488797e-05,1.08649601316e-05
2016,Scotland,1,7.4,45,Full Hybrid Petrol Cars,Urban (not London),0.00026886962587,8.287583114e-06,4.62786329081e-06
2016,Scotland,1,7.4,45,Full Hybrid Petrol LGV,Urban (not London),7.1188687798e-06,1.11900071715e-05,6.03431180934e-06
2016,Scotland,1,7.4,45,Hybrid Bus,Urban (not London),0.000561089836992,3.93306436308e-05,2.33647388086e-05
2016,Scotland,1,7.4,45,LGV,Urban (not London),0.000295685837045,2.42527712544e-05,1.84439377335e-05
2016,Scotland,1,7.4,45,LPG Cars,Urban (not London),8.80555526237e-05,8.287583114e-06,4.62786329081e-06
2016,Scotland,1,7.4,45,LPG LGV,Urban (not London),0.000157172777108,1.15108923637e-05,6.33915260551e-06
2016,Scotland,1,7.4,45,Motorcycle,Urban (not London),6.77450807416e-05,7.3355031418e-06,5.47401123185e-06
2016,Scotland,1,7.4,45,Petrol Car,Urban (not London),0.000212117651245,8.287583114e-06,4.62786329081e-06
2016,Scotland,1,7.4,45,Plug-In Hybrid Petrol Cars,Urban (not London),5.3773928812e-05,7.8082393884e-06,4.17248702433e-06
2016,Scotland,1,7.4,45,Plug-In Hybrid Petrol LGV,Urban (not London),0.000112229980004,1.09988914119e-05,5.85275211051e-06
2016,Scotland,1,7.4,45,Rigid HGV,Urban (not London),0.00176131457556,9.4560215075e-05,7.62049967307e-05
2016,Scotland,1,7.4,50,Artic HGV,Urban (not London),0.00274496013299,0.000129951833514,0.000108199630631
2016,Scotland,1,7.4,50,B100 Artic HGV,Urban (not London),0.00320688146167,4.23608034907e-05,2.49881450145e-05
2016,Scotland,1,7.4,50,B100 Bus,Urban (not London),0.00207639951259,3.46941560565e-05,1.89600759768e-05
2016,Scotland,1,7.4,50,B100 Coach,Urban (not London),0.00244371220469,4.22783341492e-05,2.61650438915e-05
2016,Scotland,1,7.4,50,B100 Rigid HGV,Urban (not London),0.00202362798154,3.40389124176e-05,1.8709759388e-05
2016,Scotland,1,7.4,50,Battery EV Cars,Urban (not London),0.0,7.75497937866e-06,4.12188956034e-06
2016,Scotland,1,7.4,50,Battery EV LGV,Urban (not London),0.0,1.09782886284e-05,5.83317932978e-06
2016,Scotland,1,7.4,50,Biogas Bus,Urban (not London),0.00069444446126,3.27659035975e-05,1.71282354131e-05
2016,Scotland,1,7.4,50,Biomethane Bus,Urban (not London),0.00069444446126,3.27659035975e-05,1.71282354131e-05
2016,Scotland,1,7.4,50,Bus and Coach,Urban (not London),0.00198113382794,9.75402945187e-05,7.86639066064e-05
2016,Scotland,1,7.4,50,CNG Bus,Urban (not London),0.00069444446126,3.27659035975e-05,1.71282354131e-05
2016,Scotland,1,7.4,50,Diesel Car,Urban (not London),0.000159092523973,1.92943080037e-05,1.50842524818e-05
2016,Scotland,1,7.4,50,E85 Bioethanol Cars,Urban (not London),0.000211161852349,8.18106218503e-06,4.52666836281e-06
2016,Scotland,1,7.4,50,E85 Bioethanol LGV,Urban (not London),0.000288376264507,1.14043714348e-05,6.23795813226e-06
2016,Scotland,1,7.4,50,FCEV Bus,Urban (not London),0.0,3.13770142384e-05,1.58087914315e-05
2016,Scotland,1,7.4,50,FCEV Cars,Urban (not London),0.0,7.75497937866e-06,4.12188956034e-06
2016,Scotland,1,7.4,50,FCEV LGV,Urban (not London),0.0,1.09782886284e-05,5.83317932978e-06
2016,Scotland,1,7.4,50,Full Hybrid Diesel Cars,Urban (not London),0.000149111278006,1.45868261825e-05,1.06121442514e-05
2016,Scotland,1,7.4,50,Full Hybrid Petrol Cars,Urban (not London),0.000278997904388,8.287583114e-06,4.62786329081e-06
2016,Scotland,1,7.4,50,Full Hybrid Petrol LGV,Urban (not London),6.53417146168e-06,1.11900071715e-05,6.03431180934e-06
2016,Scotland,1,7.4,50,Hybrid Bus,Urban (not London),0.000494284555316,3.88853550248e-05,2.29417146329e-05
2016,Scotland,1,7.4,50,LGV,Urban (not London),0.000283973437035,2.36473133555e-05,1.78687514563e-05
2016,Scotland,1,7.4,50,LPG Cars,Urban (not London),8.80555526237e-05,8.287583114e-06,4.62786329081e-06
2016,Scotland,1,7.4,50,LPG LGV,Urban (not London),0.000150934400153,1.15108923637e-05,6.33915260551e-06
2016,Scotland,1,7.4,50,Motorcycle,Urban (not London),7.20386669855e-05,7.3355031418e-06,5.47401123185e-06
2016,Scotland,1,7.4,50,Petrol Car,Urban (not London),0.000211161852349,8.287583114e-06,4.62786329081e-06
2016,Scotland,1,7.4,50,Plug-In Hybrid Petrol Cars,Urban (not London),5.57995808776e-05,7.8082393884e-06,4.17248702433e-06
2016,Scotland,1,7.4,50,Plug-In Hybrid Petrol LGV,Urban (not London),0.000116511451779,1.10007222247e-05,5.85449106438e-06
2016,Scotland,1,7.4,50,Rigid HGV,Urban (not London),0.00170312332921,9.04921544134e-05,7.23403427401e-05
2016,Scotland,1,7.4,60,Artic HGV,Urban (not London),0.00251855025999,0.00012461359438,0.00010312829545
2016,Scotland,1,7.4,60,B100 Artic HGV,Urban (not London),0.00293817953207,4.20672004111e-05,2.47092229984e-05
2016,Scotland,1,7.4,60,B100 Bus,Urban (not London),0.00192555377726,3.44454019796e-05,1.87237601494e-05
2016,Scotland,1,7.4,60,B100 Coach,Urban (not London),0.00224899942987,4.10151660617e-05,2.49650347541e-05
2016,Scotland,1,7.4,60,B100 Rigid HGV,Urban (not London),0.00191855488811,3.37218298228e-05,1.84085292858e-05
2016,Scotland,1,7.4,60,Battery EV Cars,Urban (not London),0.0,7.75497937866e-06,4.12188956034e-06
2016,Scotland,1,7.4,60,Battery EV LGV,Urban (not London),0.0,1.09782886284e-05,5.83317932978e-06
2016,Scotland,1,7.4,60,Biogas Bus,Urban (not London),0.00069444446126,3.27659035975e-05,1.71282354131e-05
2016,Scotland,1,7.4,60,Biomethane Bus,Urban (not London),0.00069444446126,3.27659035975e-05,1.71282354131e-05
2016,Scotland,1,7.4,60,Bus and Coach,Urban (not London),0.00183283514343,9.13717667572e-05,7.28038066882e-05
2016,Scotland,1,7.4,60,CNG Bus,Urban (not London),0.00069444446126,3.27659035975e-05,1.71282354131e-05
2016,Scotland,1,7.4,60,Diesel Car,Urban (not London),0.00015605808585,1.96289238374e-05,1.54021363414e-05
2016,Scotland,1,7.4,60,E85 Bioethanol Cars,Urban (not London),0.000216197324335,7.9984556578e-06,4.35319179815e-06
2016,Scotland,1,7.4,60,E85 Bioethanol LGV,Urban (not London),0.000289518007776,1.12217649075e-05,6.06448156759e-06
2016,Scotland,1,7.4,60,FCEV Bus,Urban (not London),0.0,3.13770142384e-05,1.58087914315e-05
2016,Scotland,1,7.4,60,FCEV Cars,Urban (not London),0.0,7.75497937866e-06,4.12188956034e-06
2016,Scotland,1,7.4,60,FCEV LGV,Urban (not London),0.0,1.09782886284e-05,5.83317932978e-06
2016,Scotland,1,7.4,60,Full Hybrid Diesel Cars,Urban (not London),0.000138907809742,1.41878972499e-05,1.02331614471e-05
2016,Scotland,1,7.4,60,Full Hybrid Petrol Cars,Urban (not London),0.000421944918344,8.05932450021e-06,4.41101747128e-06
2016,Scotland,1,7.4,60,Full Hybrid Petrol LGV,Urban (not London),7.8387947724e-06,1.11165672934e-05,5.96454401602e-06
2016,Scotland,1,7.4,60,Hybrid Bus,Urban (not London),0.000500392750837,3.83499318559e-05,2.24330597121e-05
2016,Scotland,1,7.4,60,LGV,Urban (not London),0.000270279822871,2.37863678194e-05,1.80008537427e-05
2016,Scotland,1,7.4,60,LPG Cars,Urban (not London),8.11111094663e-05,8.05932450021e-06,4.41101747128e-06
2016,Scotland,1,7.4,60,LPG LGV,Urban (not London),0.000115474438644,1.12826337499e-05,6.12230678598e-06
2016,Scotland,1,7.4,60,Motorcycle,Urban (not London),8.20847781142e-05,7.3355031418e-06,5.47401123185e-06
2016,Scotland,1,7.4,60,Petrol Car,Urban (not London),0.000216197324335,8.05932450021e-06,4.41101747128e-06
2016,Scotland,1,7.4,60,Plug-In Hybrid Petrol Cars,Urban (not London),0.000301389227388,7.90715148469e-06,4.26645374318e-06
2016,Scotland,1,7.4,60,Plug-In Hybrid Petrol LGV,Urban (not London),0.000419149670051,1.11115341497e-05,5.95976280238e-06
2016,Scotland,1,7.4,60,Rigid HGV,Urban (not London),0.00162555451971,8.4727013018e-05,6.68634529575e-05
2016,Scotland,1,7.4,70,Artic HGV,Urban (not London),0.00234406418167,0.000122820070828,0.000101424448076
2016,Scotland,1,7.4,70,B100 Artic HGV,Urban (not London),0.00273376028053,4.19685566158e-05,2.46155104833e-05
2016,Scotland,1,7.4,70,B100 Bus,Urban (not London),0.00181019224692,3.43012179655e-05,1.85867847904e-05
2016,Scotland,1,7.4,70,B100 Coach,Urban (not London),0.00212090928108,4.01056349801e-05,2.41009802266e-05
2016,Scotland,1,7.4,70,B100 Rigid HGV,Urban (not London),0.00185578421224,3.35212534992e-05,1.82179828698e-05
2016,Scotland,1,7.4,70,Battery EV Cars,Urban (not London),0.0,7.75497937866e-06,4.12188956034e-06
2016,Scotland,1,7.4,70,Battery EV LGV,Urban (not London),0.0,1.09782886284e-05,5.83317932978e-06
2016,Scotland,1,7.4,70,Biogas Bus,Urban (not London),0.00069444446126,3.27659035975e-05,1.71282354131e-05
2016,Scotland,1,7.4,70,Biomethane Bus,Urban (not London),0.00069444446126,3.27659035975e-05,1.71282354131e-05
2016,Scotland,1,7.4,70,Bus and Coach,Urban (not London),0.00172472093254,8.73383833095e-05,6.89720909577e-05
2016,Scotland,1,7.4,70,CNG Bus,Urban (not London),0.00069444446126,3.27659035975e-05,1.71282354131e-05
2016,Scotland,1,7.4,70,Diesel Car,Urban (not London),0.000158295239089,2.09330628422e-05,1.66410682141e-05
2016,Scotland,1,7.4,70,E85 Bioethanol Cars,Urban (not London),0.000232870239415,7.9984556578e-06,4.35319179815e-06
2016,Scotland,1,7.4,70,E85 Bioethanol LGV,Urban (not London),0.000300877116388,1.12217649075e-05,6.06448156759e-06
2016,Scotland,1,7.4,70,FCEV Bus,Urban (not London),0.0,3.13770142384e-05,1.58087914315e-05
2016,Scotland,1,7.4,70,FCEV Cars,Urban (not London),0.0,7.75497937866e-06,4.12188956034e-06
2016,Scotland,1,7.4,70,FCEV LGV,Urban (not London),0.0,1.09782886284e-05,5.83317932978e-06
2016,Scotland,1,7.4,70,Full Hybrid Diesel Cars,Urban (not London),0.000133727662615,1.39667235999e-05,1.00230472526e-05
2016,Scotland,1,7.4,70,Full Hybrid Petrol Cars,Urban (not London),0.00045727766701,8.05932450021e-06,4.41101747128e-06
2016,Scotland,1,7.4,70,Full Hybrid Petrol LGV,Urban (not London),7.49118498788e-06,1.11165672934e-05,5.96454401602e-06
2016,Scotland,1,7.4,70,Hybrid Bus,Urban (not London),0.000441039883299,3.83100086765e-05,2.2395133783e-05
2016,Scotland,1,7.4,70,LGV,Urban (not London),0.000269557873253,2.57428091572e-05,1.98594752874e-05
2016,Scotland,1,7.4,70,LPG Cars,Urban (not London),8.11111094663e-05,8.05932450021e-06,4.41101747128e-06
2016,Scotland,1,7.4,70,LPG LGV,Urban (not London),0.000115139446279,1.12826337499e-05,6.12230678598e-06
2016,Scotland,1,7.4,70,Motorcycle,Urban (not London),9.42110782489e-05,7.3355031418e-06,5.47401123185e-06
2016,Scotland,1,7.4,70,Petrol Car,Urban (not London),0.000232870239415,8.05932450021e-06,4.41101747128e-06
2016,Scotland,1,7.4,70,Plug-In Hybrid Petrol Cars,Urban (not London),0.000326626905007,7.90715148469e-06,4.26645374318e-06
2016,Scotland,1,7.4,70,Plug-In Hybrid Petrol LGV,Urban (not London),0.000446366175311,1.11364352051e-05,5.98341785008e-06
2016,Scotland,1,7.4,70,Rigid HGV,Urban (not London),0.0015832829522,8.10801648186e-05,6.33989475318e-05
2016,Scotland,1,7.4,80,Artic HGV,Urban (not London),0.00220457254909,0.00011802870722,9.6872652648e-05
2016,Scotland,1,7.4,80,B100 Artic HGV,Urban (not London),0.00257237465121,4.17050287069e-05,2.43651611527e-05
2016,Scotland,1,7.4,80,B100 Bus,Urban (not London),0.00171810516622,3.42182102031e-05,1.85079243238e-05
2016,Scotland,1,7.4,80,B100 Coach,Urban (not London),0.00203618733212,3.94742710341e-05,2.35011830227e-05
2016,Scotland,1,7.4,80,B100 Rigid HGV,Urban (not London),0.00182241748553,3.33991265506e-05,1.81019622687e-05
2016,Scotland,1,7.4,80,Battery EV Cars,Urban (not London),0.0,7.75497937866e-06,4.12188956034e-06
2016,Scotland,1,7.4,80,Battery EV LGV,Urban (not London),0.0,1.09782886284e-05,5.83317932978e-06
2016,Scotland,1,7.4,80,Biogas Bus,Urban (not London),0.00069444446126,3.27659035975e-05,1.71282354131e-05
2016,Scotland,1,7.4,80,Biomethane Bus,Urban (not London),0.00069444446126,3.27659035975e-05,1.71282354131e-05
2016,Scotland,1,7.4,80,Bus and Coach,Urban (not London),0.00164288014639,8.45995091368e-05,6.63701575832e-05
2016,Scotland,1,7.4,80,CNG Bus,Urban (not London),0.00069444446126,3.27659035975e-05,1.71282354131e-05
2016,Scotland,1,7.4,80,Diesel Car,Urban (not London),0.000164557539392,2.32067250181e-05,1.88010490092e-05
2016,Scotland,1,7.4,80,E85 Bioethanol Cars,Urban (not London),0.000259600812569,7.9984556578e-06,4.35319179815e-06
2016,Scotland,1,7.4,80,E85 Bioethanol LGV,Urban (not London),0.000320217804983,1.12217649075e-05,6.06448156759e-06
2016,Scotland,1,7.4,80,FCEV Bus,Urban (not London),0.0,3.13770142384e-05,1.58087914315e-05
2016,Scotland,1,7.4,80,FCEV Cars,Urban (not London),0.0,7.75497937866e-06,4.12188956034e-06
2016,Scotland,1,7.4,80,FCEV LGV,Urban (not London),0.0,1.09782886284e-05,5.83317932978e-06
2016,Scotland,1,7.4,80,Full Hybrid Diesel Cars,Urban (not London),0.000133586145239,1.39233070513e-05,9.9818007584e-06
2016,Scotland,1,7.4,80,Full Hybrid Petrol Cars,Urban (not London),0.000496595341247,8.05932450021e-06,4.41101747128e-06
2016,Scotland,1,7.4,80,Full Hybrid Petrol LGV,Urban (not London),7.6952692325e-06,1.11165672934e-05,5.96454401602e-06
2016,Scotland,1,7.4,80,Hybrid Bus,Urban (not London),0.000435059482697,3.89170672861e-05,2.29718389164e-05
2016,Scotland,1,7.4,80,LGV,Urban (not London),0.000281660002656,2.95091722364e-05,2.34375183936e-05
2016,Scotland,1,7.4,80,LPG Cars,Urban (not London),8.11111094663e-05,8.05932450021e-06,4.41101747128e-06
2016,Scotland,1,7.4,80,LPG LGV,Urban (not London),0.000120186625281,1.12826337499e-05,6.12230678598e-06
2016,Scotland,1,7.4,80,Motorcycle,Urban (not London),0.00010855479195,7.3355031418e-06,5.47401123185e-06
2016,Scotland,1,7.4,80,Petrol Car,Urban (not London),0.000259600812569,8.05932450021e-06,4.41101747128e-06
2016,Scotland,1,7.4,80,Plug-In Hybrid Petrol Cars,Urban (not London),0.000354710937245,7.90715148469e-06,4.26645374318e-06
2016,Scotland,1,7.4,80,Plug-In Hybrid Petrol LGV,Urban (not London),0.000474054599181,1.11661192932e-05,6.01161855229e-06
2016,Scotland,1,7.4,80,Rigid HGV,Urban (not London),0.00156494986732,7.88596807979e-05,6.12894873484e-05
2016,Scotland,1,7.4,90,Artic HGV,Urban (not London),0.0021332942415,0.000111034001748,9.02276806301e-05
2016,Scotland,1,7.4,90,B100 Artic HGV,Urban (not London),0.002490733983,4.1320319724e-05,2.39996879827e-05
2016,Scotland,1,7.4,90,B100 Bus,Urban (not London),0.00167097325902,3.41873819707e-05,1.84786404134e-05
2016,Scotland,1,7.4,90,B100 Coach,Urban (not London),0.00198176107369,3.8913130993e-05,2.29681027122e-05
2016,Scotland,1,7.4,90,B100 Rigid HGV,Urban (not London),0.00181335909292,3.33549796778e-05,1.8060023649e-05
2016,Scotland,1,7.4,90,Battery EV Cars,Urban (not London),0.0,7.75497937866e-06,4.12188956034e-06
2016,Scotland,1,7.4,90,Battery EV LGV,Urban (not London),0.0,1.09782886284e-05,5.83317932978e-06
2016,Scotland,1,7.4,90,Biogas Bus,Urban (not London),0.00069444446126,3.27659035975e-05,1.71282354131e-05
2016,Scotland,1,7.4,90,Biomethane Bus,Urban (not London),0.00069444446126,3.27659035975e-05,1.71282354131e-05
2016,Scotland,1,7.4,90,Bus and Coach,Urban (not London),0.00159817619715,8.28817064757e-05,6.47382476018e-05
2016,Scotland,1,7.4,90,CNG Bus,Urban (not London),0.00069444446126,3.27659035975e-05,1.71282354131e-05
2016,Scotland,1,7.4,90,Diesel Car,Urban (not London),0.000174217086169,2.6449912184e-05,2.18820769078e-05
2016,Scotland,1,7.4,90,E85 Bioethanol Cars,Urban (not London),0.000295158970403,8.00639463705e-06,4.36073423771e-06
2016,Scotland,1,7.4,90,E85 Bioethanol LGV,Urban (not London),0.000345936481608,1.12297038868e-05,6.07202400715e-06
2016,Scotland,1,7.4,90,FCEV Bus,Urban (not London),0.0,3.13770142384e-05,1.58087914315e-05
2016,Scotland,1,7.4,90,FCEV Cars,Urban (not London),0.0,7.75497937866e-06,4.12188956034e-06
2016,Scotland,1,7.4,90,FCEV LGV,Urban (not London),0.0,1.09782886284e-05,5.83317932978e-06
2016,Scotland,1,7.4,90,Full Hybrid Diesel Cars,Urban (not London),0.000138910341775,1.40576448757e-05,1.01094219644e-05
2016,Scotland,1,7.4,90,Full Hybrid Petrol Cars,Urban (not London),0.000694154470693,8.06924890639e-06,4.42044574811e-06
2016,Scotland,1,7.4,90,Full Hybrid Petrol LGV,Urban (not London),1.05265380625e-05,1.11751205623e-05,6.02016962148e-06
2016,Scotland,1,7.4,90,Hybrid Bus,Urban (not London),0.000455785368104,3.96194227505e-05,2.36390787904e-05
2016,Scotland,1,7.4,90,LGV,Urban (not London),0.000306496280245,3.50857808371e-05,2.87352959276e-05
2016,Scotland,1,7.4,90,LPG Cars,Urban (not London),9.0555557108e-05,8.06924890639e-06,4.42044574811e-06
2016,Scotland,1,7.4,90,LPG LGV,Urban (not London),0.000127666615299,1.12925581561e-05,6.13173506281e-06
2016,Scotland,1,7.4,90,Motorcycle,Urban (not London),0.000124665326439,7.3355031418e-06,5.47401123185e-06
2016,Scotland,1,7.4,90,Petrol Car,Urban (not London),0.000295158970403,8.06924890639e-06,4.42044574811e-06
2016,Scotland,1,7.4,90,Plug-In Hybrid Petrol Cars,Urban (not London),0.000694154470693,8.03782131698e-06,4.39058976553e-06
2016,Scotland,1,7.4,90,Plug-In Hybrid Petrol LGV,Urban (not London),0.000850632844958,1.13819187391e-05,6.21662775302e-06
2016,Scotland,1,7.4,90,Rigid HGV,Urban (not London),0.00156272097956,7.80570480856e-05,6.05269888183e-05
2016,Scotland,1,7.4,100,Artic HGV,Urban (not London),0.0021332942415,0.000111034001748,9.02276806301e-05
2016,Scotland,1,7.4,100,B100 Artic HGV,Urban (not London),0.002490733983,4.1320319724e-05,2.39996879827e-05
2016,Scotland,1,7.4,100,B100 Bus,Urban (not London),0.00167097325902,3.41873819707e-05,1.84786404134e-05
2016,Scotland,1,7.4,100,B100 Coach,Urban (not London),0.00194974231999,3.8504927943e-05,2.25803087233e-05
2016,Scotland,1,7.4,100,B100 Rigid HGV,Urban (not London),0.00181335909292,3.33549796778e-05,1.8060023649e-05
2016,Scotland,1,7.4,100,Battery EV Cars,Urban (not London),0.0,7.75497937866e-06,4.12188956034e-06
2016,Scotland,1,7.4,100,Battery EV LGV,Urban (not London),0.0,1.09782886284e-05,5.83317932978e-06
2016,Scotland,1,7.4,100,Biogas Bus,Urban (not London),0.00069444446126,3.27659035975e-05,1.71282354131e-05
2016,Scotland,1,7.4,100,Biomethane Bus,Urban (not London),0.00069444446126,3.27659035975e-05,1.71282354131e-05
2016,Scotland,1,7.4,100,Bus and Coach,Urban (not London),0.00159002596047,8.18095868453e-05,6.37197299511e-05
2016,Scotland,1,7.4,100,CNG Bus,Urban (not London),0.00069444446126,3.27659035975e-05,1.71282354131e-05
2016,Scotland,1,7.4,100,Diesel Car,Urban (not London),0.000187000347069,3.066262434e-05,2.58841519098e-05
2016,Scotland,1,7.4,100,E85 Bioethanol Cars,Urban (not London),0.000339544727467,8.00639463705e-06,4.36073423771e-06
2016,Scotland,1,7.4,100,E85 Bioethanol LGV,Urban (not London),0.00037803320447,1.12297038868e-05,6.07202400715e-06
2016,Scotland,1,7.4,100,FCEV Bus,Urban (not London),0.0,3.13770142384e-05,1.58087914315e-05
2016,Scotland,1,7.4,100,FCEV Cars,Urban (not London),0.0,7.75497937866e-06,4.12188956034e-06
2016,Scotland,1,7.4,100,FCEV LGV,Urban (not London),0.0,1.09782886284e-05,5.83317932978e-06
2016,Scotland,1,7.4,100,Full Hybrid Diesel Cars,Urban (not London),0.000150619103806,1.43697388921e-05,1.04059117803e-05
2016,Scotland,1,7.4,100,Full Hybrid Petrol Cars,Urban (not London),0.000754952663556,8.06924890639e-06,4.42044574811e-06
2016,Scotland,1,7.4,100,Full Hybrid Petrol LGV,Urban (not London),1.15293833005e-05,1.11751205623e-05,6.02016962148e-06
2016,Scotland,1,7.4,100,Hybrid Bus,Urban (not London),0.000455785368104,3.96194227505e-05,2.36390787904e-05
2016,Scotland,1,7.4,100,LGV,Urban (not London),0.00034405029146,4.24719837611e-05,3.5752189433e-05
2016,Scotland,1,7.4,100,LPG Cars,Urban (not London),9.0555557108e-05,8.06924890639e-06,4.42044574811e-06
2016,Scotland,1,7.4,100,LPG LGV,Urban (not London),0.00014301284682,1.12925581561e-05,6.13173506281e-06
2016,Scotland,1,7.4,100,Motorcycle,Urban (not London),0.000140882490086,7.3355031418e-06,5.47401123185e-06
2016,Scotland,1,7.4,100,Petrol Car,Urban (not London),0.000339544727467,8.06924890639e-06,4.42044574811e-06
2016,Scotland,1,7.4,100,Plug-In Hybrid Petrol Cars,Urban (not London),0.000754952663556,8.03782131698e-06,4.39058976553e-06
2016,Scotland,1,7.4,100,Plug-In Hybrid Petrol LGV,Urban (not London),0.000897733261809,1.14650838441e-05,6.29563464827e-06
2016,Scotland,1,7.4,100,Rigid HGV,Urban (not London),0.00156272097956,7.80570480856e-05,6.05269888183e-05
2016,Scotland,1,7.4,110,Artic HGV,Urban (not London),0.0021332942415,0.000111034001748,9.02276806301e-05
2016,Scotland,1,7.4,110,B100 Artic HGV,Urban (not London),0.002490733983,4.1320319724e-05,2.39996879827e-05
2016,Scotland,1,7.4,110,B100 Bus,Urban (not London),0.00167097325902,3.41873819707e-05,1.84786404134e-05
2016,Scotland,1,7.4,110,B100 Coach,Urban (not London),0.00194049323909,3.84115555789e-05,2.2491605705e-05
2016,Scotland,1,7.4,110,B100 Rigid HGV,Urban (not London),0.00181335909292,3.33549796778e-05,1.8060023649e-05
2016,Scotland,1,7.4,110,Battery EV Cars,Urban (not London),0.0,7.75497937866e-06,4.12188956034e-06
2016,Scotland,1,7.4,110,Battery EV LGV,Urban (not London),0.0,1.09782886284e-05,5.83317932978e-06
2016,Scotland,1,7.4,110,Biogas Bus,Urban (not London),0.00069444446126,3.27659035975e-05,1.71282354131e-05
2016,Scotland,1,7.4,110,Biomethane Bus,Urban (not London),0.00069444446126,3.27659035975e-05,1.71282354131e-05
2016,Scotland,1,7.4,110,Bus and Coach,Urban (not London),0.00158767169341,8.13439692138e-05,6.32773953839e-05
2016,Scotland,1,7.4,110,CNG Bus,Urban (not London),0.00069444446126,3.27659035975e-05,1.71282354131e-05
2016,Scotland,1,7.4,110,Diesel Car,Urban (not London),0.000202867362532,3.58448596671e-05,3.08072776534e-05
2016,Scotland,1,7.4,110,E85 Bioethanol Cars,Urban (not London),0.000392758083763,8.00639463705e-06,4.36073423771e-06
2016,Scotland,1,7.4,110,E85 Bioethanol LGV,Urban (not London),0.000416507915361,1.12297038868e-05,6.07202400715e-06
2016,Scotland,1,7.4,110,FCEV Bus,Urban (not London),0.0,3.13770142384e-05,1.58087914315e-05
2016,Scotland,1,7.4,110,FCEV Cars,Urban (not London),0.0,7.75497937866e-06,4.12188956034e-06
2016,Scotland,1,7.4,110,FCEV LGV,Urban (not London),0.0,1.09782886284e-05,5.83317932978e-06
2016,Scotland,1,7.4,110,Full Hybrid Diesel Cars,Urban (not London),0.000170342624187,1.48595891005e-05,1.08712683868e-05
2016,Scotland,1,7.4,110,Full Hybrid Petrol Cars,Urban (not London),0.000820874294732,8.06924890639e-06,4.42044574811e-06
2016,Scotland,1,7.4,110,Full Hybrid Petrol LGV,Urban (not London),1.29024547277e-05,1.11751205623e-05,6.02016962148e-06
2016,Scotland,1,7.4,110,Hybrid Bus,Urban (not London),0.000455785368104,3.96194227505e-05,2.36390787904e-05
2016,Scotland,1,7.4,110,LGV,Urban (not London),0.000394319707993,5.16681066074e-05,4.44885044999e-05
2016,Scotland,1,7.4,110,LPG Cars,Urban (not London),9.0555557108e-05,8.06924890639e-06,4.42044574811e-06
2016,Scotland,1,7.4,110,LPG LGV,Urban (not London),0.000163551521837,1.12925581561e-05,6.13173506281e-06
2016,Scotland,1,7.4,110,Motorcycle,Urban (not London),0.000155160523718,7.3355031418e-06,5.47401123185e-06
2016,Scotland,1,7.4,110,Petrol Car,Urban (not London),0.000392758083763,8.06924890639e-06,4.42044574811e-06
2016,Scotland,1,7.4,110,Plug-In Hybrid Petrol Cars,Urban (not London),0.000820874294732,8.03782131698e-06,4.39058976553e-06
2016,Scotland,1,7.4,110,Plug-In Hybrid Petrol LGV,Urban (not London),0.000945440493524,1.15739749162e-05,6.39908103039e-06
2016,Scotland,1,7.4,110,Rigid HGV,Urban (not London),0.00156272097956,7.80570480856e-05,6.05269888183e-05
2016,Scotland,1,7.4,120,Artic HGV,Urban (not London),0.0021332942415,0.000111034001748,9.02276806301e-05
2016,Scotland,1,7.4,120,B100 Artic HGV,Urban (not London),0.002490733983,4.1320319724e-05,2.39996879827e-05
2016,Scotland,1,7.4,120,B100 Bus,Urban (not London),0.00167097325902,3.41873819707e-05,1.84786404134e-05
2016,Scotland,1,7.4,120,B100 Coach,Urban (not London),0.00194049323909,3.84115555789e-05,2.2491605705e-05
2016,Scotland,1,7.4,120,B100 Rigid HGV,Urban (not London),0.00181335909292,3.33549796778e-05,1.8060023649e-05
2016,Scotland,1,7.4,120,Battery EV Cars,Urban (not London),0.0,7.75497937866e-06,4.12188956034e-06
2016,Scotland,1,7.4,120,Battery EV LGV,Urban (not London),0.0,1.09782886284e-05,5.83317932978e-06
2016,Scotland,1,7.4,120,Biogas Bus,Urban (not London),0.00069444446126,3.27659035975e-05,1.71282354131e-05
2016,Scotland,1,7.4,120,Biomethane Bus,Urban (not London),0.00069444446126,3.27659035975e-05,1.71282354131e-05
2016,Scotland,1,7.4,120,Bus and Coach,Urban (not London),0.00158767169341,8.13439692138e-05,6.32773953839e-05
2016,Scotland,1,7.4,120,CNG Bus,Urban (not London),0.00069444446126,3.27659035975e-05,1.71282354131e-05
2016,Scotland,1,7.4,120,Diesel Car,Urban (not London),0.000221958194743,4.19966199843e-05,3.66514468624e-05
2016,Scotland,1,7.4,120,E85 Bioethanol Cars,Urban (not London),0.000454799068393,8.00639463705e-06,4.36073423771e-06
2016,Scotland,1,7.4,120,E85 Bioethanol LGV,Urban (not London),0.000454360619187,1.12297038868e-05,6.07202400715e-06
2016,Scotland,1,7.4,120,FCEV Bus,Urban (not London),0.0,3.13770142384e-05,1.58087914315e-05
2016,Scotland,1,7.4,120,FCEV Cars,Urban (not London),0.0,7.75497937866e-06,4.12188956034e-06
2016,Scotland,1,7.4,120,FCEV LGV,Urban (not London),0.0,1.09782886284e-05,5.83317932978e-06
2016,Scotland,1,7.4,120,Full Hybrid Diesel Cars,Urban (not London),0.000200883136131,1.55271936819e-05,1.15054936032e-05
2016,Scotland,1,7.4,120,Full Hybrid Petrol Cars,Urban (not London),0.000891919422429,8.06924890639e-06,4.42044574811e-06
2016,Scotland,1,7.4,120,Full Hybrid Petrol LGV,Urban (not London),1.46457514347e-05,1.11751205623e-05,6.02016962148e-06
2016,Scotland,1,7.4,120,Hybrid Bus,Urban (not London),0.000455785368104,3.96194227505e-05,2.36390787904e-05
2016,Scotland,1,7.4,120,LGV,Urban (not London),0.000396698276745,5.20355752087e-05,4.48376013082e-05
2016,Scotland,1,7.4,120,LPG Cars,Urban (not London),9.0555557108e-05,8.06924890639e-06,4.42044574811e-06
2016,Scotland,1,7.4,120,LPG LGV,Urban (not London),0.000164973724168,1.12925581561e-05,6.13173506281e-06
2016,Scotland,1,7.4,120,Motorcycle,Urban (not London),0.00017115753144,7.3355031418e-06,5.47401123185e-06
2016,Scotland,1,7.4,120,Petrol Car,Urban (not London),0.000454799068393,8.06924890639e-06,4.42044574811e-06
2016,Scotland,1,7.4,120,Plug-In Hybrid Petrol Cars,Urban (not London),0.000891919422429,8.03782131698e-06,4.39058976553e-06
2016,Scotland,1,7.4,120,Plug-In Hybrid Petrol LGV,Urban (not London),0.000957748328801,1.17201871035e-05,6.53798269923e-06
2016,Scotland,1,7.4,120,Rigid HGV,Urban (not London),0.00156272097956,7.80570480856e-05,6.05269888183e-05
2016,Scotland,1,7.4,130,Artic HGV,Urban (not London),0.0021332942415,0.000111034001748,9.02276806301e-05
2016,Scotland,1,7.4,130,B100 Artic HGV,Urban (not London),0.002490733983,4.1320319724e-05,2.39996879827e-05
2016,Scotland,1,7.4,130,B100 Bus,Urban (not London),0.00167097325902,3.41873819707e-05,1.84786404134e-05
2016,Scotland,1,7.4,130,B100 Coach,Urban (not London),0.00194049323909,3.84115555789e-05,2.2491605705e-05
2016,Scotland,1,7.4,130,B100 Rigid HGV,Urban (not London),0.00181335909292,3.33549796778e-05,1.8060023649e-05
2016,Scotland,1,7.4,130,Battery EV Cars,Urban (not London),0.0,7.75497937866e-06,4.12188956034e-06
2016,Scotland,1,7.4,130,Battery EV LGV,Urban (not London),0.0,1.09782886284e-05,5.83317932978e-06
2016,Scotland,1,7.4,130,Biogas Bus,Urban (not London),0.00069444446126,3.27659035975e-05,1.71282354131e-05
2016,Scotland,1,7.4,130,Biomethane Bus,Urban (not London),0.00069444446126,3.27659035975e-05,1.71282354131e-05
2016,Scotland,1,7.4,130,Bus and Coach,Urban (not London),0.00158767169341,8.13439692138e-05,6.32773953839e-05
2016,Scotland,1,7.4,130,CNG Bus,Urban (not London),0.00069444446126,3.27659035975e-05,1.71282354131e-05
2016,Scotland,1,7.4,130,Diesel Car,Urban (not London),0.000221958194743,4.91179052915e-05,4.34166686318e-05
2016,Scotland,1,7.4,130,E85 Bioethanol Cars,Urban (not London),0.000525667623151,8.00639463705e-06,4.36073423771e-06
2016,Scotland,1,7.4,130,E85 Bioethanol LGV,Urban (not London),0.000465910183266,1.12297038868e-05,6.07202400715e-06
2016,Scotland,1,7.4,130,FCEV Bus,Urban (not London),0.0,3.13770142384e-05,1.58087914315e-05
2016,Scotland,1,7.4,130,FCEV Cars,Urban (not London),0.0,7.75497937866e-06,4.12188956034e-06
2016,Scotland,1,7.4,130,FCEV LGV,Urban (not London),0.0,1.09782886284e-05,5.83317932978e-06
2016,Scotland,1,7.4,130,Full Hybrid Diesel Cars,Urban (not London),0.000247190648224,1.63725562743e-05,1.23085874293e-05
2016,Scotland,1,7.4,130,Full Hybrid Petrol Cars,Urban (not London),0.00096808798844,8.06924890639e-06,4.42044574811e-06
2016,Scotland,1,7.4,130,Full Hybrid Petrol LGV,Urban (not London),1.47275250129e-05,1.11751205623e-05,6.02016962148e-06
2016,Scotland,1,7.4,130,Hybrid Bus,Urban (not London),0.000455785368104,3.96194227505e-05,2.36390787904e-05
2016,Scotland,1,7.4,130,LGV,Urban (not London),0.000397076073568,5.24609531567e-05,4.52417116321e-05
2016,Scotland,1,7.4,130,LPG Cars,Urban (not London),9.0555557108e-05,8.06924890639e-06,4.42044574811e-06
2016,Scotland,1,7.4,130,LPG LGV,Urban (not London),0.000164973724168,1.12925581561e-05,6.13173506281e-06
2016,Scotland,1,7.4,130,Motorcycle,Urban (not London),0.000189484824659,7.3355031418e-06,5.47401123185e-06
2016,Scotland,1,7.4,130,Petrol Car,Urban (not London),0.000525667623151,8.06924890639e-06,4.42044574811e-06
2016,Scotland,1,7.4,130,Plug-In Hybrid Petrol Cars,Urban (not London),0.00096808798844,8.03782131698e-06,4.39058976553e-06
2016,Scotland,1,7.4,130,Plug-In Hybrid Petrol LGV,Urban (not London),0.000970662920736,1.19205451483e-05,6.72832265991e-06
2016,Scotland,1,7.4,130,Rigid HGV,Urban (not London),0.00156272097956,7.80570480856e-05,6.05269888183e-05
2016,Scotland,1,7.4,140,Artic HGV,Urban (not London),0.0021332942415,0.000111034001748,9.02276806301e-05
2016,Scotland,1,7.4,140,B100 Artic HGV,Urban (not London),0.002490733983,4.1320319724e-05,2.39996879827e-05
2016,Scotland,1,7.4,140,B100 Bus,Urban (not London),0.00167097325902,3.41873819707e-05,1.84786404134e-05
2016,Scotland,1,7.4,140,B100 Coach,Urban (not London),0.00194049323909,3.84115555789e-05,2.2491605705e-05
2016,Scotland,1,7.4,140,B100 Rigid HGV,Urban (not London),0.00181335909292,3.33549796778e-05,1.8060023649e-05
2016,Scotland,1,7.4,140,Battery EV Cars,Urban (not London),0.0,7.75497937866e-06,4.12188956034e-06
2016,Scotland,1,7.4,140,Battery EV LGV,Urban (not London),0.0,1.09782886284e-05,5.83317932978e-06
2016,Scotland,1,7.4,140,Biogas Bus,Urban (not London),0.00069444446126,3.27659035975e-05,1.71282354131e-05
2016,Scotland,1,7.4,140,Biomethane Bus,Urban (not London),0.00069444446126,3.27659035975e-05,1.71282354131e-05
2016,Scotland,1,7.4,140,Bus and Coach,Urban (not London),0.00158767169341,8.13439692138e-05,6.32773953839e-05
2016,Scotland,1,7.4,140,CNG Bus,Urban (not London),0.00069444446126,3.27659035975e-05,1.71282354131e-05
2016,Scotland,1,7.4,140,Diesel Car,Urban (not London),0.000221958194743,4.91179052915e-05,4.34166686318e-05
2016,Scotland,1,7.4,140,E85 Bioethanol Cars,Urban (not London),0.000525667623151,8.00639463705e-06,4.36073423771e-06
2016,Scotland,1,7.4,140,E85 Bioethanol LGV,Urban (not London),0.000465910183266,1.12297038868e-05,6.07202400715e-06
2016,Scotland,1,7.4,140,FCEV Bus,Urban (not London),0.0,3.13770142384e-05,1.58087914315e-05
2016,Scotland,1,7.4,140,FCEV Cars,Urban (not London),0.0,7.75497937866e-06,4.12188956034e-06
2016,Scotland,1,7.4,140,FCEV LGV,Urban (not London),0.0,1.09782886284e-05,5.83317932978e-06
2016,Scotland,1,7.4,140,Full Hybrid Diesel Cars,Urban (not London),0.000247190648224,1.63725562743e-05,1.23085874293e-05
2016,Scotland,1,7.4,140,Full Hybrid Petrol Cars,Urban (not London),0.00096808798844,8.06924890639e-06,4.42044574811e-06
2016,Scotland,1,7.4,140,Full Hybrid Petrol LGV,Urban (not London),1.47275250129e-05,1.11751205623e-05,6.02016962148e-06
2016,Scotland,1,7.4,140,Hybrid Bus,Urban (not London),0.000455785368104,3.96194227505e-05,2.36390787904e-05
2016,Scotland,1,7.4,140,LGV,Urban (not London),0.000397076073568,5.24609531567e-05,4.52417116321e-05
2016,Scotland,1,7.4,140,LPG Cars,Urban (not London),9.0555557108e-05,8.06924890639e-06,4.42044574811e-06
2016,Scotland,1,7.4,140,LPG LGV,Urban (not London),0.000164973724168,1.12925581561e-05,6.13173506281e-06
2016,Scotland,1,7.4,140,Motorcycle,Urban (not London),0.000211048711208,7.3355031418e-06,5.47401123185e-06
2016,Scotland,1,7.4,140,Petrol Car,Urban (not London),0.000525667623151,8.06924890639e-06,4.42044574811e-06
2016,Scotland,1,7.4,140,Plug-In Hybrid Petrol Cars,Urban (not London),0.00096808798844,8.03782131698e-06,4.39058976553e-06
2016,Scotland,1,7.4,140,Plug-In Hybrid Petrol LGV,Urban (not London),0.000970662920736,1.21356997624e-05,6.9327197707e-06
2016,Scotland,1,7.4,140,Rigid HGV,Urban (not London),0.00156272097956,7.80570480856e-05,6.05269888183e-05
2016,Scotland,2,7.4,5,Artic HGV,Motorway (not London),0.00607152841985,0.00012982689077,0.000115622875455
2016,Scotland,2,7.4,5,B100 Artic HGV,Motorway (not London),0.00667868088931,8.09875928098e-05,6.92255416652e-05
2016,Scotland,2,7.4,5,B100 Bus,Motorway (not London),0.00504691433161,6.04455635766e-05,5.0539169024e-05
2016,Scotland,2,7.4,5,B100 Coach,Motorway (not London),0.0072001600638,5.18123997608e-05,4.23376659455e-05
2016,Scotland,2,7.4,5,B100 Rigid HGV,Motorway (not London),0.00409103464335,5.0402188208e-05,4.12835506722e-05
2016,Scotland,2,7.4,5,Battery EV Cars,Motorway (not London),0.0,4.0696081669e-06,2.40208009927e-06
2016,Scotland,2,7.4,5,Battery EV LGV,Motorway (not London),0.0,5.21319179825e-06,3.13913324135e-06
2016,Scotland,2,7.4,5,Biogas Bus,Motorway (not London),0.00069444446126,1.93561409105e-05,1.15042184916e-05
2016,Scotland,2,7.4,5,Biomethane Bus,Motorway (not London),0.00069444446126,1.93561409105e-05,1.15042184916e-05
2016,Scotland,2,7.4,5,Bus and Coach,Motorway (not London),0.00654560001567,0.000121738994494,0.000108767933853
2016,Scotland,2,7.4,5,CNG Bus,Motorway (not London),0.00069444446126,1.93561409105e-05,1.15042184916e-05
2016,Scotland,2,7.4,5,Diesel Car,Motorway (not London),0.000376376206987,1.98265224753e-05,1.7371148715e-05
2016,Scotland,2,7.4,5,E85 Bioethanol Cars,Motorway (not London),0.000208838071558,4.49569142802e-06,2.80685890175e-06
2016,Scotland,2,7.4,5,E85 Bioethanol LGV,Motorway (not London),0.000193383457372,5.63927460462e-06,3.5439122712e-06
2016,Scotland,2,7.4,5,FCEV Bus,Motorway (not London),0.0,1.79672515515e-05,1.018477451e-05
2016,Scotland,2,7.4,5,FCEV Cars,Motorway (not London),0.0,4.0696081669e-06,2.40208009927e-06
2016,Scotland,2,7.4,5,FCEV LGV,Motorway (not London),0.0,5.21319179825e-06,3.13913324135e-06
2016,Scotland,2,7.4,5,Full Hybrid Diesel Cars,Motorway (not London),0.00027608484379,1.42747267091e-05,1.20969425552e-05
2016,Scotland,2,7.4,5,Full Hybrid Petrol Cars,Motorway (not London),0.000217896289541,4.60221190224e-06,2.90805360237e-06
2016,Scotland,2,7.4,5,Full Hybrid Petrol LGV,Motorway (not London),1.35751561174e-05,5.42490988664e-06,3.34026572091e-06
2016,Scotland,2,7.4,5,Hybrid Bus,Motorway (not London),0.00397092988715,3.7766447349e-05,2.89940089715e-05
2016,Scotland,2,7.4,5,LGV,Motorway (not London),0.000471276318422,3.514879063e-05,3.15779543598e-05
2016,Scotland,2,7.4,5,LPG Cars,Motorway (not London),3.1666666473e-05,4.60221190224e-06,2.90805360237e-06
2016,Scotland,2,7.4,5,LPG LGV,Motorway (not London),8.90551746124e-05,5.74579553358e-06,3.64510697182e-06
2016,Scotland,2,7.4,5,Motorcycle,Motorway (not London),5.5633860029e-05,2.54074529948e-06,1.79528831268e-06
2016,Scotland,2,7.4,5,Petrol Car,Motorway (not London),0.000208838071558,4.60221190224e-06,2.90805360237e-06
2016,Scotland,2,7.4,5,Plug-In Hybrid Petrol Cars,Motorway (not London),4.35792571807e-05,4.12286863138e-06,2.4526773359e-06
2016,Scotland,2,7.4,5,Plug-In Hybrid Petrol LGV,Motorway (not London),8.46194088808e-05,5.23437302036e-06,3.15925581162e-06
2016,Scotland,2,7.4,5,Rigid HGV,Motorway (not London),0.00371912261471,7.7863347542e-05,6.7371649493e-05
2016,Scotland,2,7.4,6,Artic HGV,Motorway (not London),0.00607152841985,0.00012982689077,0.000115622875455
2016,Scotland,2,7.4,6,B100 Artic HGV,Motorway (not London),0.00667868088931,8.09875928098e-05,6.92255416652e-05
2016,Scotland,2,7.4,6,B100 Bus,Motorway (not London),0.00504691433161,6.04455635766e-05,5.0539169024e-05
2016,Scotland,2,7.4,6,B100 Coach,Motorway (not London),0.0072001600638,5.18123997608e-05,4.23376659455e-05
2016,Scotland,2,7.4,6,B100 Rigid HGV,Motorway (not London),0.00409103464335,5.0402188208e-05,4.12835506722e-05
2016,Scotland,2,7.4,6,Battery EV Cars,Motorway (not London),0.0,4.0696081669e-06,2.40208009927e-06
2016,Scotland,2,7.4,6,Battery EV LGV,Motorway (not London),0.0,5.21319179825e-06,3.13913324135e-06
2016,Scotland,2,7.4,6,Biogas Bus,Motorway (not London),0.00069444446126,1.93561409105e-05,1.15042184916e-05
2016,Scotland,2,7.4,6,Biomethane Bus,Motorway (not London),0.00069444446126,1.93561409105e-05,1.15042184916e-05
2016,Scotland,2,7.4,6,Bus and Coach,Motorway (not London),0.00654560001567,0.000121738994494,0.000108767933853
2016,Scotland,2,7.4,6,CNG Bus,Motorway (not London),0.00069444446126,1.93561409105e-05,1.15042184916e-05
2016,Scotland,2,7.4,6,Diesel Car,Motorway (not London),0.000376376206987,1.98265224753e-05,1.7371148715e-05
2016,Scotland,2,7.4,6,E85 Bioethanol Cars,Motorway (not London),0.000207498262171,4.49569142802e-06,2.80685890175e-06
2016,Scotland,2,7.4,6,E85 Bioethanol LGV,Motorway (not London),0.00019316918042,5.63927460462e-06,3.5439122712e-06
2016,Scotland,2,7.4,6,FCEV Bus,Motorway (not London),0.0,1.79672515515e-05,1.018477451e-05
2016,Scotland,2,7.4,6,FCEV Cars,Motorway (not London),0.0,4.0696081669e-06,2.40208009927e-06
2016,Scotland,2,7.4,6,FCEV LGV,Motorway (not London),0.0,5.21319179825e-06,3.13913324135e-06
2016,Scotland,2,7.4,6,Full Hybrid Diesel Cars,Motorway (not London),0.00027608484379,1.42747267091e-05,1.20969425552e-05
2016,Scotland,2,7.4,6,Full Hybrid Petrol Cars,Motorway (not London),0.000217896289541,4.60221190224e-06,2.90805360237e-06
2016,Scotland,2,7.4,6,Full Hybrid Petrol LGV,Motorway (not London),1.35213149406e-05,5.42490988664e-06,3.34026572091e-06
2016,Scotland,2,7.4,6,Hybrid Bus,Motorway (not London),0.00343760405667,3.7766447349e-05,2.89940089715e-05
2016,Scotland,2,7.4,6,LGV,Motorway (not London),0.000471269304398,3.514879063e-05,3.15779543598e-05
2016,Scotland,2,7.4,6,LPG Cars,Motorway (not London),3.1666666473e-05,4.60221190224e-06,2.90805360237e-06
2016,Scotland,2,7.4,6,LPG LGV,Motorway (not London),8.90551746124e-05,5.74579553358e-06,3.64510697182e-06
2016,Scotland,2,7.4,6,Motorcycle,Motorway (not London),5.5633860029e-05,2.54074529948e-06,1.79528831268e-06
2016,Scotland,2,7.4,6,Petrol Car,Motorway (not London),0.000207498262171,4.60221190224e-06,2.90805360237e-06
2016,Scotland,2,7.4,6,Plug-In Hybrid Petrol Cars,Motorway (not London),4.35792571807e-05,4.12286863138e-06,2.4526773359e-06
2016,Scotland,2,7.4,6,Plug-In Hybrid Petrol LGV,Motorway (not London),8.46194088808e-05,5.23373819306e-06,3.15865236189e-06
2016,Scotland,2,7.4,6,Rigid HGV,Motorway (not London),0.00371912261471,7.7863347542e-05,6.7371649493e-05
2016,Scotland,2,7.4,7,Artic HGV,Motorway (not London),0.00607152841985,0.00012982689077,0.000115622875455
2016,Scotland,2,7.4,7,B100 Artic HGV,Motorway (not London),0.00667868088931,8.09875928098e-05,6.92255416652e-05
2016,Scotland,2,7.4,7,B100 Bus,Motorway (not London),0.00504691433161,6.04455635766e-05,5.0539169024e-05
2016,Scotland,2,7.4,7,B100 Coach,Motorway (not London),0.0072001600638,5.18123997608e-05,4.23376659455e-05
2016,Scotland,2,7.4,7,B100 Rigid HGV,Motorway (not London),0.00409103464335,5.0402188208e-05,4.12835506722e-05
2016,Scotland,2,7.4,7,Battery EV Cars,Motorway (not London),0.0,4.0696081669e-06,2.40208009927e-06
2016,Scotland,2,7.4,7,Battery EV LGV,Motorway (not London),0.0,5.21319179825e-06,3.13913324135e-06
2016,Scotland,2,7.4,7,Biogas Bus,Motorway (not London),0.00069444446126,1.93561409105e-05,1.15042184916e-05
2016,Scotland,2,7.4,7,Biomethane Bus,Motorway (not London),0.00069444446126,1.93561409105e-05,1.15042184916e-05
2016,Scotland,2,7.4,7,Bus and Coach,Motorway (not London),0.00654560001567,0.000121738994494,0.000108767933853
2016,Scotland,2,7.4,7,CNG Bus,Motorway (not London),0.00069444446126,1.93561409105e-05,1.15042184916e-05
2016,Scotland,2,7.4,7,Diesel Car,Motorway (not London),0.000376376206987,1.98265224753e-05,1.7371148715e-05
2016,Scotland,2,7.4,7,E85 Bioethanol Cars,Motorway (not London),0.000206096097827,4.49569142802e-06,2.80685890175e-06
2016,Scotland,2,7.4,7,E85 Bioethanol LGV,Motorway (not London),0.000192944920855,5.63927460462e-06,3.5439122712e-06
2016,Scotland,2,7.4,7,FCEV Bus,Motorway (not London),0.0,1.79672515515e-05,1.018477451e-05
2016,Scotland,2,7.4,7,FCEV Cars,Motorway (not London),0.0,4.0696081669e-06,2.40208009927e-06
2016,Scotland,2,7.4,7,FCEV LGV,Motorway (not London),0.0,5.21319179825e-06,3.13913324135e-06
2016,Scotland,2,7.4,7,Full Hybrid Diesel Cars,Motorway (not London),0.00027608484379,1.42747267091e-05,1.20969425552e-05
2016,Scotland,2,7.4,7,Full Hybrid Petrol Cars,Motorway (not London),0.000217896289541,4.60221190224e-06,2.90805360237e-06
2016,Scotland,2,7.4,7,Full Hybrid Petrol LGV,Motorway (not London),1.34679821713e-05,5.42490988664e-06,3.34026572091e-06
2016,Scotland,2,7.4,7,Hybrid Bus,Motorway (not London),0.00304097239859,3.7766447349e-05,2.89940089715e-05
2016,Scotland,2,7.4,7,LGV,Motorway (not London),0.000471261970233,3.514879063e-05,3.15779543598e-05
2016,Scotland,2,7.4,7,LPG Cars,Motorway (not London),3.1666666473e-05,4.60221190224e-06,2.90805360237e-06
2016,Scotland,2,7.4,7,LPG LGV,Motorway (not London),8.90551746124e-05,5.74579553358e-06,3.64510697182e-06
2016,Scotland,2,7.4,7,Motorcycle,Motorway (not London),5.5633860029e-05,2.54074529948e-06,1.79528831268e-06
2016,Scotland,2,7.4,7,Petrol Car,Motorway (not London),0.000206096097827,4.60221190224e-06,2.90805360237e-06
2016,Scotland,2,7.4,7,Plug-In Hybrid Petrol Cars,Motorway (not London),4.35792571807e-05,4.12286863138e-06,2.4526773359e-06
2016,Scotland,2,7.4,7,Plug-In Hybrid Petrol LGV,Motorway (not London),8.46194088808e-05,5.23303015143e-06,3.15798001793e-06
2016,Scotland,2,7.4,7,Rigid HGV,Motorway (not London),0.00371912261471,7.7863347542e-05,6.7371649493e-05
2016,Scotland,2,7.4,8,Artic HGV,Motorway (not London),0.00607152841985,0.00012982689077,0.000115622875455
2016,Scotland,2,7.4,8,B100 Artic HGV,Motorway (not London),0.00667868088931,8.09875928098e-05,6.92255416652e-05
2016,Scotland,2,7.4,8,B100 Bus,Motorway (not London),0.00504691433161,6.04455635766e-05,5.0539169024e-05
2016,Scotland,2,7.4,8,B100 Coach,Motorway (not London),0.0072001600638,5.18123997608e-05,4.23376659455e-05
2016,Scotland,2,7.4,8,B100 Rigid HGV,Motorway (not London),0.00409103464335,5.0402188208e-05,4.12835506722e-05
2016,Scotland,2,7.4,8,Battery EV Cars,Motorway (not London),0.0,4.0696081669e-06,2.40208009927e-06
2016,Scotland,2,7.4,8,Battery EV LGV,Motorway (not London),0.0,5.21319179825e-06,3.13913324135e-06
2016,Scotland,2,7.4,8,Biogas Bus,Motorway (not London),0.00069444446126,1.93561409105e-05,1.15042184916e-05
2016,Scotland,2,7.4,8,Biomethane Bus,Motorway (not London),0.00069444446126,1.93561409105e-05,1.15042184916e-05
2016,Scotland,2,7.4,8,Bus and Coach,Motorway (not London),0.00654560001567,0.000121738994494,0.000108767933853
2016,Scotland,2,7.4,8,CNG Bus,Motorway (not London),0.00069444446126,1.93561409105e-05,1.15042184916e-05
2016,Scotland,2,7.4,8,Diesel Car,Motorway (not London),0.000376376206987,1.98265224753e-05,1.7371148715e-05
2016,Scotland,2,7.4,8,E85 Bioethanol Cars,Motorway (not London),0.000204632087843,4.49569142802e-06,2.80685890175e-06
2016,Scotland,2,7.4,8,E85 Bioethanol LGV,Motorway (not London),0.000192710765987,5.63927460462e-06,3.5439122712e-06
2016,Scotland,2,7.4,8,FCEV Bus,Motorway (not London),0.0,1.79672515515e-05,1.018477451e-05
2016,Scotland,2,7.4,8,FCEV Cars,Motorway (not London),0.0,4.0696081669e-06,2.40208009927e-06
2016,Scotland,2,7.4,8,FCEV LGV,Motorway (not London),0.0,5.21319179825e-06,3.13913324135e-06
2016,Scotland,2,7.4,8,Full Hybrid Diesel Cars,Motorway (not London),0.00027608484379,1.42747267091e-05,1.20969425552e-05
2016,Scotland,2,7.4,8,Full Hybrid Petrol Cars,Motorway (not London),0.000217896289541,4.60221190224e-06,2.90805360237e-06
2016,Scotland,2,7.4,8,Full Hybrid Petrol LGV,Motorway (not London),1.3415158719e-05,5.42490988664e-06,3.34026572091e-06
2016,Scotland,2,7.4,8,Hybrid Bus,Motorway (not London),0.00274155149236,3.7766447349e-05,2.89940089715e-05
2016,Scotland,2,7.4,8,LGV,Motorway (not London),0.000471254315926,3.514879063e-05,3.15779543598e-05
2016,Scotland,2,7.4,8,LPG Cars,Motorway (not London),3.1666666473e-05,4.60221190224e-06,2.90805360237e-06
2016,Scotland,2,7.4,8,LPG LGV,Motorway (not London),8.90551746124e-05,5.74579553358e-06,3.64510697182e-06
2016,Scotland,2,7.4,8,Motorcycle,Motorway (not London),5.5633860029e-05,2.54074529948e-06,1.79528831268e-06
2016,Scotland,2,7.4,8,Petrol Car,Motorway (not London),0.000204632087843,4.60221190224e-06,2.90805360237e-06
2016,Scotland,2,7.4,8,Plug-In Hybrid Petrol Cars,Motorway (not London),4.35792571807e-05,4.12286863138e-06,2.4526773359e-06
2016,Scotland,2,7.4,8,Plug-In Hybrid Petrol LGV,Motorway (not London),8.46194088808e-05,5.23238622918e-06,3.15736838274e-06
2016,Scotland,2,7.4,8,Rigid HGV,Motorway (not London),0.00371912261471,7.7863347542e-05,6.7371649493e-05
2016,Scotland,2,7.4,9,Artic HGV,Motorway (not London),0.00607152841985,0.00012982689077,0.000115622875455
2016,Scotland,2,7.4,9,B100 Artic HGV,Motorway (not London),0.00667868088931,8.09875928098e-05,6.92255416652e-05
2016,Scotland,2,7.4,9,B100 Bus,Motorway (not London),0.00504691433161,6.04455635766e-05,5.0539169024e-05
2016,Scotland,2,7.4,9,B100 Coach,Motorway (not London),0.0072001600638,5.18123997608e-05,4.23376659455e-05
2016,Scotland,2,7.4,9,B100 Rigid HGV,Motorway (not London),0.00409103464335,5.0402188208e-05,4.12835506722e-05
2016,Scotland,2,7.4,9,Battery EV Cars,Motorway (not London),0.0,4.0696081669e-06,2.40208009927e-06
2016,Scotland,2,7.4,9,Battery EV LGV,Motorway (not London),0.0,5.21319179825e-06,3.13913324135e-06
2016,Scotland,2,7.4,9,Biogas Bus,Motorway (not London),0.00069444446126,1.93561409105e-05,1.15042184916e-05
2016,Scotland,2,7.4,9,Biomethane Bus,Motorway (not London),0.00069444446126,1.93561409105e-05,1.15042184916e-05
2016,Scotland,2,7.4,9,Bus and Coach,Motorway (not London),0.00654560001567,0.000121738994494,0.000108767933853
2016,Scotland,2,7.4,9,CNG Bus,Motorway (not London),0.00069444446126,1.93561409105e-05,1.15042184916e-05
2016,Scotland,2,7.4,9,Diesel Car,Motorway (not London),0.000376376206987,1.98265224753e-05,1.7371148715e-05
2016,Scotland,2,7.4,9,E85 Bioethanol Cars,Motorway (not London),0.000203107148991,4.49569142802e-06,2.80685890175e-06
2016,Scotland,2,7.4,9,E85 Bioethanol LGV,Motorway (not London),0.000192466875887,5.63927460462e-06,3.5439122712e-06
2016,Scotland,2,7.4,9,FCEV Bus,Motorway (not London),0.0,1.79672515515e-05,1.018477451e-05
2016,Scotland,2,7.4,9,FCEV Cars,Motorway (not London),0.0,4.0696081669e-06,2.40208009927e-06
2016,Scotland,2,7.4,9,FCEV LGV,Motorway (not London),0.0,5.21319179825e-06,3.13913324135e-06
2016,Scotland,2,7.4,9,Full Hybrid Diesel Cars,Motorway (not London),0.00027608484379,1.42747267091e-05,1.20969425552e-05
2016,Scotland,2,7.4,9,Full Hybrid Petrol Cars,Motorway (not London),0.000217896289541,4.60221190224e-06,2.90805360237e-06
2016,Scotland,2,7.4,9,Full Hybrid Petrol LGV,Motorway (not London),1.33628445838e-05,5.42490988664e-06,3.34026572091e-06
2016,Scotland,2,7.4,9,Hybrid Bus,Motorway (not London),0.00250743003562,3.7766447349e-05,2.89940089715e-05
2016,Scotland,2,7.4,9,LGV,Motorway (not London),0.000471246341476,3.514879063e-05,3.15779543598e-05
2016,Scotland,2,7.4,9,LPG Cars,Motorway (not London),3.1666666473e-05,4.60221190224e-06,2.90805360237e-06
2016,Scotland,2,7.4,9,LPG LGV,Motorway (not London),8.90551746124e-05,5.74579553358e-06,3.64510697182e-06
2016,Scotland,2,7.4,9,Motorcycle,Motorway (not London),5.5633860029e-05,2.54074529948e-06,1.79528831268e-06
2016,Scotland,2,7.4,9,Petrol Car,Motorway (not London),0.000203107148991,4.60221190224e-06,2.90805360237e-06
2016,Scotland,2,7.4,9,Plug-In Hybrid Petrol Cars,Motorway (not London),4.35792571807e-05,4.12286863138e-06,2.4526773359e-06
2016,Scotland,2,7.4,9,Plug-In Hybrid Petrol LGV,Motorway (not London),8.46194088808e-05,5.23184007761e-06,3.15684928864e-06
2016,Scotland,2,7.4,9,Rigid HGV,Motorway (not London),0.00371912261471,7.7863347542e-05,6.7371649493e-05
2016,Scotland,2,7.4,10,Artic HGV,Motorway (not London),0.00607152841985,0.00012982689077,0.000115622875455
2016,Scotland,2,7.4,10,B100 Artic HGV,Motorway (not London),0.00667868088931,8.09875928098e-05,6.92255416652e-05
2016,Scotland,2,7.4,10,B100 Bus,Motorway (not London),0.00504691433161,6.04455635766e-05,5.0539169024e-05
2016,Scotland,2,7.4,10,B100 Coach,Motorway (not London),0.0072001600638,5.18123997608e-05,4.23376659455e-05
2016,Scotland,2,7.4,10,B100 Rigid HGV,Motorway (not London),0.00409103464335,5.0402188208e-05,4.12835506722e-05
2016,Scotland,2,7.4,10,Battery EV Cars,Motorway (not London),0.0,4.0696081669e-06,2.40208009927e-06
2016,Scotland,2,7.4,10,Battery EV LGV,Motorway (not London),0.0,5.21319179825e-06,3.13913324135e-06
2016,Scotland,2,7.4,10,Biogas Bus,Motorway (not London),0.00069444446126,1.93561409105e-05,1.15042184916e-05
2016,Scotland,2,7.4,10,Biomethane Bus,Motorway (not London),0.00069444446126,1.93561409105e-05,1.15042184916e-05
2016,Scotland,2,7.4,10,Bus and Coach,Motorway (not London),0.00654560001567,0.000121738994494,0.000108767933853
2016,Scotland,2,7.4,10,CNG Bus,Motorway (not London),0.00069444446126,1.93561409105e-05,1.15042184916e-05
2016,Scotland,2,7.4,10,Diesel Car,Motorway (not London),0.000376376206987,1.98265224753e-05,1.7371148715e-05
2016,Scotland,2,7.4,10,E85 Bioethanol Cars,Motorway (not London),0.000201522721909,4.49569142802e-06,2.80685890175e-06
2016,Scotland,2,7.4,10,E85 Bioethanol LGV,Motorway (not London),0.000192213468836,5.63927460462e-06,3.5439122712e-06
2016,Scotland,2,7.4,10,FCEV Bus,Motorway (not London),0.0,1.79672515515e-05,1.018477451e-05
2016,Scotland,2,7.4,10,FCEV Cars,Motorway (not London),0.0,4.0696081669e-06,2.40208009927e-06
2016,Scotland,2,7.4,10,FCEV LGV,Motorway (not London),0.0,5.21319179825e-06,3.13913324135e-06
2016,Scotland,2,7.4,10,Full Hybrid Diesel Cars,Motorway (not London),0.00027608484379,1.42747267091e-05,1.20969425552e-05
2016,Scotland,2,7.4,10,Full Hybrid Petrol Cars,Motorway (not London),0.000217896289541,4.60221190224e-06,2.90805360237e-06
2016,Scotland,2,7.4,10,Full Hybrid Petrol LGV,Motorway (not London),1.3311038856e-05,5.42490988664e-06,3.34026572091e-06
2016,Scotland,2,7.4,10,Hybrid Bus,Motorway (not London),0.00231695338152,3.7766447349e-05,2.89940089715e-05
2016,Scotland,2,7.4,10,LGV,Motorway (not London),0.000471238075988,3.514879063e-05,3.15779543598e-05
2016,Scotland,2,7.4,10,LPG Cars,Motorway (not London),3.1666666473e-05,4.60221190224e-06,2.90805360237e-06
2016,Scotland,2,7.4,10,LPG LGV,Motorway (not London),8.90551746124e-05,5.74579553358e-06,3.64510697182e-06
2016,Scotland,2,7.4,10,Motorcycle,Motorway (not London),5.5633860029e-05,2.54074529948e-06,1.79528831268e-06
2016,Scotland,2,7.4,10,Petrol Car,Motorway (not London),0.000201522721909,4.60221190224e-06,2.90805360237e-06
2016,Scotland,2,7.4,10,Plug-In Hybrid Petrol Cars,Motorway (not London),4.35792571807e-05,4.12286863138e-06,2.4526773359e-06
2016,Scotland,2,7.4,10,Plug-In Hybrid Petrol LGV,Motorway (not London),8.46194088808e-05,5.23139169673e-06,3.15642341775e-06
2016,Scotland,2,7.4,10,Rigid HGV,Motorway (not London),0.00371912261471,7.7863347542e-05,6.7371649493e-05
2016,Scotland,2,7.4,12,Artic HGV,Motorway (not London),0.00607152841985,0.00012982689077,0.000115622875455
2016,Scotland,2,7.4,12,B100 Artic HGV,Motorway (not London),0.00667868088931,8.09875928098e-05,6.92255416652e-05
2016,Scotland,2,7.4,12,B100 Bus,Motorway (not London),0.00477402051911,5.78872059123e-05,4.81087299704e-05
2016,Scotland,2,7.4,12,B100 Coach,Motorway (not London),0.0072001600638,4.98055705975e-05,4.04311795137e-05
2016,Scotland,2,7.4,12,B100 Rigid HGV,Motorway (not London),0.00409103464335,5.0402188208e-05,4.12835506722e-05
2016,Scotland,2,7.4,12,Battery EV Cars,Motorway (not London),0.0,4.0696081669e-06,2.40208009927e-06
2016,Scotland,2,7.4,12,Battery EV LGV,Motorway (not London),0.0,5.21319179825e-06,3.13913324135e-06
2016,Scotland,2,7.4,12,Biogas Bus,Motorway (not London),0.00069444446126,1.93561409105e-05,1.15042184916e-05
2016,Scotland,2,7.4,12,Biomethane Bus,Motorway (not London),0.00069444446126,1.93561409105e-05,1.15042184916e-05
2016,Scotland,2,7.4,12,Bus and Coach,Motorway (not London),0.00654560001567,0.000121738994494,0.000108767933853
2016,Scotland,2,7.4,12,CNG Bus,Motorway (not London),0.00069444446126,1.93561409105e-05,1.15042184916e-05
2016,Scotland,2,7.4,12,Diesel Car,Motorway (not London),0.000346889166394,1.93173927983e-05,1.68874757946e-05
2016,Scotland,2,7.4,12,E85 Bioethanol Cars,Motorway (not London),0.000198872949113,4.49569142802e-06,2.80685890175e-06
2016,Scotland,2,7.4,12,E85 Bioethanol LGV,Motorway (not London),0.000191395360162,5.63927460462e-06,3.5439122712e-06
2016,Scotland,2,7.4,12,FCEV Bus,Motorway (not London),0.0,1.79672515515e-05,1.018477451e-05
2016,Scotland,2,7.4,12,FCEV Cars,Motorway (not London),0.0,4.0696081669e-06,2.40208009927e-06
2016,Scotland,2,7.4,12,FCEV LGV,Motorway (not London),0.0,5.21319179825e-06,3.13913324135e-06
2016,Scotland,2,7.4,12,Full Hybrid Diesel Cars,Motorway (not London),0.000260619359324,1.40385163832e-05,1.1872542018e-05
2016,Scotland,2,7.4,12,Full Hybrid Petrol Cars,Motorway (not London),0.000219869747525,4.60221190224e-06,2.90805360237e-06
2016,Scotland,2,7.4,12,Full Hybrid Petrol LGV,Motorway (not London),1.29564023155e-05,5.42490988664e-06,3.34026572091e-06
2016,Scotland,2,7.4,12,Hybrid Bus,Motorway (not London),0.00201882841066,3.57366188837e-05,2.70656746579e-05
2016,Scotland,2,7.4,12,LGV,Motorway (not London),0.00045589581714,3.36018820235e-05,3.01083891827e-05
2016,Scotland,2,7.4,12,LPG Cars,Motorway (not London),3.1666666473e-05,4.60221190224e-06,2.90805360237e-06
2016,Scotland,2,7.4,12,LPG LGV,Motorway (not London),8.57494960655e-05,5.74579553358e-06,3.64510697182e-06
2016,Scotland,2,7.4,12,Motorcycle,Motorway (not London),5.21571819263e-05,2.54074529948e-06,1.79528831268e-06
2016,Scotland,2,7.4,12,Petrol Car,Motorway (not London),0.000198872949113,4.60221190224e-06,2.90805360237e-06
2016,Scotland,2,7.4,12,Plug-In Hybrid Petrol Cars,Motorway (not London),4.39739524154e-05,4.12286863138e-06,2.4526773359e-06
2016,Scotland,2,7.4,12,Plug-In Hybrid Petrol LGV,Motorway (not London),8.60859145178e-05,5.23036760569e-06,3.15545048579e-06
2016,Scotland,2,7.4,12,Rigid HGV,Motorway (not London),0.00371912261471,7.7863347542e-05,6.7371649493e-05
2016,Scotland,2,7.4,14,Artic HGV,Motorway (not London),0.00559500418603,0.000124190526549,0.000110268338176
2016,Scotland,2,7.4,14,B100 Artic HGV,Motorway (not London),0.00615450460464,7.78875983087e-05,6.62805468892e-05
2016,Scotland,2,7.4,14,B100 Bus,Motorway (not London),0.00433498760685,5.38220992894e-05,4.42468772235e-05
2016,Scotland,2,7.4,14,B100 Coach,Motorway (not London),0.00638745957986,4.62252646685e-05,3.70298876078e-05
2016,Scotland,2,7.4,14,B100 Rigid HGV,Motorway (not London),0.00373705918901,4.8625672207e-05,3.95958631998e-05
2016,Scotland,2,7.4,14,Battery EV Cars,Motorway (not London),0.0,4.0696081669e-06,2.40208009927e-06
2016,Scotland,2,7.4,14,Battery EV LGV,Motorway (not London),0.0,5.21319179825e-06,3.13913324135e-06
2016,Scotland,2,7.4,14,Biogas Bus,Motorway (not London),0.00069444446126,1.93561409105e-05,1.15042184916e-05
2016,Scotland,2,7.4,14,Biomethane Bus,Motorway (not London),0.00069444446126,1.93561409105e-05,1.15042184916e-05
2016,Scotland,2,7.4,14,Bus and Coach,Motorway (not London),0.00580678135157,0.000110799861432,9.83757490758e-05
2016,Scotland,2,7.4,14,CNG Bus,Motorway (not London),0.00069444446126,1.93561409105e-05,1.15042184916e-05
2016,Scotland,2,7.4,14,Diesel Car,Motorway (not London),0.000322103645885,1.88264530152e-05,1.64210832736e-05
2016,Scotland,2,7.4,14,E85 Bioethanol Cars,Motorway (not London),0.000196055218112,4.49569142802e-06,2.80685890175e-06
2016,Scotland,2,7.4,14,E85 Bioethanol LGV,Motorway (not London),0.000190627455595,5.63927460462e-06,3.5439122712e-06
2016,Scotland,2,7.4,14,FCEV Bus,Motorway (not London),0.0,1.79672515515e-05,1.018477451e-05
2016,Scotland,2,7.4,14,FCEV Cars,Motorway (not London),0.0,4.0696081669e-06,2.40208009927e-06
2016,Scotland,2,7.4,14,FCEV LGV,Motorway (not London),0.0,5.21319179825e-06,3.13913324135e-06
2016,Scotland,2,7.4,14,Full Hybrid Diesel Cars,Motorway (not London),0.000248000113061,1.38094155773e-05,1.16548972073e-05
2016,Scotland,2,7.4,14,Full Hybrid Petrol Cars,Motorway (not London),0.000221957074245,4.60221190224e-06,2.90805360237e-06
2016,Scotland,2,7.4,14,Full Hybrid Petrol LGV,Motorway (not London),1.261419402e-05,5.42490988664e-06,3.34026572091e-06
2016,Scotland,2,7.4,14,Hybrid Bus,Motorway (not London),0.00179031398147,3.41638224199e-05,2.55715149251e-05
2016,Scotland,2,7.4,14,LGV,Motorway (not London),0.000441328942543,3.21261431964e-05,2.87064358417e-05
2016,Scotland,2,7.4,14,LPG Cars,Motorway (not London),3.1666666473e-05,4.60221190224e-06,2.90805360237e-06
2016,Scotland,2,7.4,14,LPG LGV,Motorway (not London),8.26807736303e-05,5.74579553358e-06,3.64510697182e-06
2016,Scotland,2,7.4,14,Motorcycle,Motorway (not London),4.89172598463e-05,2.54074529948e-06,1.79528831268e-06
2016,Scotland,2,7.4,14,Petrol Car,Motorway (not London),0.000196055218112,4.60221190224e-06,2.90805360237e-06
2016,Scotland,2,7.4,14,Plug-In Hybrid Petrol Cars,Motorway (not London),4.43914141215e-05,4.12286863138e-06,2.4526773359e-06
2016,Scotland,2,7.4,14,Plug-In Hybrid Petrol LGV,Motorway (not London),8.75659025041e-05,5.22965819982e-06,3.15477655022e-06
2016,Scotland,2,7.4,14,Rigid HGV,Motorway (not London),0.00339732645079,7.46333171264e-05,6.43031307845e-05
2016,Scotland,2,7.4,16,Artic HGV,Motorway (not London),0.00521416310221,0.000118885960546,0.000105228988104
2016,Scotland,2,7.4,16,B100 Artic HGV,Motorway (not London),0.00573557941243,7.49700848246e-05,6.35089090792e-05
2016,Scotland,2,7.4,16,B100 Bus,Motorway (not London),0.00399636337534,5.07383992954e-05,4.13173656852e-05
2016,Scotland,2,7.4,16,B100 Coach,Motorway (not London),0.00576888024807,4.34524445154e-05,3.43957071891e-05
2016,Scotland,2,7.4,16,B100 Rigid HGV,Motorway (not London),0.00346160726622,4.69622973469e-05,3.80156561732e-05
2016,Scotland,2,7.4,16,Battery EV Cars,Motorway (not London),0.0,4.0696081669e-06,2.40208009927e-06
2016,Scotland,2,7.4,16,Battery EV LGV,Motorway (not London),0.0,5.21319179825e-06,3.13913324135e-06
2016,Scotland,2,7.4,16,Biogas Bus,Motorway (not London),0.00069444446126,1.93561409105e-05,1.15042184916e-05
2016,Scotland,2,7.4,16,Biomethane Bus,Motorway (not London),0.00069444446126,1.93561409105e-05,1.15042184916e-05
2016,Scotland,2,7.4,16,Bus and Coach,Motorway (not London),0.00524443667382,0.000102379606687,9.0376510343e-05
2016,Scotland,2,7.4,16,CNG Bus,Motorway (not London),0.00069444446126,1.93561409105e-05,1.15042184916e-05
2016,Scotland,2,7.4,16,Diesel Car,Motorway (not London),0.000301021937048,1.83537031262e-05,1.59719693329e-05
2016,Scotland,2,7.4,16,E85 Bioethanol Cars,Motorway (not London),0.000193100524484,4.49569142802e-06,2.80685890175e-06
2016,Scotland,2,7.4,16,E85 Bioethanol LGV,Motorway (not London),0.000189914702787,5.63927460462e-06,3.5439122712e-06
2016,Scotland,2,7.4,16,FCEV Bus,Motorway (not London),0.0,1.79672515515e-05,1.018477451e-05
2016,Scotland,2,7.4,16,FCEV Cars,Motorway (not London),0.0,4.0696081669e-06,2.40208009927e-06
2016,Scotland,2,7.4,16,FCEV LGV,Motorway (not London),0.0,5.21319179825e-06,3.13913324135e-06
2016,Scotland,2,7.4,16,Full Hybrid Diesel Cars,Motorway (not London),0.00023726055224,1.3587425201e-05,1.14440063044e-05
2016,Scotland,2,7.4,16,Full Hybrid Petrol Cars,Motorway (not London),0.000224158240599,4.60221190224e-06,2.90805360237e-06
2016,Scotland,2,7.4,16,Full Hybrid Petrol LGV,Motorway (not London),1.22844139696e-05,5.42490988664e-06,3.34026572091e-06
2016,Scotland,2,7.4,16,Hybrid Bus,Motorway (not London),0.00160647102166,3.29077229253e-05,2.43782196776e-05
2016,Scotland,2,7.4,16,LGV,Motorway (not London),0.000427478022175,3.07215705107e-05,2.73720925179e-05
2016,Scotland,2,7.4,16,LPG Cars,Motorway (not London),3.1666666473e-05,4.60221190224e-06,2.90805360237e-06
2016,Scotland,2,7.4,16,LPG LGV,Motorway (not London),7.98169276095e-05,5.74579553358e-06,3.64510697182e-06
2016,Scotland,2,7.4,16,Motorcycle,Motorway (not London),4.59157417936e-05,2.54074529948e-06,1.79528831268e-06
2016,Scotland,2,7.4,16,Petrol Car,Motorway (not London),0.000193100524484,4.60221190224e-06,2.90805360237e-06
2016,Scotland,2,7.4,16,Plug-In Hybrid Petrol Cars,Motorway (not London),4.48316495749e-05,4.12286863138e-06,2.4526773359e-06
2016,Scotland,2,7.4,16,Plug-In Hybrid Petrol LGV,Motorway (not London),8.905937284e-05,5.2291902648e-06,3.15433203468e-06
2016,Scotland,2,7.4,16,Rigid HGV,Motorway (not London),0.00314691569656,7.16089998605e-05,6.14300224697e-05
2016,Scotland,2,7.4,18,Artic HGV,Motorway (not London),0.00490115676075,0.000113905167382,0.000100497243693
2016,Scotland,2,7.4,18,B100 Artic HGV,Motorway (not London),0.00539127271622,7.22306504031e-05,6.09064481978e-05
2016,Scotland,2,7.4,18,B100 Bus,Motorway (not London),0.00372655666433,4.83221156173e-05,3.90218956454e-05
2016,Scotland,2,7.4,18,B100 Coach,Motorway (not London),0.0052819494158,4.12375702581e-05,3.22915766446e-05
2016,Scotland,2,7.4,18,B100 Rigid HGV,Motorway (not London),0.00324074341916,4.54089713458e-05,3.65399973816e-05
2016,Scotland,2,7.4,18,Battery EV Cars,Motorway (not London),0.0,4.0696081669e-06,2.40208009927e-06
2016,Scotland,2,7.4,18,Battery EV LGV,Motorway (not London),0.0,5.21319179825e-06,3.13913324135e-06
2016,Scotland,2,7.4,18,Biogas Bus,Motorway (not London),0.00069444446126,1.93561409105e-05,1.15042184916e-05
2016,Scotland,2,7.4,18,Biomethane Bus,Motorway (not London),0.00069444446126,1.93561409105e-05,1.15042184916e-05
2016,Scotland,2,7.4,18,Bus and Coach,Motorway (not London),0.00480177206919,9.56853255047e-05,8.40169377625e-05
2016,Scotland,2,7.4,18,CNG Bus,Motorway (not London),0.00069444446126,1.93561409105e-05,1.15042184916e-05
2016,Scotland,2,7.4,18,Diesel Car,Motorway (not London),0.000282911991235,1.78991431312e-05,1.55401376105e-05
2016,Scotland,2,7.4,18,E85 Bioethanol Cars,Motorway (not London),0.00019004882779,4.49569142802e-06,2.80685890175e-06
2016,Scotland,2,7.4,18,E85 Bioethanol LGV,Motorway (not London),0.000189263504581,5.63927460462e-06,3.5439122712e-06
2016,Scotland,2,7.4,18,FCEV Bus,Motorway (not London),0.0,1.79672515515e-05,1.018477451e-05
2016,Scotland,2,7.4,18,FCEV Cars,Motorway (not London),0.0,4.0696081669e-06,2.40208009927e-06
2016,Scotland,2,7.4,18,FCEV LGV,Motorway (not London),0.0,5.21319179825e-06,3.13913324135e-06
2016,Scotland,2,7.4,18,Full Hybrid Diesel Cars,Motorway (not London),0.000227859200095,1.33725452542e-05,1.12398702186e-05
2016,Scotland,2,7.4,18,Full Hybrid Petrol Cars,Motorway (not London),0.000226473261137,4.60221190224e-06,2.90805360237e-06
2016,Scotland,2,7.4,18,Full Hybrid Petrol LGV,Motorway (not London),1.19670639833e-05,5.42490988664e-06,3.34026572091e-06
2016,Scotland,2,7.4,18,Hybrid Bus,Motorway (not London),0.00145406892989,3.18783095281e-05,2.34002800426e-05
2016,Scotland,2,7.4,18,LGV,Motorway (not London),0.000414299574913,2.93881676043e-05,2.61053592112e-05
2016,Scotland,2,7.4,18,LPG Cars,Motorway (not London),3.1666666473e-05,4.60221190224e-06,2.90805360237e-06
2016,Scotland,2,7.4,18,LPG LGV,Motorway (not London),7.71343984525e-05,5.74579553358e-06,3.64510697182e-06
2016,Scotland,2,7.4,18,Motorcycle,Motorway (not London),4.31539810961e-05,2.54074529948e-06,1.79528831268e-06
2016,Scotland,2,7.4,18,Petrol Car,Motorway (not London),0.00019004882779,4.60221190224e-06,2.90805360237e-06
2016,Scotland,2,7.4,18,Plug-In Hybrid Petrol Cars,Motorway (not London),4.52946551377e-05,4.12286863138e-06,2.4526773359e-06
2016,Scotland,2,7.4,18,Plug-In Hybrid Petrol LGV,Motorway (not London),9.05663255253e-05,5.22891195942e-06,3.1540675991e-06
2016,Scotland,2,7.4,18,Rigid HGV,Motorway (not London),0.00294613046572,6.87847714289e-05,5.87470058235e-05
2016,Scotland,2,7.4,20,Artic HGV,Motorway (not London),0.0046382653527,0.000109240187157,9.6065508842e-05
2016,Scotland,2,7.4,20,B100 Artic HGV,Motorway (not London),0.00510209193453,6.96649076417e-05,5.84689914831e-05
2016,Scotland,2,7.4,20,B100 Bus,Motorway (not London),0.00350607815199,4.63813448732e-05,3.717816071e-05
2016,Scotland,2,7.4,20,B100 Coach,Motorway (not London),0.00488856621087,3.94252201659e-05,3.05698449665e-05
2016,Scotland,2,7.4,20,B100 Rigid HGV,Motorway (not London),0.00305952643976,4.39625982835e-05,3.51659437001e-05
2016,Scotland,2,7.4,20,Battery EV Cars,Motorway (not London),0.0,4.0696081669e-06,2.40208009927e-06
2016,Scotland,2,7.4,20,Battery EV LGV,Motorway (not London),0.0,5.21319179825e-06,3.13913324135e-06
2016,Scotland,2,7.4,20,Biogas Bus,Motorway (not London),0.00069444446126,1.93561409105e-05,1.15042184916e-05
2016,Scotland,2,7.4,20,Biomethane Bus,Motorway (not London),0.00069444446126,1.93561409105e-05,1.15042184916e-05
2016,Scotland,2,7.4,20,Bus and Coach,Motorway (not London),0.00444415118545,9.02285610209e-05,7.88330144132e-05
2016,Scotland,2,7.4,20,CNG Bus,Motorway (not London),0.00069444446126,1.93561409105e-05,1.15042184916e-05
2016,Scotland,2,7.4,20,Diesel Car,Motorway (not London),0.000267224619165,1.74627712113e-05,1.51255844685e-05
2016,Scotland,2,7.4,20,E85 Bioethanol Cars,Motorway (not London),0.000186603865586,4.49569142802e-06,2.80685890175e-06
2016,Scotland,2,7.4,20,E85 Bioethanol LGV,Motorway (not London),0.000188420570339,5.63927460462e-06,3.5439122712e-06
2016,Scotland,2,7.4,20,FCEV Bus,Motorway (not London),0.0,1.79672515515e-05,1.018477451e-05
2016,Scotland,2,7.4,20,FCEV Cars,Motorway (not London),0.0,4.0696081669e-06,2.40208009927e-06
2016,Scotland,2,7.4,20,FCEV LGV,Motorway (not London),0.0,5.21319179825e-06,3.13913324135e-06
2016,Scotland,2,7.4,20,Full Hybrid Diesel Cars,Motorway (not London),0.000219467459829,1.31647757371e-05,1.10424889499e-05
2016,Scotland,2,7.4,20,Full Hybrid Petrol Cars,Motorway (not London),0.000228902150411,4.60221190224e-06,2.90805360237e-06
2016,Scotland,2,7.4,20,Full Hybrid Petrol LGV,Motorway (not London),1.15722568808e-05,5.42490988664e-06,3.34026572091e-06
2016,Scotland,2,7.4,20,Hybrid Bus,Motorway (not London),0.00132508785464,3.10162322421e-05,2.25813037105e-05
2016,Scotland,2,7.4,20,LGV,Motorway (not London),0.000401752477046,2.81259326584e-05,2.49062377407e-05
2016,Scotland,2,7.4,20,LPG Cars,Motorway (not London),3.1666666473e-05,4.60221190224e-06,2.90805360237e-06
2016,Scotland,2,7.4,20,LPG LGV,Motorway (not London),7.46155201341e-05,5.74579553358e-06,3.64510697182e-06
2016,Scotland,2,7.4,20,Motorcycle,Motorway (not London),4.06330873375e-05,2.54074529948e-06,1.79528831268e-06
2016,Scotland,2,7.4,20,Petrol Car,Motorway (not London),0.000186603865586,4.60221190224e-06,2.90805360237e-06
2016,Scotland,2,7.4,20,Plug-In Hybrid Petrol Cars,Motorway (not London),4.57804308098e-05,4.12286863138e-06,2.4526773359e-06
2016,Scotland,2,7.4,20,Plug-In Hybrid Petrol LGV,Motorway (not London),9.2086767836e-05,5.22878553966e-06,3.1539475458e-06
2016,Scotland,2,7.4,20,Rigid HGV,Motorway (not London),0.00278138765134,6.61550075165e-05,5.62487293791e-05
2016,Scotland,2,7.4,25,Artic HGV,Motorway (not London),0.00413084682077,9.89069303614e-05,8.62489177962e-05
2016,Scotland,2,7.4,25,B100 Artic HGV,Motorway (not London),0.00454393122345,6.39816207695e-05,5.30698671355e-05
2016,Scotland,2,7.4,25,B100 Bus,Motorway (not London),0.00309693743475,4.2890325858e-05,3.3861691918e-05
2016,Scotland,2,7.4,25,B100 Coach,Motorway (not London),0.00417185435072,3.60617050319e-05,2.73745026789e-05
2016,Scotland,2,7.4,25,B100 Rigid HGV,Motorway (not London),0.00272260955535,4.07943189202e-05,3.2156076486e-05
2016,Scotland,2,7.4,25,Battery EV Cars,Motorway (not London),0.0,4.0696081669e-06,2.40208009927e-06
2016,Scotland,2,7.4,25,Battery EV LGV,Motorway (not London),0.0,5.21319179825e-06,3.13913324135e-06
2016,Scotland,2,7.4,25,Biogas Bus,Motorway (not London),0.00069444446126,1.93561409105e-05,1.15042184916e-05
2016,Scotland,2,7.4,25,Biomethane Bus,Motorway (not London),0.00069444446126,1.93561409105e-05,1.15042184916e-05
2016,Scotland,2,7.4,25,Bus and Coach,Motorway (not London),0.00379259488545,8.01537316875e-05,6.92619287292e-05
2016,Scotland,2,7.4,25,CNG Bus,Motorway (not London),0.00069444446126,1.93561409105e-05,1.15042184916e-05
2016,Scotland,2,7.4,25,Diesel Car,Motorway (not London),0.000236072810367,1.64514185599e-05,1.4164800632e-05
2016,Scotland,2,7.4,25,E85 Bioethanol Cars,Motorway (not London),0.000177479654667,4.49569142802e-06,2.80685890175e-06
2016,Scotland,2,7.4,25,E85 Bioethanol LGV,Motorway (not London),0.000186120319995,5.63927460462e-06,3.5439122712e-06
2016,Scotland,2,7.4,25,FCEV Bus,Motorway (not London),0.0,1.79672515515e-05,1.018477451e-05
2016,Scotland,2,7.4,25,FCEV Cars,Motorway (not London),0.0,4.0696081669e-06,2.40208009927e-06
2016,Scotland,2,7.4,25,FCEV LGV,Motorway (not London),0.0,5.21319179825e-06,3.13913324135e-06
2016,Scotland,2,7.4,25,Full Hybrid Diesel Cars,Motorway (not London),0.000201674178243,1.26764580273e-05,1.05785875348e-05
2016,Scotland,2,7.4,25,Full Hybrid Petrol Cars,Motorway (not London),0.000235472456552,4.60221190224e-06,2.90805360237e-06
2016,Scotland,2,7.4,25,Full Hybrid Petrol LGV,Motorway (not London),1.0447751265e-05,5.42490988664e-06,3.34026572091e-06
2016,Scotland,2,7.4,25,Hybrid Bus,Motorway (not London),0.00107416033279,2.93569355563e-05,2.10049729503e-05
2016,Scotland,2,7.4,25,LGV,Motorway (not London),0.000373016780941,2.52817080764e-05,2.22042235691e-05
2016,Scotland,2,7.4,25,LPG Cars,Motorway (not London),3.1666666473e-05,4.60221190224e-06,2.90805360237e-06
2016,Scotland,2,7.4,25,LPG LGV,Motorway (not London),6.89528387738e-05,5.74579553358e-06,3.64510697182e-06
2016,Scotland,2,7.4,25,Motorcycle,Motorway (not London),3.53896575689e-05,2.54074529948e-06,1.79528831268e-06
2016,Scotland,2,7.4,25,Petrol Car,Motorway (not London),0.000177479654667,4.60221190224e-06,2.90805360237e-06
2016,Scotland,2,7.4,25,Plug-In Hybrid Petrol Cars,Motorway (not London),4.70944942208e-05,4.12286863138e-06,2.4526773359e-06
2016,Scotland,2,7.4,25,Plug-In Hybrid Petrol LGV,Motorway (not London),9.59468598012e-05,5.22897289557e-06,3.15412557939e-06
2016,Scotland,2,7.4,25,Rigid HGV,Motorway (not London),0.00247509940527,6.03944936302e-05,5.07762451889e-05
2016,Scotland,2,7.4,30,Artic HGV,Motorway (not London),0.00376185285859,9.03727050172e-05,7.81414055382e-05
2016,Scotland,2,7.4,30,B100 Artic HGV,Motorway (not London),0.00413803802803,5.92877950112e-05,4.8610734666e-05
2016,Scotland,2,7.4,30,B100 Bus,Motorway (not London),0.00281347567216,4.05969731219e-05,3.16830082738e-05
2016,Scotland,2,7.4,30,B100 Coach,Motorway (not London),0.00368864974007,3.37382152793e-05,2.51671899605e-05
2016,Scotland,2,7.4,30,B100 Rigid HGV,Motorway (not London),0.00249059172347,3.82268917747e-05,2.97170226986e-05
2016,Scotland,2,7.4,30,Battery EV Cars,Motorway (not London),0.0,4.0696081669e-06,2.40208009927e-06
2016,Scotland,2,7.4,30,Battery EV LGV,Motorway (not London),0.0,5.21319179825e-06,3.13913324135e-06
2016,Scotland,2,7.4,30,Biogas Bus,Motorway (not London),0.00069444446126,1.93561409105e-05,1.15042184916e-05
2016,Scotland,2,7.4,30,Biomethane Bus,Motorway (not London),0.00069444446126,1.93561409105e-05,1.15042184916e-05
2016,Scotland,2,7.4,30,Bus and Coach,Motorway (not London),0.00335331796668,7.32399203116e-05,6.26938053756e-05
2016,Scotland,2,7.4,30,CNG Bus,Motorway (not London),0.00069444446126,1.93561409105e-05,1.15042184916e-05
2016,Scotland,2,7.4,30,Diesel Car,Motorway (not London),0.000213232997339,1.55537509272e-05,1.33120156534e-05
2016,Scotland,2,7.4,30,E85 Bioethanol Cars,Motorway (not London),0.000169627863215,4.49569142802e-06,2.80685890175e-06
2016,Scotland,2,7.4,30,E85 Bioethanol LGV,Motorway (not London),0.00018459954299,5.63927460462e-06,3.5439122712e-06
2016,Scotland,2,7.4,30,FCEV Bus,Motorway (not London),0.0,1.79672515515e-05,1.018477451e-05
2016,Scotland,2,7.4,30,FCEV Cars,Motorway (not London),0.0,4.0696081669e-06,2.40208009927e-06
2016,Scotland,2,7.4,30,FCEV LGV,Motorway (not London),0.0,5.21319179825e-06,3.13913324135e-06
2016,Scotland,2,7.4,30,Full Hybrid Diesel Cars,Motorway (not London),0.000187142431969,1.22325791381e-05,1.01569021353e-05
2016,Scotland,2,7.4,30,Full Hybrid Petrol Cars,Motorway (not London),0.0002427543659,4.60221190224e-06,2.90805360237e-06
2016,Scotland,2,7.4,30,Full Hybrid Petrol LGV,Motorway (not London),9.44911244005e-06,5.42490988664e-06,3.34026572091e-06
2016,Scotland,2,7.4,30,Hybrid Bus,Motorway (not London),0.000891491537914,2.81504526356e-05,1.98588131752e-05
2016,Scotland,2,7.4,30,LGV,Motorway (not London),0.0003478837898,2.28822864301e-05,1.9924773369e-05
2016,Scotland,2,7.4,30,LPG Cars,Motorway (not London),3.1666666473e-05,4.60221190224e-06,2.90805360237e-06
2016,Scotland,2,7.4,30,LPG LGV,Motorway (not London),6.40932994429e-05,5.74579553358e-06,3.64510697182e-06
2016,Scotland,2,7.4,30,Motorcycle,Motorway (not London),3.16636505886e-05,2.54074529948e-06,1.79528831268e-06
2016,Scotland,2,7.4,30,Petrol Car,Motorway (not London),0.000169627863215,4.60221190224e-06,2.90805360237e-06
2016,Scotland,2,7.4,30,Plug-In Hybrid Petrol Cars,Motorway (not London),4.85508753627e-05,4.12286863138e-06,2.4526773359e-06
2016,Scotland,2,7.4,30,Plug-In Hybrid Petrol LGV,Motorway (not London),9.98912291834e-05,5.22968684891e-06,3.15480383506e-06
2016,Scotland,2,7.4,30,Rigid HGV,Motorway (not London),0.0022641743999,5.57264465897e-05,4.63415963168e-05
2016,Scotland,2,7.4,35,Artic HGV,Motorway (not London),0.00347894406877,8.35126993479e-05,7.16243957868e-05
2016,Scotland,2,7.4,35,B100 Artic HGV,Motorway (not London),0.00382683845237,5.55147926207e-05,4.50263833045e-05
2016,Scotland,2,7.4,35,B100 Bus,Motorway (not London),0.00260441098362,3.90105851693e-05,3.01759409922e-05
2016,Scotland,2,7.4,35,B100 Coach,Motorway (not London),0.00334214954637,3.2034367905e-05,2.35485331359e-05
2016,Scotland,2,7.4,35,B100 Rigid HGV,Motorway (not London),0.00232227751985,3.62120190402e-05,2.78028910543e-05
2016,Scotland,2,7.4,35,Battery EV Cars,Motorway (not London),0.0,4.0696081669e-06,2.40208009927e-06
2016,Scotland,2,7.4,35,Battery EV LGV,Motorway (not London),0.0,5.21319179825e-06,3.13913324135e-06
2016,Scotland,2,7.4,35,Biogas Bus,Motorway (not London),0.00069444446126,1.93561409105e-05,1.15042184916e-05
2016,Scotland,2,7.4,35,Biomethane Bus,Motorway (not London),0.00069444446126,1.93561409105e-05,1.15042184916e-05
2016,Scotland,2,7.4,35,Bus and Coach,Motorway (not London),0.00303831789643,6.82018362568e-05,5.79076295253e-05
2016,Scotland,2,7.4,35,CNG Bus,Motorway (not London),0.00069444446126,1.93561409105e-05,1.15042184916e-05
2016,Scotland,2,7.4,35,Diesel Car,Motorway (not London),0.000196150736883,1.47697664943e-05,1.25672304421e-05
2016,Scotland,2,7.4,35,E85 Bioethanol Cars,Motorway (not London),0.000163796692505,4.49569142802e-06,2.80685890175e-06
2016,Scotland,2,7.4,35,E85 Bioethanol LGV,Motorway (not London),0.000183955562534,5.63927460462e-06,3.5439122712e-06
2016,Scotland,2,7.4,35,FCEV Bus,Motorway (not London),0.0,1.79672515515e-05,1.018477451e-05
2016,Scotland,2,7.4,35,FCEV Cars,Motorway (not London),0.0,4.0696081669e-06,2.40208009927e-06
2016,Scotland,2,7.4,35,FCEV LGV,Motorway (not London),0.0,5.21319179825e-06,3.13913324135e-06
2016,Scotland,2,7.4,35,Full Hybrid Diesel Cars,Motorway (not London),0.000175001594471,1.1833139979e-05,9.77743457042e-06
2016,Scotland,2,7.4,35,Full Hybrid Petrol Cars,Motorway (not London),0.000250747863902,4.60221190224e-06,2.90805360237e-06
2016,Scotland,2,7.4,35,Full Hybrid Petrol LGV,Motorway (not London),8.56738734001e-06,5.42490988664e-06,3.34026572091e-06
2016,Scotland,2,7.4,35,Hybrid Bus,Motorway (not London),0.000753102242015,2.72254346783e-05,1.89800466615e-05
2016,Scotland,2,7.4,35,LGV,Motorway (not London),0.000326204113662,2.09276677197e-05,1.80678853212e-05
2016,Scotland,2,7.4,35,LPG Cars,Motorway (not London),3.1666666473e-05,4.60221190224e-06,2.90805360237e-06
2016,Scotland,2,7.4,35,LPG LGV,Motorway (not London),5.99547165621e-05,5.74579553358e-06,3.64510697182e-06
2016,Scotland,2,7.4,35,Motorcycle,Motorway (not London),2.94548954116e-05,2.54074529948e-06,1.79528831268e-06
2016,Scotland,2,7.4,35,Petrol Car,Motorway (not London),0.000163796692505,4.60221190224e-06,2.90805360237e-06
2016,Scotland,2,7.4,35,Plug-In Hybrid Petrol Cars,Motorway (not London),5.01495742355e-05,4.12286863138e-06,2.4526773359e-06
2016,Scotland,2,7.4,35,Plug-In Hybrid Petrol LGV,Motorway (not London),0.000103919868707,5.23078142578e-06,3.15584361488e-06
2016,Scotland,2,7.4,35,Rigid HGV,Motorway (not London),0.00211116136052,5.20630383107e-05,4.28613602708e-05
2016,Scotland,2,7.4,40,Artic HGV,Motorway (not London),0.00325376680121,7.82021088526e-05,6.65793340886e-05
2016,Scotland,2,7.4,40,B100 Artic HGV,Motorway (not London),0.00357914343476,5.25939649378e-05,4.22515950049e-05
2016,Scotland,2,7.4,40,B100 Bus,Motorway (not London),0.00244321953505,3.78800286853e-05,2.91019114229e-05
2016,Scotland,2,7.4,40,B100 Coach,Motorway (not London),0.00308288773522,3.07308146148e-05,2.2310156055e-05
2016,Scotland,2,7.4,40,B100 Rigid HGV,Motorway (not London),0.00219595199451,3.47013919964e-05,2.63677975454e-05
2016,Scotland,2,7.4,40,Battery EV Cars,Motorway (not London),0.0,4.0696081669e-06,2.40208009927e-06
2016,Scotland,2,7.4,40,Battery EV LGV,Motorway (not London),0.0,5.21319179825e-06,3.13913324135e-06
2016,Scotland,2,7.4,40,Biogas Bus,Motorway (not London),0.00069444446126,1.93561409105e-05,1.15042184916e-05
2016,Scotland,2,7.4,40,Biomethane Bus,Motorway (not London),0.00069444446126,1.93561409105e-05,1.15042184916e-05
2016,Scotland,2,7.4,40,Bus and Coach,Motorway (not London),0.0028026252985,6.43737585051e-05,5.42709531146e-05
2016,Scotland,2,7.4,40,CNG Bus,Motorway (not London),0.00069444446126,1.93561409105e-05,1.15042184916e-05
2016,Scotland,2,7.4,40,Diesel Car,Motorway (not London),0.000183265918167,1.40994652611e-05,1.19304440886e-05
2016,Scotland,2,7.4,40,E85 Bioethanol Cars,Motorway (not London),0.00016036805755,4.49569142802e-06,2.80685890175e-06
2016,Scotland,2,7.4,40,E85 Bioethanol LGV,Motorway (not London),0.000184227319551,5.63927460462e-06,3.5439122712e-06
2016,Scotland,2,7.4,40,FCEV Bus,Motorway (not London),0.0,1.79672515515e-05,1.018477451e-05
2016,Scotland,2,7.4,40,FCEV Cars,Motorway (not London),0.0,4.0696081669e-06,2.40208009927e-06
2016,Scotland,2,7.4,40,FCEV LGV,Motorway (not London),0.0,5.21319179825e-06,3.13913324135e-06
2016,Scotland,2,7.4,40,Full Hybrid Diesel Cars,Motorway (not London),0.000164784520166,1.14781396405e-05,9.44018484006e-06
2016,Scotland,2,7.4,40,Full Hybrid Petrol Cars,Motorway (not London),0.000259452965111,4.60221190224e-06,2.90805360237e-06
2016,Scotland,2,7.4,40,Full Hybrid Petrol LGV,Motorway (not London),7.79362380854e-06,5.42490988664e-06,3.34026572091e-06
2016,Scotland,2,7.4,40,Hybrid Bus,Motorway (not London),0.00064565485809,2.64966711256e-05,1.82877229236e-05
2016,Scotland,2,7.4,40,LGV,Motorway (not London),0.000307885813527,1.9417851945e-05,1.66335612448e-05
2016,Scotland,2,7.4,40,LPG Cars,Motorway (not London),3.1666666473e-05,4.60221190224e-06,2.90805360237e-06
2016,Scotland,2,7.4,40,LPG LGV,Motorway (not London),5.64869078516e-05,5.74579553358e-06,3.64510697182e-06
2016,Scotland,2,7.4,40,Motorcycle,Motorway (not London),2.87572656816e-05,2.54074529948e-06,1.79528831268e-06
2016,Scotland,2,7.4,40,Petrol Car,Motorway (not London),0.00016036805755,4.60221190224e-06,2.90805360237e-06
2016,Scotland,2,7.4,40,Plug-In Hybrid Petrol Cars,Motorway (not London),5.18905908393e-05,4.12286863138e-06,2.4526773359e-06
2016,Scotland,2,7.4,40,Plug-In Hybrid Petrol LGV,Motorway (not London),0.000108032785647,5.23216885995e-06,3.15716170007e-06
2016,Scotland,2,7.4,40,Rigid HGV,Motorway (not London),0.00199631997384,4.93164479849e-05,4.02521000069e-05
2016,Scotland,2,7.4,45,Artic HGV,Motorway (not London),0.00306947203353,7.43161144783e-05,6.28876368864e-05
2016,Scotland,2,7.4,45,B100 Artic HGV,Motorway (not London),0.00337641919032,5.04566669406e-05,4.02211626351e-05
2016,Scotland,2,7.4,45,B100 Bus,Motorway (not London),0.00231474940665,3.70631896658e-05,2.83259141725e-05
2016,Scotland,2,7.4,45,B100 Coach,Motorway (not London),0.00288288295269,2.97014812531e-05,2.13322909985e-05
2016,Scotland,2,7.4,45,B100 Rigid HGV,Motorway (not London),0.00209901528433,3.36467164743e-05,2.53658527072e-05
2016,Scotland,2,7.4,45,Battery EV Cars,Motorway (not London),0.0,4.0696081669e-06,2.40208009927e-06
2016,Scotland,2,7.4,45,Battery EV LGV,Motorway (not London),0.0,5.21319179825e-06,3.13913324135e-06
2016,Scotland,2,7.4,45,Biogas Bus,Motorway (not London),0.00069444446126,1.93561409105e-05,1.15042184916e-05
2016,Scotland,2,7.4,45,Biomethane Bus,Motorway (not London),0.00069444446126,1.93561409105e-05,1.15042184916e-05
2016,Scotland,2,7.4,45,Bus and Coach,Motorway (not London),0.0026208027266,6.13747979514e-05,5.14219391334e-05
2016,Scotland,2,7.4,45,CNG Bus,Motorway (not London),0.00069444446126,1.93561409105e-05,1.15042184916e-05
2016,Scotland,2,7.4,45,Diesel Car,Motorway (not London),0.000173579857801,1.35428463182e-05,1.14016565931e-05
2016,Scotland,2,7.4,45,E85 Bioethanol Cars,Motorway (not London),0.000159315852216,4.49569142802e-06,2.80685890175e-06
2016,Scotland,2,7.4,45,E85 Bioethanol LGV,Motorway (not London),0.000185388460523,5.63927460462e-06,3.5439122712e-06
2016,Scotland,2,7.4,45,FCEV Bus,Motorway (not London),0.0,1.79672515515e-05,1.018477451e-05
2016,Scotland,2,7.4,45,FCEV Cars,Motorway (not London),0.0,4.0696081669e-06,2.40208009927e-06
2016,Scotland,2,7.4,45,FCEV LGV,Motorway (not London),0.0,5.21319179825e-06,3.13913324135e-06
2016,Scotland,2,7.4,45,Full Hybrid Diesel Cars,Motorway (not London),0.000156213005539,1.11675772132e-05,9.14515112527e-06
2016,Scotland,2,7.4,45,Full Hybrid Petrol Cars,Motorway (not London),0.00026886962587,4.60221190224e-06,2.90805360237e-06
2016,Scotland,2,7.4,45,Full Hybrid Petrol LGV,Motorway (not London),7.1188687798e-06,5.42490988664e-06,3.34026572091e-06
2016,Scotland,2,7.4,45,Hybrid Bus,Motorway (not London),0.000561089836992,2.59208809439e-05,1.77407200681e-05
2016,Scotland,2,7.4,45,LGV,Motorway (not London),0.00029286838253,1.83528391062e-05,1.56217993208e-05
2016,Scotland,2,7.4,45,LPG Cars,Motorway (not London),3.1666666473e-05,4.60221190224e-06,2.90805360237e-06
2016,Scotland,2,7.4,45,LPG LGV,Motorway (not London),5.36577499588e-05,5.74579553358e-06,3.64510697182e-06
2016,Scotland,2,7.4,45,Motorcycle,Motorway (not London),2.95602167171e-05,2.54074529948e-06,1.79528831268e-06
2016,Scotland,2,7.4,45,Petrol Car,Motorway (not London),0.000159315852216,4.60221190224e-06,2.90805360237e-06
2016,Scotland,2,7.4,45,Plug-In Hybrid Petrol Cars,Motorway (not London),5.3773928812e-05,4.12286863138e-06,2.4526773359e-06
2016,Scotland,2,7.4,45,Plug-In Hybrid Petrol LGV,Motorway (not London),0.000112229980004,5.23379458173e-06,3.15870624945e-06
2016,Scotland,2,7.4,45,Rigid HGV,Motorway (not London),0.00190819567069,4.73988511658e-05,3.84303821193e-05
2016,Scotland,2,7.4,50,Artic HGV,Motorway (not London),0.00291534676217,7.17299117241e-05,6.0430746089e-05
2016,Scotland,2,7.4,50,B100 Artic HGV,Motorway (not London),0.00320688146167,4.90342572448e-05,3.8869875425e-05
2016,Scotland,2,7.4,50,B100 Bus,Motorway (not London),0.00220969086513,3.64735788025e-05,2.77657854895e-05
2016,Scotland,2,7.4,50,B100 Coach,Motorway (not London),0.00272508733906,2.88685696432e-05,2.0541025151e-05
2016,Scotland,2,7.4,50,B100 Rigid HGV,Motorway (not London),0.00202362798154,3.29996837536e-05,2.4751172532e-05
2016,Scotland,2,7.4,50,Battery EV Cars,Motorway (not London),0.0,4.0696081669e-06,2.40208009927e-06
2016,Scotland,2,7.4,50,Battery EV LGV,Motorway (not London),0.0,5.21319179825e-06,3.13913324135e-06
2016,Scotland,2,7.4,50,Biogas Bus,Motorway (not London),0.00069444446126,1.93561409105e-05,1.15042184916e-05
2016,Scotland,2,7.4,50,Biomethane Bus,Motorway (not London),0.00069444446126,1.93561409105e-05,1.15042184916e-05
2016,Scotland,2,7.4,50,Bus and Coach,Motorway (not London),0.00247735227458,5.8970596001e-05,4.91379505547e-05
2016,Scotland,2,7.4,50,CNG Bus,Motorway (not London),0.00069444446126,1.93561409105e-05,1.15042184916e-05
2016,Scotland,2,7.4,50,Diesel Car,Motorway (not London),0.000166432204423,1.30999114845e-05,1.09808679554e-05
2016,Scotland,2,7.4,50,E85 Bioethanol Cars,Motorway (not London),0.000160318988492,4.49569142802e-06,2.80685890175e-06
2016,Scotland,2,7.4,50,E85 Bioethanol LGV,Motorway (not London),0.000187365338206,5.63927460462e-06,3.5439122712e-06
2016,Scotland,2,7.4,50,FCEV Bus,Motorway (not London),0.0,1.79672515515e-05,1.018477451e-05
2016,Scotland,2,7.4,50,FCEV Cars,Motorway (not London),0.0,4.0696081669e-06,2.40208009927e-06
2016,Scotland,2,7.4,50,FCEV LGV,Motorway (not London),0.0,5.21319179825e-06,3.13913324135e-06
2016,Scotland,2,7.4,50,Full Hybrid Diesel Cars,Motorway (not London),0.000149111278006,1.0901454516e-05,8.89233433554e-06
2016,Scotland,2,7.4,50,Full Hybrid Petrol Cars,Motorway (not London),0.000278997904388,4.60221190224e-06,2.90805360237e-06
2016,Scotland,2,7.4,50,Full Hybrid Petrol LGV,Motorway (not London),6.53417146168e-06,5.42490988664e-06,3.34026572091e-06
2016,Scotland,2,7.4,50,Hybrid Bus,Motorway (not London),0.000494284555316,2.54755923379e-05,1.73176977114e-05
2016,Scotland,2,7.4,50,LGV,Motorway (not London),0.000281109940261,1.77326310222e-05,1.50326004587e-05
2016,Scotland,2,7.4,50,LPG Cars,Motorway (not London),3.1666666473e-05,4.60221190224e-06,2.90805360237e-06
2016,Scotland,2,7.4,50,LPG LGV,Motorway (not London),5.14459970873e-05,5.74579553358e-06,3.64510697182e-06
2016,Scotland,2,7.4,50,Motorcycle,Motorway (not London),3.18503261951e-05,2.54074529948e-06,1.79528831268e-06
2016,Scotland,2,7.4,50,Petrol Car,Motorway (not London),0.000160318988492,4.60221190224e-06,2.90805360237e-06
2016,Scotland,2,7.4,50,Plug-In Hybrid Petrol Cars,Motorway (not London),5.57995808776e-05,4.12286863138e-06,2.4526773359e-06
2016,Scotland,2,7.4,50,Plug-In Hybrid Petrol LGV,Motorway (not London),0.000116511451779,5.23562493981e-06,3.16044520332e-06
2016,Scotland,2,7.4,50,Rigid HGV,Motorway (not London),0.00183966185432,4.6222427045e-05,3.73127804778e-05
2016,Scotland,2,7.4,60,Artic HGV,Motorway (not London),0.00267107225955,6.99576557963e-05,5.8747104049e-05
2016,Scotland,2,7.4,60,B100 Artic HGV,Motorway (not London),0.00293817953207,4.80595153931e-05,3.79438715754e-05
2016,Scotland,2,7.4,60,B100 Bus,Motorway (not London),0.00204755412415,3.57718636224e-05,2.70991549769e-05
2016,Scotland,2,7.4,60,B100 Coach,Motorway (not London),0.00249573588371,2.76054015558e-05,1.93410160136e-05
2016,Scotland,2,7.4,60,B100 Rigid HGV,Motorway (not London),0.00191855488811,3.27353409375e-05,2.45000483119e-05
2016,Scotland,2,7.4,60,Battery EV Cars,Motorway (not London),0.0,4.0696081669e-06,2.40208009927e-06
2016,Scotland,2,7.4,60,Battery EV LGV,Motorway (not London),0.0,5.21319179825e-06,3.13913324135e-06
2016,Scotland,2,7.4,60,Biogas Bus,Motorway (not London),0.00069444446126,1.93561409105e-05,1.15042184916e-05
2016,Scotland,2,7.4,60,Biomethane Bus,Motorway (not London),0.00069444446126,1.93561409105e-05,1.15042184916e-05
2016,Scotland,2,7.4,60,Bus and Coach,Motorway (not London),0.00226885080338,5.53855643375e-05,4.5732173021e-05
2016,Scotland,2,7.4,60,CNG Bus,Motorway (not London),0.00069444446126,1.93561409105e-05,1.15042184916e-05
2016,Scotland,2,7.4,60,Diesel Car,Motorway (not London),0.000158118506079,1.25550905068e-05,1.0463288163e-05
2016,Scotland,2,7.4,60,E85 Bioethanol Cars,Motorway (not London),0.00016670266632,4.31308444604e-06,2.63338210971e-06
2016,Scotland,2,7.4,60,E85 Bioethanol LGV,Motorway (not London),0.000193389816559,5.45666762264e-06,3.37043547916e-06
2016,Scotland,2,7.4,60,FCEV Bus,Motorway (not London),0.0,1.79672515515e-05,1.018477451e-05
2016,Scotland,2,7.4,60,FCEV Cars,Motorway (not London),0.0,4.0696081669e-06,2.40208009927e-06
2016,Scotland,2,7.4,60,FCEV LGV,Motorway (not London),0.0,5.21319179825e-06,3.13913324135e-06
2016,Scotland,2,7.4,60,Full Hybrid Diesel Cars,Motorway (not London),0.000138907809742,1.05025264929e-05,8.51335153129e-06
2016,Scotland,2,7.4,60,Full Hybrid Petrol Cars,Motorway (not London),0.000421944918344,4.37395328845e-06,2.69120778285e-06
2016,Scotland,2,7.4,60,Full Hybrid Petrol LGV,Motorway (not London),7.8387947724e-06,5.35147000846e-06,3.27049792759e-06
2016,Scotland,2,7.4,60,Hybrid Bus,Motorway (not London),0.000500392750837,2.494016735e-05,1.68090427906e-05
2016,Scotland,2,7.4,60,LGV,Motorway (not London),0.000267260242254,1.78191621671e-05,1.51148051373e-05
2016,Scotland,2,7.4,60,LPG Cars,Motorway (not London),2.91666674457e-05,4.37395328845e-06,2.69120778285e-06
2016,Scotland,2,7.4,60,LPG LGV,Motorway (not London),4.11133951275e-05,5.51753646505e-06,3.42826115229e-06
2016,Scotland,2,7.4,60,Motorcycle,Motorway (not London),4.08332016377e-05,2.54074529948e-06,1.79528831268e-06
2016,Scotland,2,7.4,60,Petrol Car,Motorway (not London),0.00016670266632,4.37395328845e-06,2.69120778285e-06
2016,Scotland,2,7.4,60,Plug-In Hybrid Petrol Cars,Motorway (not London),0.000301389227388,4.22178072768e-06,2.54664382737e-06
2016,Scotland,2,7.4,60,Plug-In Hybrid Petrol LGV,Motorway (not London),0.000419149670051,5.34643731953e-06,3.26571671394e-06
2016,Scotland,2,7.4,60,Rigid HGV,Motorway (not London),0.00174414087087,4.57418063888e-05,3.68561923096e-05
2016,Scotland,2,7.4,70,Artic HGV,Motorway (not London),0.00248523661867,7.18868759577e-05,6.05798668403e-05
2016,Scotland,2,7.4,70,B100 Artic HGV,Motorway (not London),0.00273376028053,4.91205901199e-05,3.89518900192e-05
2016,Scotland,2,7.4,70,B100 Bus,Motorway (not London),0.00192766461987,3.55110605597e-05,2.68513922492e-05
2016,Scotland,2,7.4,70,B100 Coach,Motorway (not London),0.00234232260846,2.66958704742e-05,1.84769614862e-05
2016,Scotland,2,7.4,70,B100 Rigid HGV,Motorway (not London),0.00185578421224,3.35219519911e-05,2.52473291766e-05
2016,Scotland,2,7.4,70,Battery EV Cars,Motorway (not London),0.0,4.0696081669e-06,2.40208009927e-06
2016,Scotland,2,7.4,70,Battery EV LGV,Motorway (not London),0.0,5.21319179825e-06,3.13913324135e-06
2016,Scotland,2,7.4,70,Biogas Bus,Motorway (not London),0.00069444446126,1.93561409105e-05,1.15042184916e-05
2016,Scotland,2,7.4,70,Biomethane Bus,Motorway (not London),0.00069444446126,1.93561409105e-05,1.15042184916e-05
2016,Scotland,2,7.4,70,Bus and Coach,Motorway (not London),0.00212938408367,5.28835080331e-05,4.33552158938e-05
2016,Scotland,2,7.4,70,CNG Bus,Motorway (not London),0.00069444446126,1.93561409105e-05,1.15042184916e-05
2016,Scotland,2,7.4,70,Diesel Car,Motorway (not London),0.000156273134053,1.24650014186e-05,1.03777038021e-05
2016,Scotland,2,7.4,70,E85 Bioethanol Cars,Motorway (not London),0.000178049638635,4.31308444604e-06,2.63338210971e-06
2016,Scotland,2,7.4,70,E85 Bioethanol LGV,Motorway (not London),0.000203018309548,5.45666762264e-06,3.37043547916e-06
2016,Scotland,2,7.4,70,FCEV Bus,Motorway (not London),0.0,1.79672515515e-05,1.018477451e-05
2016,Scotland,2,7.4,70,FCEV Cars,Motorway (not London),0.0,4.0696081669e-06,2.40208009927e-06
2016,Scotland,2,7.4,70,FCEV LGV,Motorway (not London),0.0,5.21319179825e-06,3.13913324135e-06
2016,Scotland,2,7.4,70,Full Hybrid Diesel Cars,Motorway (not London),0.000133727662615,1.02813528429e-05,8.3032373368e-06
2016,Scotland,2,7.4,70,Full Hybrid Petrol Cars,Motorway (not London),0.00045727766701,4.37395328845e-06,2.69120778285e-06
2016,Scotland,2,7.4,70,Full Hybrid Petrol LGV,Motorway (not London),7.49118498788e-06,5.35147000846e-06,3.27049792759e-06
2016,Scotland,2,7.4,70,Hybrid Bus,Motorway (not London),0.000441039883299,2.49002441706e-05,1.67711168615e-05
2016,Scotland,2,7.4,70,LGV,Motorway (not London),0.000266237562755,1.96923665499e-05,1.68943497556e-05
2016,Scotland,2,7.4,70,LPG Cars,Motorway (not London),2.91666674457e-05,4.37395328845e-06,2.69120778285e-06
2016,Scotland,2,7.4,70,LPG LGV,Motorway (not London),4.08836895076e-05,5.51753646505e-06,3.42826115229e-06
2016,Scotland,2,7.4,70,Motorcycle,Motorway (not London),5.55995466129e-05,2.54074529948e-06,1.79528831268e-06
2016,Scotland,2,7.4,70,Petrol Car,Motorway (not London),0.000178049638635,4.37395328845e-06,2.69120778285e-06
2016,Scotland,2,7.4,70,Plug-In Hybrid Petrol Cars,Motorway (not London),0.000326626905007,4.22178072768e-06,2.54664382737e-06
2016,Scotland,2,7.4,70,Plug-In Hybrid Petrol LGV,Motorway (not London),0.000446366175311,5.37133792022e-06,3.28937221639e-06
2016,Scotland,2,7.4,70,Rigid HGV,Motorway (not London),0.00168707652483,4.71720086352e-05,3.82148828066e-05
2016,Scotland,2,7.4,80,Artic HGV,Motorway (not London),0.00233852234669,7.65191070968e-05,6.49804860586e-05
2016,Scotland,2,7.4,80,B100 Artic HGV,Motorway (not London),0.00257237465121,5.16683176102e-05,4.13722300436e-05
2016,Scotland,2,7.4,80,B100 Bus,Motorway (not London),0.00183497334365,3.5559580283e-05,2.68974836217e-05
2016,Scotland,2,7.4,80,B100 Coach,Motorway (not London),0.0022381071467,2.60645065282e-05,1.78771661012e-05
2016,Scotland,2,7.4,80,B100 Rigid HGV,Motorway (not London),0.00182241748553,3.49730980815e-05,2.66259157797e-05
2016,Scotland,2,7.4,80,Battery EV Cars,Motorway (not London),0.0,4.0696081669e-06,2.40208009927e-06
2016,Scotland,2,7.4,80,Battery EV LGV,Motorway (not London),0.0,5.21319179825e-06,3.13913324135e-06
2016,Scotland,2,7.4,80,Biogas Bus,Motorway (not London),0.00069444446126,1.93561409105e-05,1.15042184916e-05
2016,Scotland,2,7.4,80,Biomethane Bus,Motorway (not London),0.00069444446126,1.93561409105e-05,1.15042184916e-05
2016,Scotland,2,7.4,80,Bus and Coach,Motorway (not London),0.00203464296646,5.10845929966e-05,4.16462498833e-05
2016,Scotland,2,7.4,80,CNG Bus,Motorway (not London),0.00069444446126,1.93561409105e-05,1.15042184916e-05
2016,Scotland,2,7.4,80,Diesel Car,Motorway (not London),0.000160178591614,1.28296460389e-05,1.07241157821e-05
2016,Scotland,2,7.4,80,E85 Bioethanol Cars,Motorway (not London),0.000191791346879,4.31308444604e-06,2.63338210971e-06
2016,Scotland,2,7.4,80,E85 Bioethanol LGV,Motorway (not London),0.000215165986447,5.45666762264e-06,3.37043547916e-06
2016,Scotland,2,7.4,80,FCEV Bus,Motorway (not London),0.0,1.79672515515e-05,1.018477451e-05
2016,Scotland,2,7.4,80,FCEV Cars,Motorway (not London),0.0,4.0696081669e-06,2.40208009927e-06
2016,Scotland,2,7.4,80,FCEV LGV,Motorway (not London),0.0,5.21319179825e-06,3.13913324135e-06
2016,Scotland,2,7.4,80,Full Hybrid Diesel Cars,Motorway (not London),0.000133586145239,1.02379353848e-05,8.26199084258e-06
2016,Scotland,2,7.4,80,Full Hybrid Petrol Cars,Motorway (not London),0.000496595341247,4.37395328845e-06,2.69120778285e-06
2016,Scotland,2,7.4,80,Full Hybrid Petrol LGV,Motorway (not London),7.6952692325e-06,5.35147000846e-06,3.27049792759e-06
2016,Scotland,2,7.4,80,Hybrid Bus,Motorway (not London),0.000435059482697,2.55073027802e-05,1.73478219949e-05
2016,Scotland,2,7.4,80,LGV,Motorway (not London),0.000277963612461,2.33447844948e-05,2.03641466214e-05
2016,Scotland,2,7.4,80,LPG Cars,Motorway (not London),2.91666674457e-05,4.37395328845e-06,2.69120778285e-06
2016,Scotland,2,7.4,80,LPG LGV,Motorway (not London),4.26143960794e-05,5.51753646505e-06,3.42826115229e-06
2016,Scotland,2,7.4,80,Motorcycle,Motorway (not London),7.6095595432e-05,2.54074529948e-06,1.79528831268e-06
2016,Scotland,2,7.4,80,Petrol Car,Motorway (not London),0.000191791346879,4.37395328845e-06,2.69120778285e-06
2016,Scotland,2,7.4,80,Plug-In Hybrid Petrol Cars,Motorway (not London),0.000354710937245,4.22178072768e-06,2.54664382737e-06
2016,Scotland,2,7.4,80,Plug-In Hybrid Petrol LGV,Motorway (not London),0.000474054599181,5.40102246305e-06,3.31757269123e-06
2016,Scotland,2,7.4,80,Rigid HGV,Motorway (not London),0.00165674311575,4.98104527651e-05,4.0721402911e-05
2016,Scotland,2,7.4,90,Artic HGV,Motorway (not London),0.0022643036209,8.01805290394e-05,6.84588376316e-05
2016,Scotland,2,7.4,90,B100 Artic HGV,Motorway (not London),0.002490733983,5.3682098951e-05,4.3285323045e-05
2016,Scotland,2,7.4,90,B100 Bus,Motorway (not London),0.00178868067451,3.57060780516e-05,2.7036659958e-05
2016,Scotland,2,7.4,90,B100 Coach,Motorway (not London),0.00216804072261,2.55033683061e-05,1.73440857907e-05
2016,Scotland,2,7.4,90,B100 Rigid HGV,Motorway (not London),0.00181335909292,3.60020094377e-05,2.76033824775e-05
2016,Scotland,2,7.4,90,Battery EV Cars,Motorway (not London),0.0,4.0696081669e-06,2.40208009927e-06
2016,Scotland,2,7.4,90,Battery EV LGV,Motorway (not London),0.0,5.21319179825e-06,3.13913324135e-06
2016,Scotland,2,7.4,90,Biogas Bus,Motorway (not London),0.00069444446126,1.93561409105e-05,1.15042184916e-05
2016,Scotland,2,7.4,90,Biomethane Bus,Motorway (not London),0.00069444446126,1.93561409105e-05,1.15042184916e-05
2016,Scotland,2,7.4,90,Bus and Coach,Motorway (not London),0.0019709460903,4.9772181228e-05,4.03994563385e-05
2016,Scotland,2,7.4,90,CNG Bus,Motorway (not London),0.00069444446126,1.93561409105e-05,1.15042184916e-05
2016,Scotland,2,7.4,90,Diesel Car,Motorway (not London),0.000170062863617,1.36490225486e-05,1.15025231935e-05
2016,Scotland,2,7.4,90,E85 Bioethanol Cars,Motorway (not London),0.000206449985853,4.32102388004e-06,2.64092477664e-06
2016,Scotland,2,7.4,90,E85 Bioethanol LGV,Motorway (not London),0.000229118930292,5.46460705664e-06,3.37797791872e-06
2016,Scotland,2,7.4,90,FCEV Bus,Motorway (not London),0.0,1.79672515515e-05,1.018477451e-05
2016,Scotland,2,7.4,90,FCEV Cars,Motorway (not London),0.0,4.0696081669e-06,2.40208009927e-06
2016,Scotland,2,7.4,90,FCEV LGV,Motorway (not London),0.0,5.21319179825e-06,3.13913324135e-06
2016,Scotland,2,7.4,90,Full Hybrid Diesel Cars,Motorway (not London),0.000138910341775,1.03722741187e-05,8.38961204863e-06
2016,Scotland,2,7.4,90,Full Hybrid Petrol Cars,Motorway (not London),0.000694154470693,4.38387769464e-06,2.7006358323e-06
2016,Scotland,2,7.4,90,Full Hybrid Petrol LGV,Motorway (not London),1.05265380625e-05,5.41002327736e-06,3.32612353304e-06
2016,Scotland,2,7.4,90,Hybrid Bus,Motorway (not London),0.000455785368104,2.62096600636e-05,1.80150618689e-05
2016,Scotland,2,7.4,90,LGV,Motorway (not London),0.000302428670693,2.87767379632e-05,2.5524503144e-05
2016,Scotland,2,7.4,90,LPG Cars,Motorway (not London),3.25000000885e-05,4.38387769464e-06,2.7006358323e-06
2016,Scotland,2,7.4,90,LPG LGV,Motorway (not London),4.34172070527e-05,5.52746087124e-06,3.43768920175e-06
2016,Scotland,2,7.4,90,Motorcycle,Motorway (not London),0.000102369493106,2.54074529948e-06,1.79528831268e-06
2016,Scotland,2,7.4,90,Petrol Car,Motorway (not London),0.000206449985853,4.38387769464e-06,2.7006358323e-06
2016,Scotland,2,7.4,90,Plug-In Hybrid Petrol Cars,Motorway (not London),0.000694154470693,4.35245055996e-06,2.67078030447e-06
2016,Scotland,2,7.4,90,Plug-In Hybrid Petrol LGV,Motorway (not London),0.000850632844958,5.61682190892e-06,3.52258189196e-06
2016,Scotland,2,7.4,90,Rigid HGV,Motorway (not London),0.00164850824513,5.16812033311e-05,4.24986174039e-05
2016,Scotland,2,7.4,100,Artic HGV,Motorway (not London),0.0022643036209,8.01805290394e-05,6.84588376316e-05
2016,Scotland,2,7.4,100,B100 Artic HGV,Motorway (not London),0.002490733983,5.3682098951e-05,4.3285323045e-05
2016,Scotland,2,7.4,100,B100 Bus,Motorway (not London),0.00178868067451,3.57060780516e-05,2.7036659958e-05
2016,Scotland,2,7.4,100,B100 Coach,Motorway (not London),0.00212302268483,2.50951652561e-05,1.69562899828e-05
2016,Scotland,2,7.4,100,B100 Rigid HGV,Motorway (not London),0.00181335909292,3.60020094377e-05,2.76033824775e-05
2016,Scotland,2,7.4,100,Battery EV Cars,Motorway (not London),0.0,4.0696081669e-06,2.40208009927e-06
2016,Scotland,2,7.4,100,Battery EV LGV,Motorway (not London),0.0,5.21319179825e-06,3.13913324135e-06
2016,Scotland,2,7.4,100,Biogas Bus,Motorway (not London),0.00069444446126,1.93561409105e-05,1.15042184916e-05
2016,Scotland,2,7.4,100,Biomethane Bus,Motorway (not London),0.00069444446126,1.93561409105e-05,1.15042184916e-05
2016,Scotland,2,7.4,100,Bus and Coach,Motorway (not London),0.00193002063315,4.88134792249e-05,3.94886883441e-05
2016,Scotland,2,7.4,100,CNG Bus,Motorway (not London),0.00069444446126,1.93561409105e-05,1.15042184916e-05
2016,Scotland,2,7.4,100,Diesel Car,Motorway (not London),0.00018713955069,1.49231318574e-05,1.27129269458e-05
2016,Scotland,2,7.4,100,E85 Bioethanol Cars,Motorway (not London),0.000221732785576,4.32102388004e-06,2.64092477664e-06
2016,Scotland,2,7.4,100,E85 Bioethanol LGV,Motorway (not London),0.000244830036536,5.46460705664e-06,3.37797791872e-06
2016,Scotland,2,7.4,100,FCEV Bus,Motorway (not London),0.0,1.79672515515e-05,1.018477451e-05
2016,Scotland,2,7.4,100,FCEV Cars,Motorway (not London),0.0,4.0696081669e-06,2.40208009927e-06
2016,Scotland,2,7.4,100,FCEV LGV,Motorway (not London),0.0,5.21319179825e-06,3.13913324135e-06
2016,Scotland,2,7.4,100,Full Hybrid Diesel Cars,Motorway (not London),0.000150619103806,1.06843681351e-05,8.68610186444e-06
2016,Scotland,2,7.4,100,Full Hybrid Petrol Cars,Motorway (not London),0.000754952663556,4.38387769464e-06,2.7006358323e-06
2016,Scotland,2,7.4,100,Full Hybrid Petrol LGV,Motorway (not London),1.15293833005e-05,5.41002327736e-06,3.32612353304e-06
2016,Scotland,2,7.4,100,Hybrid Bus,Motorway (not London),0.000455785368104,2.62096600636e-05,1.80150618689e-05
2016,Scotland,2,7.4,100,LGV,Motorway (not London),0.000339703692589,3.59875812137e-05,3.23748026858e-05
2016,Scotland,2,7.4,100,LPG Cars,Motorway (not London),3.25000000885e-05,4.38387769464e-06,2.7006358323e-06
2016,Scotland,2,7.4,100,LPG LGV,Motorway (not London),4.87579163746e-05,5.52746087124e-06,3.43768920175e-06
2016,Scotland,2,7.4,100,Motorcycle,Motorway (not London),0.000134620539029,2.54074529948e-06,1.79528831268e-06
2016,Scotland,2,7.4,100,Petrol Car,Motorway (not London),0.000221732785576,4.38387769464e-06,2.7006358323e-06
2016,Scotland,2,7.4,100,Plug-In Hybrid Petrol Cars,Motorway (not London),0.000754952663556,4.35245055996e-06,2.67078030447e-06
2016,Scotland,2,7.4,100,Plug-In Hybrid Petrol LGV,Motorway (not London),0.000897733261809,5.69998655919e-06,3.60158855983e-06
2016,Scotland,2,7.4,100,Rigid HGV,Motorway (not London),0.00164850824513,5.16812033311e-05,4.24986174039e-05
2016,Scotland,2,7.4,110,Artic HGV,Motorway (not London),0.0022643036209,8.01805290394e-05,6.84588376316e-05
2016,Scotland,2,7.4,110,B100 Artic HGV,Motorway (not London),0.002490733983,5.3682098951e-05,4.3285323045e-05
2016,Scotland,2,7.4,110,B100 Bus,Motorway (not London),0.00178868067451,3.57060780516e-05,2.7036659958e-05
2016,Scotland,2,7.4,110,B100 Coach,Motorway (not London),0.00210800603963,2.5001792892e-05,1.68675887835e-05
2016,Scotland,2,7.4,110,B100 Rigid HGV,Motorway (not London),0.00181335909292,3.60020094377e-05,2.76033824775e-05
2016,Scotland,2,7.4,110,Battery EV Cars,Motorway (not London),0.0,4.0696081669e-06,2.40208009927e-06
2016,Scotland,2,7.4,110,Battery EV LGV,Motorway (not London),0.0,5.21319179825e-06,3.13913324135e-06
2016,Scotland,2,7.4,110,Biogas Bus,Motorway (not London),0.00069444446126,1.93561409105e-05,1.15042184916e-05
2016,Scotland,2,7.4,110,Biomethane Bus,Motorway (not London),0.00069444446126,1.93561409105e-05,1.15042184916e-05
2016,Scotland,2,7.4,110,Bus and Coach,Motorway (not London),0.00191636907402,4.84386691824e-05,3.91326211684e-05
2016,Scotland,2,7.4,110,CNG Bus,Motorway (not London),0.00069444446126,1.93561409105e-05,1.15042184916e-05
2016,Scotland,2,7.4,110,Diesel Car,Motorway (not London),0.000214087034692,1.66519730556e-05,1.43553270391e-05
2016,Scotland,2,7.4,110,E85 Bioethanol Cars,Motorway (not London),0.000237573185586,4.32102388004e-06,2.64092477664e-06
2016,Scotland,2,7.4,110,E85 Bioethanol LGV,Motorway (not London),0.000262288580416,5.46460705664e-06,3.37797791872e-06
2016,Scotland,2,7.4,110,FCEV Bus,Motorway (not London),0.0,1.79672515515e-05,1.018477451e-05
2016,Scotland,2,7.4,110,FCEV Cars,Motorway (not London),0.0,4.0696081669e-06,2.40208009927e-06
2016,Scotland,2,7.4,110,FCEV LGV,Motorway (not London),0.0,5.21319179825e-06,3.13913324135e-06
2016,Scotland,2,7.4,110,Full Hybrid Diesel Cars,Motorway (not London),0.000170342624187,1.1174217434e-05,9.15145938052e-06
2016,Scotland,2,7.4,110,Full Hybrid Petrol Cars,Motorway (not London),0.000820874294732,4.38387769464e-06,2.7006358323e-06
2016,Scotland,2,7.4,110,Full Hybrid Petrol LGV,Motorway (not London),1.29024547277e-05,5.41002327736e-06,3.32612353304e-06
2016,Scotland,2,7.4,110,Hybrid Bus,Motorway (not London),0.000455785368104,2.62096600636e-05,1.80150618689e-05
2016,Scotland,2,7.4,110,LGV,Motorway (not London),0.000389948312659,4.49776380265e-05,4.09153581131e-05
2016,Scotland,2,7.4,110,LPG Cars,Motorway (not London),3.25000000885e-05,4.38387769464e-06,2.7006358323e-06
2016,Scotland,2,7.4,110,LPG LGV,Motorway (not London),5.60411426704e-05,5.52746087124e-06,3.43768920175e-06
2016,Scotland,2,7.4,110,Motorcycle,Motorway (not London),0.000173248568899,2.54074529948e-06,1.79528831268e-06
2016,Scotland,2,7.4,110,Petrol Car,Motorway (not London),0.000237573185586,4.38387769464e-06,2.7006358323e-06
2016,Scotland,2,7.4,110,Plug-In Hybrid Petrol Cars,Motorway (not London),0.000820874294732,4.35245055996e-06,2.67078030447e-06
2016,Scotland,2,7.4,110,Plug-In Hybrid Petrol LGV,Motorway (not London),0.000945440493524,5.80887763135e-06,3.70503494196e-06
2016,Scotland,2,7.4,110,Rigid HGV,Motorway (not London),0.00164850824513,5.16812033311e-05,4.24986174039e-05
2016,Scotland,2,7.4,120,Artic HGV,Motorway (not London),0.0022643036209,8.01805290394e-05,6.84588376316e-05
2016,Scotland,2,7.4,120,B100 Artic HGV,Motorway (not London),0.002490733983,5.3682098951e-05,4.3285323045e-05
2016,Scotland,2,7.4,120,B100 Bus,Motorway (not London),0.00178868067451,3.57060780516e-05,2.7036659958e-05
2016,Scotland,2,7.4,120,B100 Coach,Motorway (not London),0.00210800603963,2.5001792892e-05,1.68675887835e-05
2016,Scotland,2,7.4,120,B100 Rigid HGV,Motorway (not London),0.00181335909292,3.60020094377e-05,2.76033824775e-05
2016,Scotland,2,7.4,120,Battery EV Cars,Motorway (not London),0.0,4.0696081669e-06,2.40208009927e-06
2016,Scotland,2,7.4,120,Battery EV LGV,Motorway (not London),0.0,5.21319179825e-06,3.13913324135e-06
2016,Scotland,2,7.4,120,Biogas Bus,Motorway (not London),0.00069444446126,1.93561409105e-05,1.15042184916e-05
2016,Scotland,2,7.4,120,Biomethane Bus,Motorway (not London),0.00069444446126,1.93561409105e-05,1.15042184916e-05
2016,Scotland,2,7.4,120,Bus and Coach,Motorway (not London),0.00191636907402,4.84386691824e-05,3.91326211684e-05
2016,Scotland,2,7.4,120,CNG Bus,Motorway (not London),0.00069444446126,1.93561409105e-05,1.15042184916e-05
2016,Scotland,2,7.4,120,Diesel Car,Motorway (not London),0.000256386207184,1.88355479622e-05,1.64297234733e-05
2016,Scotland,2,7.4,120,E85 Bioethanol Cars,Motorway (not London),0.000253993348451,4.32102388004e-06,2.64092477664e-06
2016,Scotland,2,7.4,120,E85 Bioethanol LGV,Motorway (not London),0.000274516962236,5.46460705664e-06,3.37797791872e-06
2016,Scotland,2,7.4,120,FCEV Bus,Motorway (not London),0.0,1.79672515515e-05,1.018477451e-05
2016,Scotland,2,7.4,120,FCEV Cars,Motorway (not London),0.0,4.0696081669e-06,2.40208009927e-06
2016,Scotland,2,7.4,120,FCEV LGV,Motorway (not London),0.0,5.21319179825e-06,3.13913324135e-06
2016,Scotland,2,7.4,120,Full Hybrid Diesel Cars,Motorway (not London),0.000200883136131,1.18418229249e-05,9.78568459686e-06
2016,Scotland,2,7.4,120,Full Hybrid Petrol Cars,Motorway (not London),0.000891919422429,4.38387769464e-06,2.7006358323e-06
2016,Scotland,2,7.4,120,Full Hybrid Petrol LGV,Motorway (not London),1.46457514347e-05,5.41002327736e-06,3.32612353304e-06
2016,Scotland,2,7.4,120,Hybrid Bus,Motorway (not London),0.000455785368104,2.62096600636e-05,1.80150618689e-05
2016,Scotland,2,7.4,120,LGV,Motorway (not London),0.000392874790123,4.51080741186e-05,4.10392713093e-05
2016,Scotland,2,7.4,120,LPG Cars,Motorway (not London),3.25000000885e-05,4.38387769464e-06,2.7006358323e-06
2016,Scotland,2,7.4,120,LPG LGV,Motorway (not London),5.71153977944e-05,5.52746087124e-06,3.43768920175e-06
2016,Scotland,2,7.4,120,Motorcycle,Motorway (not London),0.000218903194764,2.54074529948e-06,1.79528831268e-06
2016,Scotland,2,7.4,120,Petrol Car,Motorway (not London),0.000253993348451,4.38387769464e-06,2.7006358323e-06
2016,Scotland,2,7.4,120,Plug-In Hybrid Petrol Cars,Motorway (not London),0.000891919422429,4.35245055996e-06,2.67078030447e-06
2016,Scotland,2,7.4,120,Plug-In Hybrid Petrol LGV,Motorway (not London),0.000957748328801,5.9550898186e-06,3.84393661079e-06
2016,Scotland,2,7.4,120,Rigid HGV,Motorway (not London),0.00164850824513,5.16812033311e-05,4.24986174039e-05
2016,Scotland,2,7.4,130,Artic HGV,Motorway (not London),0.0022643036209,8.01805290394e-05,6.84588376316e-05
2016,Scotland,2,7.4,130,B100 Artic HGV,Motorway (not London),0.002490733983,5.3682098951e-05,4.3285323045e-05
2016,Scotland,2,7.4,130,B100 Bus,Motorway (not London),0.00178868067451,3.57060780516e-05,2.7036659958e-05
2016,Scotland,2,7.4,130,B100 Coach,Motorway (not London),0.00210800603963,2.5001792892e-05,1.68675887835e-05
2016,Scotland,2,7.4,130,B100 Rigid HGV,Motorway (not London),0.00181335909292,3.60020094377e-05,2.76033824775e-05
2016,Scotland,2,7.4,130,Battery EV Cars,Motorway (not London),0.0,4.0696081669e-06,2.40208009927e-06
2016,Scotland,2,7.4,130,Battery EV LGV,Motorway (not London),0.0,5.21319179825e-06,3.13913324135e-06
2016,Scotland,2,7.4,130,Biogas Bus,Motorway (not London),0.00069444446126,1.93561409105e-05,1.15042184916e-05
2016,Scotland,2,7.4,130,Biomethane Bus,Motorway (not London),0.00069444446126,1.93561409105e-05,1.15042184916e-05
2016,Scotland,2,7.4,130,Bus and Coach,Motorway (not London),0.00191636907402,4.84386691824e-05,3.91326211684e-05
2016,Scotland,2,7.4,130,CNG Bus,Motorway (not London),0.00069444446126,1.93561409105e-05,1.15042184916e-05
2016,Scotland,2,7.4,130,Diesel Car,Motorway (not London),0.000256386207184,2.14738556679e-05,1.89361144294e-05
2016,Scotland,2,7.4,130,E85 Bioethanol Cars,Motorway (not London),0.000271043885732,4.32102388004e-06,2.64092477664e-06
2016,Scotland,2,7.4,130,E85 Bioethanol LGV,Motorway (not London),0.000277386541711,5.46460705664e-06,3.37797791872e-06
2016,Scotland,2,7.4,130,FCEV Bus,Motorway (not London),0.0,1.79672515515e-05,1.018477451e-05
2016,Scotland,2,7.4,130,FCEV Cars,Motorway (not London),0.0,4.0696081669e-06,2.40208009927e-06
2016,Scotland,2,7.4,130,FCEV LGV,Motorway (not London),0.0,5.21319179825e-06,3.13913324135e-06
2016,Scotland,2,7.4,130,Full Hybrid Diesel Cars,Motorway (not London),0.000247190648224,1.26871846078e-05,1.05887775135e-05
2016,Scotland,2,7.4,130,Full Hybrid Petrol Cars,Motorway (not London),0.00096808798844,4.38387769464e-06,2.7006358323e-06
2016,Scotland,2,7.4,130,Full Hybrid Petrol LGV,Motorway (not London),1.47275250129e-05,5.41002327736e-06,3.32612353304e-06
2016,Scotland,2,7.4,130,Hybrid Bus,Motorway (not London),0.000455785368104,2.62096600636e-05,1.80150618689e-05
2016,Scotland,2,7.4,130,LGV,Motorway (not London),0.000392968591768,4.52656749985e-05,4.11889923271e-05
2016,Scotland,2,7.4,130,LPG Cars,Motorway (not London),3.25000000885e-05,4.38387769464e-06,2.7006358323e-06
2016,Scotland,2,7.4,130,LPG LGV,Motorway (not London),5.71153977944e-05,5.52746087124e-06,3.43768920175e-06
2016,Scotland,2,7.4,130,Motorcycle,Motorway (not London),0.000272533128737,2.54074529948e-06,1.79528831268e-06
2016,Scotland,2,7.4,130,Petrol Car,Motorway (not London),0.000271043885732,4.38387769464e-06,2.7006358323e-06
2016,Scotland,2,7.4,130,Plug-In Hybrid Petrol Cars,Motorway (not London),0.00096808798844,4.35245055996e-06,2.67078030447e-06
2016,Scotland,2,7.4,130,Plug-In Hybrid Petrol LGV,Motorway (not London),0.000970662920736,6.15544786342e-06,4.03427657147e-06
2016,Scotland,2,7.4,130,Rigid HGV,Motorway (not London),0.00164850824513,5.16812033311e-05,4.24986174039e-05
2016,Scotland,2,7.4,140,Artic HGV,Motorway (not London),0.0022643036209,8.01805290394e-05,6.84588376316e-05
2016,Scotland,2,7.4,140,B100 Artic HGV,Motorway (not London),0.002490733983,5.3682098951e-05,4.3285323045e-05
2016,Scotland,2,7.4,140,B100 Bus,Motorway (not London),0.00178868067451,3.57060780516e-05,2.7036659958e-05
2016,Scotland,2,7.4,140,B100 Coach,Motorway (not London),0.00210800603963,2.5001792892e-05,1.68675887835e-05
2016,Scotland,2,7.4,140,B100 Rigid HGV,Motorway (not London),0.00181335909292,3.60020094377e-05,2.76033824775e-05
2016,Scotland,2,7.4,140,Battery EV Cars,Motorway (not London),0.0,4.0696081669e-06,2.40208009927e-06
2016,Scotland,2,7.4,140,Battery EV LGV,Motorway (not London),0.0,5.21319179825e-06,3.13913324135e-06
2016,Scotland,2,7.4,140,Biogas Bus,Motorway (not London),0.00069444446126,1.93561409105e-05,1.15042184916e-05
2016,Scotland,2,7.4,140,Biomethane Bus,Motorway (not London),0.00069444446126,1.93561409105e-05,1.15042184916e-05
2016,Scotland,2,7.4,140,Bus and Coach,Motorway (not London),0.00191636907402,4.84386691824e-05,3.91326211684e-05
2016,Scotland,2,7.4,140,CNG Bus,Motorway (not London),0.00069444446126,1.93561409105e-05,1.15042184916e-05
2016,Scotland,2,7.4,140,Diesel Car,Motorway (not London),0.000256386207184,2.14738556679e-05,1.89361144294e-05
2016,Scotland,2,7.4,140,E85 Bioethanol Cars,Motorway (not London),0.000271043885732,4.32102388004e-06,2.64092477664e-06
2016,Scotland,2,7.4,140,E85 Bioethanol LGV,Motorway (not London),0.000277386541711,5.46460705664e-06,3.37797791872e-06
2016,Scotland,2,7.4,140,FCEV Bus,Motorway (not London),0.0,1.79672515515e-05,1.018477451e-05
2016,Scotland,2,7.4,140,FCEV Cars,Motorway (not London),0.0,4.0696081669e-06,2.40208009927e-06
2016,Scotland,2,7.4,140,FCEV LGV,Motorway (not London),0.0,5.21319179825e-06,3.13913324135e-06
2016,Scotland,2,7.4,140,Full Hybrid Diesel Cars,Motorway (not London),0.000247190648224,1.26871846078e-05,1.05887775135e-05
2016,Scotland,2,7.4,140,Full Hybrid Petrol Cars,Motorway (not London),0.00096808798844,4.38387769464e-06,2.7006358323e-06
2016,Scotland,2,7.4,140,Full Hybrid Petrol LGV,Motorway (not London),1.47275250129e-05,5.41002327736e-06,3.32612353304e-06
2016,Scotland,2,7.4,140,Hybrid Bus,Motorway (not London),0.000455785368104,2.62096600636e-05,1.80150618689e-05
2016,Scotland,2,7.4,140,LGV,Motorway (not London),0.000392968591768,4.52656749985e-05,4.11889923271e-05
2016,Scotland,2,7.4,140,LPG Cars,Motorway (not London),3.25000000885e-05,4.38387769464e-06,2.7006358323e-06
2016,Scotland,2,7.4,140,LPG LGV,Motorway (not London),5.71153977944e-05,5.52746087124e-06,3.43768920175e-06
2016,Scotland,2,7.4,140,Motorcycle,Motorway (not London),0.000335435499437,2.54074529948e-06,1.79528831268e-06
2016,Scotland,2,7.4,140,Petrol Car,Motorway (not London),0.000271043885732,4.38387769464e-06,2.7006358323e-06
2016,Scotland,2,7.4,140,Plug-In Hybrid Petrol Cars,Motorway (not London),0.00096808798844,4.35245055996e-06,2.67078030447e-06
2016,Scotland,2,7.4,140,Plug-In Hybrid Petrol LGV,Motorway (not London),0.000970662920736,6.37060293229e-06,4.23867413701e-06
2016,Scotland,2,7.4,140,Rigid HGV,Motorway (not London),0.00164850824513,5.16812033311e-05,4.24986174039e-05
2016,Scotland,2,7.4,5,Artic HGV,Rural (not London),0.00607152841985,0.000136763832415,0.00011892040493
2016,Scotland,2,7.4,5,B100 Artic HGV,Rural (not London),0.00667868088931,8.79245417309e-05,7.25230784155e-05
2016,Scotland,2,7.4,5,B100 Bus,Rural (not London),0.00504691433161,6.52400485706e-05,5.2336785302e-05
2016,Scotland,2,7.4,5,B100 Coach,Rural (not London),0.0072001600638,5.66068811167e-05,4.41352822236e-05
2016,Scotland,2,7.4,5,B100 Rigid HGV,Rural (not London),0.00409103464335,5.65660157008e-05,4.40398980572e-05
2016,Scotland,2,7.4,5,Battery EV Cars,Rural (not London),0.0,5.50764480067e-06,3.06141782858e-06
2016,Scotland,2,7.4,5,Battery EV LGV,Rural (not London),0.0,7.46197929402e-06,4.17151613874e-06
2016,Scotland,2,7.4,5,Biogas Bus,Rural (not London),0.00069444446126,2.41506240855e-05,1.33018365887e-05
2016,Scotland,2,7.4,5,Biomethane Bus,Rural (not London),0.00069444446126,2.41506240855e-05,1.33018365887e-05
2016,Scotland,2,7.4,5,Bus and Coach,Rural (not London),0.00513620255515,0.000107425796159,9.24132473301e-05
2016,Scotland,2,7.4,5,CNG Bus,Rural (not London),0.00069444446126,2.41506240855e-05,1.33018365887e-05
2016,Scotland,2,7.4,5,Diesel Car,Rural (not London),0.000376376206987,2.12645591091e-05,1.80304868991e-05
2016,Scotland,2,7.4,5,E85 Bioethanol Cars,Rural (not London),0.000208838071558,5.93372760704e-06,3.46619685843e-06
2016,Scotland,2,7.4,5,E85 Bioethanol LGV,Rural (not London),0.000193383457372,7.88806210039e-06,4.57629494122e-06
2016,Scotland,2,7.4,5,FCEV Bus,Rural (not London),0.0,2.27617347264e-05,1.1982392607e-05
2016,Scotland,2,7.4,5,FCEV Cars,Rural (not London),0.0,5.50764480067e-06,3.06141782858e-06
2016,Scotland,2,7.4,5,FCEV LGV,Rural (not London),0.0,7.46197929402e-06,4.17151613874e-06
2016,Scotland,2,7.4,5,Full Hybrid Diesel Cars,Rural (not London),0.00027608484379,1.57127633429e-05,1.27562807393e-05
2016,Scotland,2,7.4,5,Full Hybrid Petrol Cars,Rural (not London),0.000217896289541,6.04024853601e-06,3.56739155905e-06
2016,Scotland,2,7.4,5,Full Hybrid Petrol LGV,Rural (not London),1.35751561174e-05,7.67369783716e-06,4.3726486183e-06
2016,Scotland,2,7.4,5,Hybrid Bus,Rural (not London),0.00397092988715,4.25609287049e-05,3.07916270685e-05
2016,Scotland,2,7.4,5,LGV,Rural (not London),0.000471267325338,3.73966286134e-05,3.2609434129e-05
2016,Scotland,2,7.4,5,LPG Cars,Rural (not London),3.1666666473e-05,6.04024853601e-06,3.56739155905e-06
2016,Scotland,2,7.4,5,LPG LGV,Rural (not London),8.90551746124e-05,7.99458302936e-06,4.67748986921e-06
2016,Scotland,2,7.4,5,Motorcycle,Rural (not London),5.47511626792e-05,3.24010852637e-06,2.11119868254e-06
2016,Scotland,2,7.4,5,Petrol Car,Rural (not London),0.000208838071558,6.04024853601e-06,3.56739155905e-06
2016,Scotland,2,7.4,5,Plug-In Hybrid Petrol Cars,Rural (not London),4.35792571807e-05,5.56090526516e-06,3.11201529257e-06
2016,Scotland,2,7.4,5,Plug-In Hybrid Petrol LGV,Rural (not London),8.46194088808e-05,7.48316097088e-06,4.19163870902e-06
2016,Scotland,2,7.4,5,Rigid HGV,Rural (not London),0.00371912261471,8.40271750349e-05,7.0128000516e-05
2016,Scotland,2,7.4,6,Artic HGV,Rural (not London),0.00607152841985,0.000136763832415,0.00011892040493
2016,Scotland,2,7.4,6,B100 Artic HGV,Rural (not London),0.00667868088931,8.79245417309e-05,7.25230784155e-05
2016,Scotland,2,7.4,6,B100 Bus,Rural (not London),0.00504691433161,6.52400485706e-05,5.2336785302e-05
2016,Scotland,2,7.4,6,B100 Coach,Rural (not London),0.0072001600638,5.66068811167e-05,4.41352822236e-05
2016,Scotland,2,7.4,6,B100 Rigid HGV,Rural (not London),0.00409103464335,5.65660157008e-05,4.40398980572e-05
2016,Scotland,2,7.4,6,Battery EV Cars,Rural (not London),0.0,5.50764480067e-06,3.06141782858e-06
2016,Scotland,2,7.4,6,Battery EV LGV,Rural (not London),0.0,7.46197929402e-06,4.17151613874e-06
2016,Scotland,2,7.4,6,Biogas Bus,Rural (not London),0.00069444446126,2.41506240855e-05,1.33018365887e-05
2016,Scotland,2,7.4,6,Biomethane Bus,Rural (not London),0.00069444446126,2.41506240855e-05,1.33018365887e-05
2016,Scotland,2,7.4,6,Bus and Coach,Rural (not London),0.00513620255515,0.000107425796159,9.24132473301e-05
2016,Scotland,2,7.4,6,CNG Bus,Rural (not London),0.00069444446126,2.41506240855e-05,1.33018365887e-05
2016,Scotland,2,7.4,6,Diesel Car,Rural (not London),0.000376376206987,2.12645591091e-05,1.80304868991e-05
2016,Scotland,2,7.4,6,E85 Bioethanol Cars,Rural (not London),0.000207498262171,5.93372760704e-06,3.46619685843e-06
2016,Scotland,2,7.4,6,E85 Bioethanol LGV,Rural (not London),0.00019316918042,7.88806210039e-06,4.57629494122e-06
2016,Scotland,2,7.4,6,FCEV Bus,Rural (not London),0.0,2.27617347264e-05,1.1982392607e-05
2016,Scotland,2,7.4,6,FCEV Cars,Rural (not London),0.0,5.50764480067e-06,3.06141782858e-06
2016,Scotland,2,7.4,6,FCEV LGV,Rural (not London),0.0,7.46197929402e-06,4.17151613874e-06
2016,Scotland,2,7.4,6,Full Hybrid Diesel Cars,Rural (not London),0.00027608484379,1.57127633429e-05,1.27562807393e-05
2016,Scotland,2,7.4,6,Full Hybrid Petrol Cars,Rural (not London),0.000217896289541,6.04024853601e-06,3.56739155905e-06
2016,Scotland,2,7.4,6,Full Hybrid Petrol LGV,Rural (not London),1.35213149406e-05,7.67369783716e-06,4.3726486183e-06
2016,Scotland,2,7.4,6,Hybrid Bus,Rural (not London),0.00343760405667,4.25609287049e-05,3.07916270685e-05
2016,Scotland,2,7.4,6,LGV,Rural (not London),0.000471260311315,3.73966286134e-05,3.2609434129e-05
2016,Scotland,2,7.4,6,LPG Cars,Rural (not London),3.1666666473e-05,6.04024853601e-06,3.56739155905e-06
2016,Scotland,2,7.4,6,LPG LGV,Rural (not London),8.90551746124e-05,7.99458302936e-06,4.67748986921e-06
2016,Scotland,2,7.4,6,Motorcycle,Rural (not London),5.47511626792e-05,3.24010852637e-06,2.11119868254e-06
2016,Scotland,2,7.4,6,Petrol Car,Rural (not London),0.000207498262171,6.04024853601e-06,3.56739155905e-06
2016,Scotland,2,7.4,6,Plug-In Hybrid Petrol Cars,Rural (not London),4.35792571807e-05,5.56090526516e-06,3.11201529257e-06
2016,Scotland,2,7.4,6,Plug-In Hybrid Petrol LGV,Rural (not London),8.46194088808e-05,7.48252568883e-06,4.19103525928e-06
2016,Scotland,2,7.4,6,Rigid HGV,Rural (not London),0.00371912261471,8.40271750349e-05,7.0128000516e-05
2016,Scotland,2,7.4,7,Artic HGV,Rural (not London),0.00607152841985,0.000136763832415,0.00011892040493
2016,Scotland,2,7.4,7,B100 Artic HGV,Rural (not London),0.00667868088931,8.79245417309e-05,7.25230784155e-05
2016,Scotland,2,7.4,7,B100 Bus,Rural (not London),0.00504691433161,6.52400485706e-05,5.2336785302e-05
2016,Scotland,2,7.4,7,B100 Coach,Rural (not London),0.0072001600638,5.66068811167e-05,4.41352822236e-05
2016,Scotland,2,7.4,7,B100 Rigid HGV,Rural (not London),0.00409103464335,5.65660157008e-05,4.40398980572e-05
2016,Scotland,2,7.4,7,Battery EV Cars,Rural (not London),0.0,5.50764480067e-06,3.06141782858e-06
2016,Scotland,2,7.4,7,Battery EV LGV,Rural (not London),0.0,7.46197929402e-06,4.17151613874e-06
2016,Scotland,2,7.4,7,Biogas Bus,Rural (not London),0.00069444446126,2.41506240855e-05,1.33018365887e-05
2016,Scotland,2,7.4,7,Biomethane Bus,Rural (not London),0.00069444446126,2.41506240855e-05,1.33018365887e-05
2016,Scotland,2,7.4,7,Bus and Coach,Rural (not London),0.00513620255515,0.000107425796159,9.24132473301e-05
2016,Scotland,2,7.4,7,CNG Bus,Rural (not London),0.00069444446126,2.41506240855e-05,1.33018365887e-05
2016,Scotland,2,7.4,7,Diesel Car,Rural (not London),0.000376376206987,2.12645591091e-05,1.80304868991e-05
2016,Scotland,2,7.4,7,E85 Bioethanol Cars,Rural (not London),0.000206096097827,5.93372760704e-06,3.46619685843e-06
2016,Scotland,2,7.4,7,E85 Bioethanol LGV,Rural (not London),0.000192944920855,7.88806210039e-06,4.57629494122e-06
2016,Scotland,2,7.4,7,FCEV Bus,Rural (not London),0.0,2.27617347264e-05,1.1982392607e-05
2016,Scotland,2,7.4,7,FCEV Cars,Rural (not London),0.0,5.50764480067e-06,3.06141782858e-06
2016,Scotland,2,7.4,7,FCEV LGV,Rural (not London),0.0,7.46197929402e-06,4.17151613874e-06
2016,Scotland,2,7.4,7,Full Hybrid Diesel Cars,Rural (not London),0.00027608484379,1.57127633429e-05,1.27562807393e-05
2016,Scotland,2,7.4,7,Full Hybrid Petrol Cars,Rural (not London),0.000217896289541,6.04024853601e-06,3.56739155905e-06
2016,Scotland,2,7.4,7,Full Hybrid Petrol LGV,Rural (not London),1.34679821713e-05,7.67369783716e-06,4.3726486183e-06
2016,Scotland,2,7.4,7,Hybrid Bus,Rural (not London),0.00304097239859,4.25609287049e-05,3.07916270685e-05
2016,Scotland,2,7.4,7,LGV,Rural (not London),0.00047125297715,3.73966286134e-05,3.2609434129e-05
2016,Scotland,2,7.4,7,LPG Cars,Rural (not London),3.1666666473e-05,6.04024853601e-06,3.56739155905e-06
2016,Scotland,2,7.4,7,LPG LGV,Rural (not London),8.90551746124e-05,7.99458302936e-06,4.67748986921e-06
2016,Scotland,2,7.4,7,Motorcycle,Rural (not London),5.47511626792e-05,3.24010852637e-06,2.11119868254e-06
2016,Scotland,2,7.4,7,Petrol Car,Rural (not London),0.000206096097827,6.04024853601e-06,3.56739155905e-06
2016,Scotland,2,7.4,7,Plug-In Hybrid Petrol Cars,Rural (not London),4.35792571807e-05,5.56090526516e-06,3.11201529257e-06
2016,Scotland,2,7.4,7,Plug-In Hybrid Petrol LGV,Rural (not London),8.46194088808e-05,7.4818176472e-06,4.19036268795e-06
2016,Scotland,2,7.4,7,Rigid HGV,Rural (not London),0.00371912261471,8.40271750349e-05,7.0128000516e-05
2016,Scotland,2,7.4,8,Artic HGV,Rural (not London),0.00607152841985,0.000136763832415,0.00011892040493
2016,Scotland,2,7.4,8,B100 Artic HGV,Rural (not London),0.00667868088931,8.79245417309e-05,7.25230784155e-05
2016,Scotland,2,7.4,8,B100 Bus,Rural (not London),0.00504691433161,6.52400485706e-05,5.2336785302e-05
2016,Scotland,2,7.4,8,B100 Coach,Rural (not London),0.0072001600638,5.66068811167e-05,4.41352822236e-05
2016,Scotland,2,7.4,8,B100 Rigid HGV,Rural (not London),0.00409103464335,5.65660157008e-05,4.40398980572e-05
2016,Scotland,2,7.4,8,Battery EV Cars,Rural (not London),0.0,5.50764480067e-06,3.06141782858e-06
2016,Scotland,2,7.4,8,Battery EV LGV,Rural (not London),0.0,7.46197929402e-06,4.17151613874e-06
2016,Scotland,2,7.4,8,Biogas Bus,Rural (not London),0.00069444446126,2.41506240855e-05,1.33018365887e-05
2016,Scotland,2,7.4,8,Biomethane Bus,Rural (not London),0.00069444446126,2.41506240855e-05,1.33018365887e-05
2016,Scotland,2,7.4,8,Bus and Coach,Rural (not London),0.00513620255515,0.000107425796159,9.24132473301e-05
2016,Scotland,2,7.4,8,CNG Bus,Rural (not London),0.00069444446126,2.41506240855e-05,1.33018365887e-05
2016,Scotland,2,7.4,8,Diesel Car,Rural (not London),0.000376376206987,2.12645591091e-05,1.80304868991e-05
2016,Scotland,2,7.4,8,E85 Bioethanol Cars,Rural (not London),0.000204632087843,5.93372760704e-06,3.46619685843e-06
2016,Scotland,2,7.4,8,E85 Bioethanol LGV,Rural (not London),0.000192710765987,7.88806210039e-06,4.57629494122e-06
2016,Scotland,2,7.4,8,FCEV Bus,Rural (not London),0.0,2.27617347264e-05,1.1982392607e-05
2016,Scotland,2,7.4,8,FCEV Cars,Rural (not London),0.0,5.50764480067e-06,3.06141782858e-06
2016,Scotland,2,7.4,8,FCEV LGV,Rural (not London),0.0,7.46197929402e-06,4.17151613874e-06
2016,Scotland,2,7.4,8,Full Hybrid Diesel Cars,Rural (not London),0.00027608484379,1.57127633429e-05,1.27562807393e-05
2016,Scotland,2,7.4,8,Full Hybrid Petrol Cars,Rural (not London),0.000217896289541,6.04024853601e-06,3.56739155905e-06
2016,Scotland,2,7.4,8,Full Hybrid Petrol LGV,Rural (not London),1.3415158719e-05,7.67369783716e-06,4.3726486183e-06
2016,Scotland,2,7.4,8,Hybrid Bus,Rural (not London),0.00274155149236,4.25609287049e-05,3.07916270685e-05
2016,Scotland,2,7.4,8,LGV,Rural (not London),0.000471245322842,3.73966286134e-05,3.2609434129e-05
2016,Scotland,2,7.4,8,LPG Cars,Rural (not London),3.1666666473e-05,6.04024853601e-06,3.56739155905e-06
2016,Scotland,2,7.4,8,LPG LGV,Rural (not London),8.90551746124e-05,7.99458302936e-06,4.67748986921e-06
2016,Scotland,2,7.4,8,Motorcycle,Rural (not London),5.47511626792e-05,3.24010852637e-06,2.11119868254e-06
2016,Scotland,2,7.4,8,Petrol Car,Rural (not London),0.000204632087843,6.04024853601e-06,3.56739155905e-06
2016,Scotland,2,7.4,8,Plug-In Hybrid Petrol Cars,Rural (not London),4.35792571807e-05,5.56090526516e-06,3.11201529257e-06
2016,Scotland,2,7.4,8,Plug-In Hybrid Petrol LGV,Rural (not London),8.46194088808e-05,7.4811741797e-06,4.18975105276e-06
2016,Scotland,2,7.4,8,Rigid HGV,Rural (not London),0.00371912261471,8.40271750349e-05,7.0128000516e-05
2016,Scotland,2,7.4,9,Artic HGV,Rural (not London),0.00607152841985,0.000136763832415,0.00011892040493
2016,Scotland,2,7.4,9,B100 Artic HGV,Rural (not London),0.00667868088931,8.79245417309e-05,7.25230784155e-05
2016,Scotland,2,7.4,9,B100 Bus,Rural (not London),0.00504691433161,6.52400485706e-05,5.2336785302e-05
2016,Scotland,2,7.4,9,B100 Coach,Rural (not London),0.0072001600638,5.66068811167e-05,4.41352822236e-05
2016,Scotland,2,7.4,9,B100 Rigid HGV,Rural (not London),0.00409103464335,5.65660157008e-05,4.40398980572e-05
2016,Scotland,2,7.4,9,Battery EV Cars,Rural (not London),0.0,5.50764480067e-06,3.06141782858e-06
2016,Scotland,2,7.4,9,Battery EV LGV,Rural (not London),0.0,7.46197929402e-06,4.17151613874e-06
2016,Scotland,2,7.4,9,Biogas Bus,Rural (not London),0.00069444446126,2.41506240855e-05,1.33018365887e-05
2016,Scotland,2,7.4,9,Biomethane Bus,Rural (not London),0.00069444446126,2.41506240855e-05,1.33018365887e-05
2016,Scotland,2,7.4,9,Bus and Coach,Rural (not London),0.00513620255515,0.000107425796159,9.24132473301e-05
2016,Scotland,2,7.4,9,CNG Bus,Rural (not London),0.00069444446126,2.41506240855e-05,1.33018365887e-05
2016,Scotland,2,7.4,9,Diesel Car,Rural (not London),0.000376376206987,2.12645591091e-05,1.80304868991e-05
2016,Scotland,2,7.4,9,E85 Bioethanol Cars,Rural (not London),0.000203107148991,5.93372760704e-06,3.46619685843e-06
2016,Scotland,2,7.4,9,E85 Bioethanol LGV,Rural (not London),0.000192466875887,7.88806210039e-06,4.57629494122e-06
2016,Scotland,2,7.4,9,FCEV Bus,Rural (not London),0.0,2.27617347264e-05,1.1982392607e-05
2016,Scotland,2,7.4,9,FCEV Cars,Rural (not London),0.0,5.50764480067e-06,3.06141782858e-06
2016,Scotland,2,7.4,9,FCEV LGV,Rural (not London),0.0,7.46197929402e-06,4.17151613874e-06
2016,Scotland,2,7.4,9,Full Hybrid Diesel Cars,Rural (not London),0.00027608484379,1.57127633429e-05,1.27562807393e-05
2016,Scotland,2,7.4,9,Full Hybrid Petrol Cars,Rural (not London),0.000217896289541,6.04024853601e-06,3.56739155905e-06
2016,Scotland,2,7.4,9,Full Hybrid Petrol LGV,Rural (not London),1.33628445838e-05,7.67369783716e-06,4.3726486183e-06
2016,Scotland,2,7.4,9,Hybrid Bus,Rural (not London),0.00250743003562,4.25609287049e-05,3.07916270685e-05
2016,Scotland,2,7.4,9,LGV,Rural (not London),0.000471237348393,3.73966286134e-05,3.2609434129e-05
2016,Scotland,2,7.4,9,LPG Cars,Rural (not London),3.1666666473e-05,6.04024853601e-06,3.56739155905e-06
2016,Scotland,2,7.4,9,LPG LGV,Rural (not London),8.90551746124e-05,7.99458302936e-06,4.67748986921e-06
2016,Scotland,2,7.4,9,Motorcycle,Rural (not London),5.47511626792e-05,3.24010852637e-06,2.11119868254e-06
2016,Scotland,2,7.4,9,Petrol Car,Rural (not London),0.000203107148991,6.04024853601e-06,3.56739155905e-06
2016,Scotland,2,7.4,9,Plug-In Hybrid Petrol Cars,Rural (not London),4.35792571807e-05,5.56090526516e-06,3.11201529257e-06
2016,Scotland,2,7.4,9,Plug-In Hybrid Petrol LGV,Rural (not London),8.46194088808e-05,7.48062757339e-06,4.18923218604e-06
2016,Scotland,2,7.4,9,Rigid HGV,Rural (not London),0.00371912261471,8.40271750349e-05,7.0128000516e-05
2016,Scotland,2,7.4,10,Artic HGV,Rural (not London),0.00607152841985,0.000136763832415,0.00011892040493
2016,Scotland,2,7.4,10,B100 Artic HGV,Rural (not London),0.00667868088931,8.79245417309e-05,7.25230784155e-05
2016,Scotland,2,7.4,10,B100 Bus,Rural (not London),0.00504691433161,6.52400485706e-05,5.2336785302e-05
2016,Scotland,2,7.4,10,B100 Coach,Rural (not London),0.0072001600638,5.66068811167e-05,4.41352822236e-05
2016,Scotland,2,7.4,10,B100 Rigid HGV,Rural (not London),0.00409103464335,5.65660157008e-05,4.40398980572e-05
2016,Scotland,2,7.4,10,Battery EV Cars,Rural (not London),0.0,5.50764480067e-06,3.06141782858e-06
2016,Scotland,2,7.4,10,Battery EV LGV,Rural (not London),0.0,7.46197929402e-06,4.17151613874e-06
2016,Scotland,2,7.4,10,Biogas Bus,Rural (not London),0.00069444446126,2.41506240855e-05,1.33018365887e-05
2016,Scotland,2,7.4,10,Biomethane Bus,Rural (not London),0.00069444446126,2.41506240855e-05,1.33018365887e-05
2016,Scotland,2,7.4,10,Bus and Coach,Rural (not London),0.00513620255515,0.000107425796159,9.24132473301e-05
2016,Scotland,2,7.4,10,CNG Bus,Rural (not London),0.00069444446126,2.41506240855e-05,1.33018365887e-05
2016,Scotland,2,7.4,10,Diesel Car,Rural (not London),0.000376376206987,2.12645591091e-05,1.80304868991e-05
2016,Scotland,2,7.4,10,E85 Bioethanol Cars,Rural (not London),0.000201522721909,5.93372760704e-06,3.46619685843e-06
2016,Scotland,2,7.4,10,E85 Bioethanol LGV,Rural (not London),0.000192213468836,7.88806210039e-06,4.57629494122e-06
2016,Scotland,2,7.4,10,FCEV Bus,Rural (not London),0.0,2.27617347264e-05,1.1982392607e-05
2016,Scotland,2,7.4,10,FCEV Cars,Rural (not London),0.0,5.50764480067e-06,3.06141782858e-06
2016,Scotland,2,7.4,10,FCEV LGV,Rural (not London),0.0,7.46197929402e-06,4.17151613874e-06
2016,Scotland,2,7.4,10,Full Hybrid Diesel Cars,Rural (not London),0.00027608484379,1.57127633429e-05,1.27562807393e-05
2016,Scotland,2,7.4,10,Full Hybrid Petrol Cars,Rural (not London),0.000217896289541,6.04024853601e-06,3.56739155905e-06
2016,Scotland,2,7.4,10,Full Hybrid Petrol LGV,Rural (not London),1.3311038856e-05,7.67369783716e-06,4.3726486183e-06
2016,Scotland,2,7.4,10,Hybrid Bus,Rural (not London),0.00231695338152,4.25609287049e-05,3.07916270685e-05
2016,Scotland,2,7.4,10,LGV,Rural (not London),0.000471229053801,3.73966286134e-05,3.2609434129e-05
2016,Scotland,2,7.4,10,LPG Cars,Rural (not London),3.1666666473e-05,6.04024853601e-06,3.56739155905e-06
2016,Scotland,2,7.4,10,LPG LGV,Rural (not London),8.90551746124e-05,7.99458302936e-06,4.67748986921e-06
2016,Scotland,2,7.4,10,Motorcycle,Rural (not London),5.47511626792e-05,3.24010852637e-06,2.11119868254e-06
2016,Scotland,2,7.4,10,Petrol Car,Rural (not London),0.000201522721909,6.04024853601e-06,3.56739155905e-06
2016,Scotland,2,7.4,10,Plug-In Hybrid Petrol Cars,Rural (not London),4.35792571807e-05,5.56090526516e-06,3.11201529257e-06
2016,Scotland,2,7.4,10,Plug-In Hybrid Petrol LGV,Rural (not London),8.46194088808e-05,7.48017964725e-06,4.18880608777e-06
2016,Scotland,2,7.4,10,Rigid HGV,Rural (not London),0.00371912261471,8.40271750349e-05,7.0128000516e-05
2016,Scotland,2,7.4,12,Artic HGV,Rural (not London),0.00607152841985,0.000136763832415,0.00011892040493
2016,Scotland,2,7.4,12,B100 Artic HGV,Rural (not London),0.00667868088931,8.79245417309e-05,7.25230784155e-05
2016,Scotland,2,7.4,12,B100 Bus,Rural (not London),0.00477402051911,6.26816836302e-05,4.99063462485e-05
2016,Scotland,2,7.4,12,B100 Coach,Rural (not London),0.0072001600638,5.46000555914e-05,4.22287957917e-05
2016,Scotland,2,7.4,12,B100 Rigid HGV,Rural (not London),0.00409103464335,5.65660157008e-05,4.40398980572e-05
2016,Scotland,2,7.4,12,Battery EV Cars,Rural (not London),0.0,5.50764480067e-06,3.06141782858e-06
2016,Scotland,2,7.4,12,Battery EV LGV,Rural (not London),0.0,7.46197929402e-06,4.17151613874e-06
2016,Scotland,2,7.4,12,Biogas Bus,Rural (not London),0.00069444446126,2.41506240855e-05,1.33018365887e-05
2016,Scotland,2,7.4,12,Biomethane Bus,Rural (not London),0.00069444446126,2.41506240855e-05,1.33018365887e-05
2016,Scotland,2,7.4,12,Bus and Coach,Rural (not London),0.0049575814046,0.000104076672869,8.92315802048e-05
2016,Scotland,2,7.4,12,CNG Bus,Rural (not London),0.00069444446126,2.41506240855e-05,1.33018365887e-05
2016,Scotland,2,7.4,12,Diesel Car,Rural (not London),0.000346889166394,2.0755429432e-05,1.75468139787e-05
2016,Scotland,2,7.4,12,E85 Bioethanol Cars,Rural (not London),0.000198872949113,5.93372760704e-06,3.46619685843e-06
2016,Scotland,2,7.4,12,E85 Bioethanol LGV,Rural (not London),0.000191395360162,7.88806210039e-06,4.57629494122e-06
2016,Scotland,2,7.4,12,FCEV Bus,Rural (not London),0.0,2.27617347264e-05,1.1982392607e-05
2016,Scotland,2,7.4,12,FCEV Cars,Rural (not London),0.0,5.50764480067e-06,3.06141782858e-06
2016,Scotland,2,7.4,12,FCEV LGV,Rural (not London),0.0,7.46197929402e-06,4.17151613874e-06
2016,Scotland,2,7.4,12,Full Hybrid Diesel Cars,Rural (not London),0.000260619359324,1.54765530169e-05,1.2531880202e-05
2016,Scotland,2,7.4,12,Full Hybrid Petrol Cars,Rural (not London),0.000219869747525,6.04024853601e-06,3.56739155905e-06
2016,Scotland,2,7.4,12,Full Hybrid Petrol LGV,Rural (not London),1.29564023155e-05,7.67369783716e-06,4.3726486183e-06
2016,Scotland,2,7.4,12,Hybrid Bus,Rural (not London),0.00201882841066,4.05311038776e-05,2.8863292755e-05
2016,Scotland,2,7.4,12,LGV,Rural (not London),0.000455887260614,3.58497709385e-05,3.11399162456e-05
2016,Scotland,2,7.4,12,LPG Cars,Rural (not London),3.1666666473e-05,6.04024853601e-06,3.56739155905e-06
2016,Scotland,2,7.4,12,LPG LGV,Rural (not London),8.57494960655e-05,7.99458302936e-06,4.67748986921e-06
2016,Scotland,2,7.4,12,Motorcycle,Rural (not London),5.15771571372e-05,3.24010852637e-06,2.11119868254e-06
2016,Scotland,2,7.4,12,Petrol Car,Rural (not London),0.000198872949113,6.04024853601e-06,3.56739155905e-06
2016,Scotland,2,7.4,12,Plug-In Hybrid Petrol Cars,Rural (not London),4.39739524154e-05,5.56090526516e-06,3.11201529257e-06
2016,Scotland,2,7.4,12,Plug-In Hybrid Petrol LGV,Rural (not London),8.60859145178e-05,7.47915555621e-06,4.18783338318e-06
2016,Scotland,2,7.4,12,Rigid HGV,Rural (not London),0.00371912261471,8.40271750349e-05,7.0128000516e-05
2016,Scotland,2,7.4,14,Artic HGV,Rural (not London),0.00559500418603,0.000131127482746,0.00011356586765
2016,Scotland,2,7.4,14,B100 Artic HGV,Rural (not London),0.00615450460464,8.48245472298e-05,6.95780836395e-05
2016,Scotland,2,7.4,14,B100 Bus,Rural (not London),0.00433498760685,5.86165806453e-05,4.60444971395e-05
2016,Scotland,2,7.4,14,B100 Coach,Rural (not London),0.00638745957986,5.10197496624e-05,3.88275038858e-05
2016,Scotland,2,7.4,14,B100 Rigid HGV,Rural (not London),0.00373705918901,5.47895033378e-05,4.23522105848e-05
2016,Scotland,2,7.4,14,Battery EV Cars,Rural (not London),0.0,5.50764480067e-06,3.06141782858e-06
2016,Scotland,2,7.4,14,Battery EV LGV,Rural (not London),0.0,7.46197929402e-06,4.17151613874e-06
2016,Scotland,2,7.4,14,Biogas Bus,Rural (not London),0.00069444446126,2.41506240855e-05,1.33018365887e-05
2016,Scotland,2,7.4,14,Biomethane Bus,Rural (not London),0.00069444446126,2.41506240855e-05,1.33018365887e-05
2016,Scotland,2,7.4,14,Bus and Coach,Rural (not London),0.00446334527805,9.56921212492e-05,8.12662547105e-05
2016,Scotland,2,7.4,14,CNG Bus,Rural (not London),0.00069444446126,2.41506240855e-05,1.33018365887e-05
2016,Scotland,2,7.4,14,Diesel Car,Rural (not London),0.000322103645885,2.0264489649e-05,1.70804214576e-05
2016,Scotland,2,7.4,14,E85 Bioethanol Cars,Rural (not London),0.000196055218112,5.93372760704e-06,3.46619685843e-06
2016,Scotland,2,7.4,14,E85 Bioethanol LGV,Rural (not London),0.000190627455595,7.88806210039e-06,4.57629494122e-06
2016,Scotland,2,7.4,14,FCEV Bus,Rural (not London),0.0,2.27617347264e-05,1.1982392607e-05
2016,Scotland,2,7.4,14,FCEV Cars,Rural (not London),0.0,5.50764480067e-06,3.06141782858e-06
2016,Scotland,2,7.4,14,FCEV LGV,Rural (not London),0.0,7.46197929402e-06,4.17151613874e-06
2016,Scotland,2,7.4,14,Full Hybrid Diesel Cars,Rural (not London),0.000248000113061,1.5247452211e-05,1.23142344819e-05
2016,Scotland,2,7.4,14,Full Hybrid Petrol Cars,Rural (not London),0.000221957074245,6.04024853601e-06,3.56739155905e-06
2016,Scotland,2,7.4,14,Full Hybrid Petrol LGV,Rural (not London),1.261419402e-05,7.67369783716e-06,4.3726486183e-06
2016,Scotland,2,7.4,14,Hybrid Bus,Rural (not London),0.00179031398147,3.89583037759e-05,2.73691330221e-05
2016,Scotland,2,7.4,14,LGV,Rural (not London),0.000441320822574,3.43740757671e-05,2.97380083794e-05
2016,Scotland,2,7.4,14,LPG Cars,Rural (not London),3.1666666473e-05,6.04024853601e-06,3.56739155905e-06
2016,Scotland,2,7.4,14,LPG LGV,Rural (not London),8.26807736303e-05,7.99458302936e-06,4.67748986921e-06
2016,Scotland,2,7.4,14,Motorcycle,Rural (not London),4.88162440888e-05,3.24010852637e-06,2.11119868254e-06
2016,Scotland,2,7.4,14,Petrol Car,Rural (not London),0.000196055218112,6.04024853601e-06,3.56739155905e-06
2016,Scotland,2,7.4,14,Plug-In Hybrid Petrol Cars,Rural (not London),4.43914141215e-05,5.56090526516e-06,3.11201529257e-06
2016,Scotland,2,7.4,14,Plug-In Hybrid Petrol LGV,Rural (not London),8.75659025041e-05,7.4784456956e-06,4.18715944761e-06
2016,Scotland,2,7.4,14,Rigid HGV,Rural (not London),0.00339732645079,8.07971518952e-05,6.70594745316e-05
2016,Scotland,2,7.4,16,Artic HGV,Rural (not London),0.00521416310221,0.000125822902191,0.000108526524855
2016,Scotland,2,7.4,16,B100 Artic HGV,Rural (not London),0.00573557941243,8.19070337457e-05,6.68064385536e-05
2016,Scotland,2,7.4,16,B100 Bus,Rural (not London),0.00399636337534,5.55328842893e-05,4.31149819633e-05
2016,Scotland,2,7.4,16,B100 Coach,Rural (not London),0.00576888024807,4.82469258714e-05,3.61933234672e-05
2016,Scotland,2,7.4,16,B100 Rigid HGV,Rural (not London),0.00346160726622,5.31261284777e-05,4.07720035582e-05
2016,Scotland,2,7.4,16,Battery EV Cars,Rural (not London),0.0,5.50764480067e-06,3.06141782858e-06
2016,Scotland,2,7.4,16,Battery EV LGV,Rural (not London),0.0,7.46197929402e-06,4.17151613874e-06
2016,Scotland,2,7.4,16,Biogas Bus,Rural (not London),0.00069444446126,2.41506240855e-05,1.33018365887e-05
2016,Scotland,2,7.4,16,Biomethane Bus,Rural (not London),0.00069444446126,2.41506240855e-05,1.33018365887e-05
2016,Scotland,2,7.4,16,Bus and Coach,Rural (not London),0.0040842439048,8.92976095201e-05,7.51914703869e-05
2016,Scotland,2,7.4,16,CNG Bus,Rural (not London),0.00069444446126,2.41506240855e-05,1.33018365887e-05
2016,Scotland,2,7.4,16,Diesel Car,Rural (not London),0.000301021937048,1.979173976e-05,1.66313075169e-05
2016,Scotland,2,7.4,16,E85 Bioethanol Cars,Rural (not London),0.000193100524484,5.93372760704e-06,3.46619685843e-06
2016,Scotland,2,7.4,16,E85 Bioethanol LGV,Rural (not London),0.000189914702787,7.88806210039e-06,4.57629494122e-06
2016,Scotland,2,7.4,16,FCEV Bus,Rural (not London),0.0,2.27617347264e-05,1.1982392607e-05
2016,Scotland,2,7.4,16,FCEV Cars,Rural (not London),0.0,5.50764480067e-06,3.06141782858e-06
2016,Scotland,2,7.4,16,FCEV LGV,Rural (not London),0.0,7.46197929402e-06,4.17151613874e-06
2016,Scotland,2,7.4,16,Full Hybrid Diesel Cars,Rural (not London),0.00023726055224,1.50254618347e-05,1.21033435789e-05
2016,Scotland,2,7.4,16,Full Hybrid Petrol Cars,Rural (not London),0.000224158240599,6.04024853601e-06,3.56739155905e-06
2016,Scotland,2,7.4,16,Full Hybrid Petrol LGV,Rural (not London),1.22844139696e-05,7.67369783716e-06,4.3726486183e-06
2016,Scotland,2,7.4,16,Hybrid Bus,Rural (not London),0.00160647102166,3.77022042812e-05,2.61758377746e-05
2016,Scotland,2,7.4,16,LGV,Rural (not London),0.000427470338764,3.29695503751e-05,2.84037087113e-05
2016,Scotland,2,7.4,16,LPG Cars,Rural (not London),3.1666666473e-05,6.04024853601e-06,3.56739155905e-06
2016,Scotland,2,7.4,16,LPG LGV,Rural (not London),7.98169276095e-05,7.99458302936e-06,4.67748986921e-06
2016,Scotland,2,7.4,16,Motorcycle,Rural (not London),4.6434601245e-05,3.24010852637e-06,2.11119868254e-06
2016,Scotland,2,7.4,16,Petrol Car,Rural (not London),0.000193100524484,6.04024853601e-06,3.56739155905e-06
2016,Scotland,2,7.4,16,Plug-In Hybrid Petrol Cars,Rural (not London),4.48316495749e-05,5.56090526516e-06,3.11201529257e-06
2016,Scotland,2,7.4,16,Plug-In Hybrid Petrol LGV,Rural (not London),8.905937284e-05,7.47797821532e-06,4.18671515945e-06
2016,Scotland,2,7.4,16,Rigid HGV,Rural (not London),0.00314691569656,7.77728346293e-05,6.41863734927e-05
2016,Scotland,2,7.4,18,Artic HGV,Rural (not London),0.00490115676075,0.000120842123579,0.000103794773167
2016,Scotland,2,7.4,18,B100 Artic HGV,Rural (not London),0.00539127271622,7.91675993241e-05,6.42039813101e-05
2016,Scotland,2,7.4,18,B100 Bus,Rural (not London),0.00372655666433,5.31166006112e-05,4.08195155615e-05
2016,Scotland,2,7.4,18,B100 Coach,Rural (not London),0.0052819494158,4.6032051614e-05,3.40891929227e-05
2016,Scotland,2,7.4,18,B100 Rigid HGV,Rural (not London),0.00324074341916,5.15728024766e-05,3.92963447666e-05
2016,Scotland,2,7.4,18,Battery EV Cars,Rural (not London),0.0,5.50764480067e-06,3.06141782858e-06
2016,Scotland,2,7.4,18,Battery EV LGV,Rural (not London),0.0,7.46197929402e-06,4.17151613874e-06
2016,Scotland,2,7.4,18,Biogas Bus,Rural (not London),0.00069444446126,2.41506240855e-05,1.33018365887e-05
2016,Scotland,2,7.4,18,Biomethane Bus,Rural (not London),0.00069444446126,2.41506240855e-05,1.33018365887e-05
2016,Scotland,2,7.4,18,Bus and Coach,Rural (not London),0.00378369679675,8.42600711621e-05,7.04058111296e-05
2016,Scotland,2,7.4,18,CNG Bus,Rural (not London),0.00069444446126,2.41506240855e-05,1.33018365887e-05
2016,Scotland,2,7.4,18,Diesel Car,Rural (not London),0.000282911991235,1.9337177946e-05,1.61994757946e-05
2016,Scotland,2,7.4,18,E85 Bioethanol Cars,Rural (not London),0.00019004882779,5.93372760704e-06,3.46619685843e-06
2016,Scotland,2,7.4,18,E85 Bioethanol LGV,Rural (not London),0.000189263504581,7.88806210039e-06,4.57629494122e-06
2016,Scotland,2,7.4,18,FCEV Bus,Rural (not London),0.0,2.27617347264e-05,1.1982392607e-05
2016,Scotland,2,7.4,18,FCEV Cars,Rural (not London),0.0,5.50764480067e-06,3.06141782858e-06
2016,Scotland,2,7.4,18,FCEV LGV,Rural (not London),0.0,7.46197929402e-06,4.17151613874e-06
2016,Scotland,2,7.4,18,Full Hybrid Diesel Cars,Rural (not London),0.000227859200095,1.4810581888e-05,1.18992074931e-05
2016,Scotland,2,7.4,18,Full Hybrid Petrol Cars,Rural (not London),0.000226473261137,6.04024853601e-06,3.56739155905e-06
2016,Scotland,2,7.4,18,Full Hybrid Petrol LGV,Rural (not London),1.19670639833e-05,7.67369783716e-06,4.3726486183e-06
2016,Scotland,2,7.4,18,Hybrid Bus,Rural (not London),0.00145406892989,3.6672794522e-05,2.51978981396e-05
2016,Scotland,2,7.4,18,LGV,Rural (not London),0.000414292298956,3.16361911246e-05,2.71370154223e-05
2016,Scotland,2,7.4,18,LPG Cars,Rural (not London),3.1666666473e-05,6.04024853601e-06,3.56739155905e-06
2016,Scotland,2,7.4,18,LPG LGV,Rural (not London),7.71343984525e-05,7.99458302936e-06,4.67748986921e-06
2016,Scotland,2,7.4,18,Motorcycle,Rural (not London),4.44013203378e-05,3.24010852637e-06,2.11119868254e-06
2016,Scotland,2,7.4,18,Petrol Car,Rural (not London),0.00019004882779,6.04024853601e-06,3.56739155905e-06
2016,Scotland,2,7.4,18,Plug-In Hybrid Petrol Cars,Rural (not London),4.52946551377e-05,5.56090526516e-06,3.11201529257e-06
2016,Scotland,2,7.4,18,Plug-In Hybrid Petrol LGV,Rural (not London),9.05663255253e-05,7.47769990994e-06,4.18645049649e-06
2016,Scotland,2,7.4,18,Rigid HGV,Rural (not London),0.00294613046572,7.49485989218e-05,6.15033495706e-05
2016,Scotland,2,7.4,20,Artic HGV,Rural (not London),0.0046382653527,0.000116177136078,9.93630383164e-05
2016,Scotland,2,7.4,20,B100 Artic HGV,Rural (not London),0.00510209193453,7.66018565628e-05,6.17665209575e-05
2016,Scotland,2,7.4,20,B100 Bus,Rural (not London),0.00350607815199,5.11758262292e-05,3.89757806261e-05
2016,Scotland,2,7.4,20,B100 Coach,Rural (not London),0.00488856621087,4.42197051598e-05,3.23674612446e-05
2016,Scotland,2,7.4,20,B100 Rigid HGV,Rural (not London),0.00305952643976,5.01264294144e-05,3.79222910851e-05
2016,Scotland,2,7.4,20,Battery EV Cars,Rural (not London),0.0,5.50764480067e-06,3.06141782858e-06
2016,Scotland,2,7.4,20,Battery EV LGV,Rural (not London),0.0,7.46197929402e-06,4.17151613874e-06
2016,Scotland,2,7.4,20,Biogas Bus,Rural (not London),0.00069444446126,2.41506240855e-05,1.33018365887e-05
2016,Scotland,2,7.4,20,Biomethane Bus,Rural (not London),0.00069444446126,2.41506240855e-05,1.33018365887e-05
2016,Scotland,2,7.4,20,Bus and Coach,Rural (not London),0.00353924976662,8.01915302873e-05,6.65406987537e-05
2016,Scotland,2,7.4,20,CNG Bus,Rural (not London),0.00069444446126,2.41506240855e-05,1.33018365887e-05
2016,Scotland,2,7.4,20,Diesel Car,Rural (not London),0.000267224619165,1.89008060261e-05,1.57849226525e-05
2016,Scotland,2,7.4,20,E85 Bioethanol Cars,Rural (not London),0.000186603865586,5.93372760704e-06,3.46619685843e-06
2016,Scotland,2,7.4,20,E85 Bioethanol LGV,Rural (not London),0.000188420570339,7.88806210039e-06,4.57629494122e-06
2016,Scotland,2,7.4,20,FCEV Bus,Rural (not London),0.0,2.27617347264e-05,1.1982392607e-05
2016,Scotland,2,7.4,20,FCEV Cars,Rural (not London),0.0,5.50764480067e-06,3.06141782858e-06
2016,Scotland,2,7.4,20,FCEV LGV,Rural (not London),0.0,7.46197929402e-06,4.17151613874e-06
2016,Scotland,2,7.4,20,Full Hybrid Diesel Cars,Rural (not London),0.000219467459829,1.46028114614e-05,1.17018262245e-05
2016,Scotland,2,7.4,20,Full Hybrid Petrol Cars,Rural (not London),0.000228902150411,6.04024853601e-06,3.56739155905e-06
2016,Scotland,2,7.4,20,Full Hybrid Petrol LGV,Rural (not London),1.15722568808e-05,7.67369783716e-06,4.3726486183e-06
2016,Scotland,2,7.4,20,Hybrid Bus,Rural (not London),0.00132508785464,3.5810713598e-05,2.43789218075e-05
2016,Scotland,2,7.4,20,LGV,Rural (not London),0.000401745579438,3.03739961964e-05,2.59379321506e-05
2016,Scotland,2,7.4,20,LPG Cars,Rural (not London),3.1666666473e-05,6.04024853601e-06,3.56739155905e-06
2016,Scotland,2,7.4,20,LPG LGV,Rural (not London),7.46155201341e-05,7.99458302936e-06,4.67748986921e-06
2016,Scotland,2,7.4,20,Motorcycle,Rural (not London),4.26883088949e-05,3.24010852637e-06,2.11119868254e-06
2016,Scotland,2,7.4,20,Petrol Car,Rural (not London),0.000186603865586,6.04024853601e-06,3.56739155905e-06
2016,Scotland,2,7.4,20,Plug-In Hybrid Petrol Cars,Rural (not London),4.57804308098e-05,5.56090526516e-06,3.11201529257e-06
2016,Scotland,2,7.4,20,Plug-In Hybrid Petrol LGV,Rural (not London),9.2086767836e-05,7.47757349018e-06,4.18633044319e-06
2016,Scotland,2,7.4,20,Rigid HGV,Rural (not London),0.00278138765134,7.23188350094e-05,5.90050767642e-05
2016,Scotland,2,7.4,25,Artic HGV,Rural (not London),0.00413084682077,0.000105843886558,8.95464472705e-05
2016,Scotland,2,7.4,25,B100 Artic HGV,Rural (not London),0.00454393122345,7.09185696905e-05,5.63674002478e-05
2016,Scotland,2,7.4,25,B100 Bus,Rural (not London),0.00309693743475,4.7684807214e-05,3.5659311834e-05
2016,Scotland,2,7.4,25,B100 Coach,Rural (not London),0.00417185435072,4.08561863878e-05,2.91721207759e-05
2016,Scotland,2,7.4,25,B100 Rigid HGV,Rural (not London),0.00272260955535,4.69581500511e-05,3.4912423871e-05
2016,Scotland,2,7.4,25,Battery EV Cars,Rural (not London),0.0,5.50764480067e-06,3.06141782858e-06
2016,Scotland,2,7.4,25,Battery EV LGV,Rural (not London),0.0,7.46197929402e-06,4.17151613874e-06
2016,Scotland,2,7.4,25,Biogas Bus,Rural (not London),0.00069444446126,2.41506240855e-05,1.33018365887e-05
2016,Scotland,2,7.4,25,Biomethane Bus,Rural (not London),0.00069444446126,2.41506240855e-05,1.33018365887e-05
2016,Scotland,2,7.4,25,Bus and Coach,Rural (not London),0.00308901281096,7.28005179553e-05,5.9519232309e-05
2016,Scotland,2,7.4,25,CNG Bus,Rural (not London),0.00069444446126,2.41506240855e-05,1.33018365887e-05
2016,Scotland,2,7.4,25,Diesel Car,Rural (not London),0.000236072810367,1.78894551937e-05,1.4824138816e-05
2016,Scotland,2,7.4,25,E85 Bioethanol Cars,Rural (not London),0.000177479654667,5.93372760704e-06,3.46619685843e-06
2016,Scotland,2,7.4,25,E85 Bioethanol LGV,Rural (not London),0.000186120319995,7.88806210039e-06,4.57629494122e-06
2016,Scotland,2,7.4,25,FCEV Bus,Rural (not London),0.0,2.27617347264e-05,1.1982392607e-05
2016,Scotland,2,7.4,25,FCEV Cars,Rural (not London),0.0,5.50764480067e-06,3.06141782858e-06
2016,Scotland,2,7.4,25,FCEV LGV,Rural (not London),0.0,7.46197929402e-06,4.17151613874e-06
2016,Scotland,2,7.4,25,Full Hybrid Diesel Cars,Rural (not London),0.000201674178243,1.4114494661e-05,1.12379248094e-05
2016,Scotland,2,7.4,25,Full Hybrid Petrol Cars,Rural (not London),0.000235472456552,6.04024853601e-06,3.56739155905e-06
2016,Scotland,2,7.4,25,Full Hybrid Petrol LGV,Rural (not London),1.0447751265e-05,7.67369783716e-06,4.3726486183e-06
2016,Scotland,2,7.4,25,Hybrid Bus,Rural (not London),0.00107416033279,3.41514169122e-05,2.28025910474e-05
2016,Scotland,2,7.4,25,LGV,Rural (not London),0.000373010727344,2.75298625638e-05,2.32360052905e-05
2016,Scotland,2,7.4,25,LPG Cars,Rural (not London),3.1666666473e-05,6.04024853601e-06,3.56739155905e-06
2016,Scotland,2,7.4,25,LPG LGV,Rural (not London),6.89528387738e-05,7.99458302936e-06,4.67748986921e-06
2016,Scotland,2,7.4,25,Motorcycle,Rural (not London),3.96462855861e-05,3.24010852637e-06,2.11119868254e-06
2016,Scotland,2,7.4,25,Petrol Car,Rural (not London),0.000177479654667,6.04024853601e-06,3.56739155905e-06
2016,Scotland,2,7.4,25,Plug-In Hybrid Petrol Cars,Rural (not London),4.70944942208e-05,5.56090526516e-06,3.11201529257e-06
2016,Scotland,2,7.4,25,Plug-In Hybrid Petrol LGV,Rural (not London),9.59468598012e-05,7.47776084609e-06,4.1865082494e-06
2016,Scotland,2,7.4,25,Rigid HGV,Rural (not London),0.00247509940527,6.6558321123e-05,5.35325925739e-05
2016,Scotland,2,7.4,30,Artic HGV,Rural (not London),0.00376185285859,9.73096612142e-05,8.14389350126e-05
2016,Scotland,2,7.4,30,B100 Artic HGV,Rural (not London),0.00413803802803,6.62247475702e-05,5.19082677783e-05
2016,Scotland,2,7.4,30,B100 Bus,Rural (not London),0.00281347567216,4.53914544778e-05,3.34806281899e-05
2016,Scotland,2,7.4,30,B100 Coach,Rural (not London),0.00368864974007,3.85327002732e-05,2.69648080575e-05
2016,Scotland,2,7.4,30,B100 Rigid HGV,Rural (not London),0.00249059172347,4.43907229055e-05,3.24733700836e-05
2016,Scotland,2,7.4,30,Battery EV Cars,Rural (not London),0.0,5.50764480067e-06,3.06141782858e-06
2016,Scotland,2,7.4,30,Battery EV LGV,Rural (not London),0.0,7.46197929402e-06,4.17151613874e-06
2016,Scotland,2,7.4,30,Biogas Bus,Rural (not London),0.00069444446126,2.41506240855e-05,1.33018365887e-05
2016,Scotland,2,7.4,30,Biomethane Bus,Rural (not London),0.00069444446126,2.41506240855e-05,1.33018365887e-05
2016,Scotland,2,7.4,30,Bus and Coach,Rural (not London),0.00278047681786,6.78624419379e-05,5.48280622752e-05
2016,Scotland,2,7.4,30,CNG Bus,Rural (not London),0.00069444446126,2.41506240855e-05,1.33018365887e-05
2016,Scotland,2,7.4,30,Diesel Car,Rural (not London),0.000213232997339,1.6991787561e-05,1.39713538374e-05
2016,Scotland,2,7.4,30,E85 Bioethanol Cars,Rural (not London),0.000169627863215,5.93372760704e-06,3.46619685843e-06
2016,Scotland,2,7.4,30,E85 Bioethanol LGV,Rural (not London),0.00018459954299,7.88806210039e-06,4.57629494122e-06
2016,Scotland,2,7.4,30,FCEV Bus,Rural (not London),0.0,2.27617347264e-05,1.1982392607e-05
2016,Scotland,2,7.4,30,FCEV Cars,Rural (not London),0.0,5.50764480067e-06,3.06141782858e-06
2016,Scotland,2,7.4,30,FCEV LGV,Rural (not London),0.0,7.46197929402e-06,4.17151613874e-06
2016,Scotland,2,7.4,30,Full Hybrid Diesel Cars,Rural (not London),0.000187142431969,1.36706157718e-05,1.08162403194e-05
2016,Scotland,2,7.4,30,Full Hybrid Petrol Cars,Rural (not London),0.0002427543659,6.04024853601e-06,3.56739155905e-06
2016,Scotland,2,7.4,30,Full Hybrid Petrol LGV,Rural (not London),9.44911244005e-06,7.67369783716e-06,4.3726486183e-06
2016,Scotland,2,7.4,30,Hybrid Bus,Rural (not London),0.000891491537914,3.29449358105e-05,2.16564312723e-05
2016,Scotland,2,7.4,30,LGV,Rural (not London),0.000347878522007,2.51305191341e-05,2.09566296689e-05
2016,Scotland,2,7.4,30,LPG Cars,Rural (not London),3.1666666473e-05,6.04024853601e-06,3.56739155905e-06
2016,Scotland,2,7.4,30,LPG LGV,Rural (not London),6.40932994429e-05,7.99458302936e-06,4.67748986921e-06
2016,Scotland,2,7.4,30,Motorcycle,Rural (not London),3.81236823159e-05,3.24010852637e-06,2.11119868254e-06
2016,Scotland,2,7.4,30,Petrol Car,Rural (not London),0.000169627863215,6.04024853601e-06,3.56739155905e-06
2016,Scotland,2,7.4,30,Plug-In Hybrid Petrol Cars,Rural (not London),4.85508753627e-05,5.56090526516e-06,3.11201529257e-06
2016,Scotland,2,7.4,30,Plug-In Hybrid Petrol LGV,Rural (not London),9.98912291834e-05,7.47847479943e-06,4.18718673245e-06
2016,Scotland,2,7.4,30,Rigid HGV,Rural (not London),0.0022641743999,6.18902777205e-05,4.90979473398e-05
2016,Scotland,2,7.4,35,Artic HGV,Rural (not London),0.00347894406877,9.0449648269e-05,7.49219252612e-05
2016,Scotland,2,7.4,35,B100 Artic HGV,Rural (not London),0.00382683845237,6.24517415417e-05,4.83239127789e-05
2016,Scotland,2,7.4,35,B100 Bus,Rural (not London),0.00260441098362,4.38050701632e-05,3.19735590892e-05
2016,Scotland,2,7.4,35,B100 Coach,Rural (not London),0.00334214954637,3.68288492609e-05,2.5346151233e-05
2016,Scotland,2,7.4,35,B100 Rigid HGV,Rural (not London),0.00232227751985,4.23758501711e-05,3.05592402583e-05
2016,Scotland,2,7.4,35,Battery EV Cars,Rural (not London),0.0,5.50764480067e-06,3.06141782858e-06
2016,Scotland,2,7.4,35,Battery EV LGV,Rural (not London),0.0,7.46197929402e-06,4.17151613874e-06
2016,Scotland,2,7.4,35,Biogas Bus,Rural (not London),0.00069444446126,2.41506240855e-05,1.33018365887e-05
2016,Scotland,2,7.4,35,Biomethane Bus,Rural (not London),0.00069444446126,2.41506240855e-05,1.33018365887e-05
2016,Scotland,2,7.4,35,Bus and Coach,Rural (not London),0.00255543435924,6.43750536256e-05,5.1515045925e-05
2016,Scotland,2,7.4,35,CNG Bus,Rural (not London),0.00069444446126,2.41506240855e-05,1.33018365887e-05
2016,Scotland,2,7.4,35,Diesel Car,Rural (not London),0.000196150736883,1.62078031281e-05,1.32265686261e-05
2016,Scotland,2,7.4,35,E85 Bioethanol Cars,Rural (not London),0.000163796692505,5.93372760704e-06,3.46619685843e-06
2016,Scotland,2,7.4,35,E85 Bioethanol LGV,Rural (not London),0.000183955562534,7.88806210039e-06,4.57629494122e-06
2016,Scotland,2,7.4,35,FCEV Bus,Rural (not London),0.0,2.27617347264e-05,1.1982392607e-05
2016,Scotland,2,7.4,35,FCEV Cars,Rural (not London),0.0,5.50764480067e-06,3.06141782858e-06
2016,Scotland,2,7.4,35,FCEV LGV,Rural (not London),0.0,7.46197929402e-06,4.17151613874e-06
2016,Scotland,2,7.4,35,Full Hybrid Diesel Cars,Rural (not London),0.000175001594471,1.32711766128e-05,1.04367727545e-05
2016,Scotland,2,7.4,35,Full Hybrid Petrol Cars,Rural (not London),0.000250747863902,6.04024853601e-06,3.56739155905e-06
2016,Scotland,2,7.4,35,Full Hybrid Petrol LGV,Rural (not London),8.56738734001e-06,7.67369783716e-06,4.3726486183e-06
2016,Scotland,2,7.4,35,Hybrid Bus,Rural (not London),0.000753102242015,3.20199178532e-05,2.07776647585e-05
2016,Scotland,2,7.4,35,LGV,Rural (not London),0.000326199515257,2.31759640883e-05,1.90998016478e-05
2016,Scotland,2,7.4,35,LPG Cars,Rural (not London),3.1666666473e-05,6.04024853601e-06,3.56739155905e-06
2016,Scotland,2,7.4,35,LPG LGV,Rural (not London),5.99547165621e-05,7.99458302936e-06,4.67748986921e-06
2016,Scotland,2,7.4,35,Motorcycle,Rural (not London),3.78774748242e-05,3.24010852637e-06,2.11119868254e-06
2016,Scotland,2,7.4,35,Petrol Car,Rural (not London),0.000163796692505,6.04024853601e-06,3.56739155905e-06
2016,Scotland,2,7.4,35,Plug-In Hybrid Petrol Cars,Rural (not London),5.01495742355e-05,5.56090526516e-06,3.11201529257e-06
2016,Scotland,2,7.4,35,Plug-In Hybrid Petrol LGV,Rural (not London),0.000103919868707,7.47956892155e-06,4.1882262849e-06
2016,Scotland,2,7.4,35,Rigid HGV,Rural (not London),0.00211116136052,5.82268694416e-05,4.56177076558e-05
2016,Scotland,2,7.4,40,Artic HGV,Rural (not London),0.00325376680121,8.51390577736e-05,6.9876863563e-05
2016,Scotland,2,7.4,40,B100 Artic HGV,Rural (not London),0.00357914343476,5.95309138589e-05,4.55491281173e-05
2016,Scotland,2,7.4,40,B100 Bus,Rural (not London),0.00244321953505,4.26745100413e-05,3.089952952e-05
2016,Scotland,2,7.4,40,B100 Coach,Rural (not London),0.00308288773522,3.55252959707e-05,2.41077741521e-05
2016,Scotland,2,7.4,40,B100 Rigid HGV,Rural (not London),0.00219595199451,4.08652231272e-05,2.91241449304e-05
2016,Scotland,2,7.4,40,Battery EV Cars,Rural (not London),0.0,5.50764480067e-06,3.06141782858e-06
2016,Scotland,2,7.4,40,Battery EV LGV,Rural (not London),0.0,7.46197929402e-06,4.17151613874e-06
2016,Scotland,2,7.4,40,Biogas Bus,Rural (not London),0.00069444446126,2.41506240855e-05,1.33018365887e-05
2016,Scotland,2,7.4,40,Biomethane Bus,Rural (not London),0.00069444446126,2.41506240855e-05,1.33018365887e-05
2016,Scotland,2,7.4,40,Bus and Coach,Rural (not London),0.0023839334026,6.18231861154e-05,4.90907732456e-05
2016,Scotland,2,7.4,40,CNG Bus,Rural (not London),0.00069444446126,2.41506240855e-05,1.33018365887e-05
2016,Scotland,2,7.4,40,Diesel Car,Rural (not London),0.000183265918167,1.55375018949e-05,1.25897822727e-05
2016,Scotland,2,7.4,40,E85 Bioethanol Cars,Rural (not London),0.00016036805755,5.93372760704e-06,3.46619685843e-06
2016,Scotland,2,7.4,40,E85 Bioethanol LGV,Rural (not London),0.000184227319551,7.88806210039e-06,4.57629494122e-06
2016,Scotland,2,7.4,40,FCEV Bus,Rural (not London),0.0,2.27617347264e-05,1.1982392607e-05
2016,Scotland,2,7.4,40,FCEV Cars,Rural (not London),0.0,5.50764480067e-06,3.06141782858e-06
2016,Scotland,2,7.4,40,FCEV LGV,Rural (not London),0.0,7.46197929402e-06,4.17151613874e-06
2016,Scotland,2,7.4,40,Full Hybrid Diesel Cars,Rural (not London),0.000164784520166,1.29161753648e-05,1.00995221146e-05
2016,Scotland,2,7.4,40,Full Hybrid Petrol Cars,Rural (not London),0.000259452965111,6.04024853601e-06,3.56739155905e-06
2016,Scotland,2,7.4,40,Full Hybrid Petrol LGV,Rural (not London),7.79362380854e-06,7.67369783716e-06,4.3726486183e-06
2016,Scotland,2,7.4,40,Hybrid Bus,Rural (not London),0.00064565485809,3.12911543006e-05,2.00853410206e-05
2016,Scotland,2,7.4,40,LGV,Rural (not London),0.000307881826302,2.16661974264e-05,1.76655230462e-05
2016,Scotland,2,7.4,40,LPG Cars,Rural (not London),3.1666666473e-05,6.04024853601e-06,3.56739155905e-06
2016,Scotland,2,7.4,40,LPG LGV,Rural (not London),5.64869078516e-05,7.99458302936e-06,4.67748986921e-06
2016,Scotland,2,7.4,40,Motorcycle,Rural (not London),3.87396175938e-05,3.24010852637e-06,2.11119868254e-06
2016,Scotland,2,7.4,40,Petrol Car,Rural (not London),0.00016036805755,6.04024853601e-06,3.56739155905e-06
2016,Scotland,2,7.4,40,Plug-In Hybrid Petrol Cars,Rural (not London),5.18905908393e-05,5.56090526516e-06,3.11201529257e-06
2016,Scotland,2,7.4,40,Plug-In Hybrid Petrol LGV,Rural (not London),0.000108032785647,7.48095635572e-06,4.18954459747e-06
2016,Scotland,2,7.4,40,Rigid HGV,Rural (not London),0.00199631997384,5.54802791157e-05,4.30084473919e-05
2016,Scotland,2,7.4,45,Artic HGV,Rural (not London),0.00306947203353,8.12530633993e-05,6.61851663608e-05
2016,Scotland,2,7.4,45,B100 Artic HGV,Rural (not London),0.00337641919032,5.73936158617e-05,4.35186957475e-05
2016,Scotland,2,7.4,45,B100 Bus,Rural (not London),0.00231474940665,4.18576710217e-05,3.01235322695e-05
2016,Scotland,2,7.4,45,B100 Coach,Rural (not London),0.00288288295269,3.44959626091e-05,2.31299090956e-05
2016,Scotland,2,7.4,45,B100 Rigid HGV,Rural (not London),0.00209901528433,3.98105439672e-05,2.81222019112e-05
2016,Scotland,2,7.4,45,Battery EV Cars,Rural (not London),0.0,5.50764480067e-06,3.06141782858e-06
2016,Scotland,2,7.4,45,Battery EV LGV,Rural (not London),0.0,7.46197929402e-06,4.17151613874e-06
2016,Scotland,2,7.4,45,Biogas Bus,Rural (not London),0.00069444446126,2.41506240855e-05,1.33018365887e-05
2016,Scotland,2,7.4,45,Biomethane Bus,Rural (not London),0.00069444446126,2.41506240855e-05,1.33018365887e-05
2016,Scotland,2,7.4,45,Bus and Coach,Rural (not London),0.00224893353879,5.99141640123e-05,4.72772007925e-05
2016,Scotland,2,7.4,45,CNG Bus,Rural (not London),0.00069444446126,2.41506240855e-05,1.33018365887e-05
2016,Scotland,2,7.4,45,Diesel Car,Rural (not London),0.000173579857801,1.49808829519e-05,1.20609947771e-05
2016,Scotland,2,7.4,45,E85 Bioethanol Cars,Rural (not London),0.000159315852216,5.93372760704e-06,3.46619685843e-06
2016,Scotland,2,7.4,45,E85 Bioethanol LGV,Rural (not London),0.000185388460523,7.88806210039e-06,4.57629494122e-06
2016,Scotland,2,7.4,45,FCEV Bus,Rural (not London),0.0,2.27617347264e-05,1.1982392607e-05
2016,Scotland,2,7.4,45,FCEV Cars,Rural (not London),0.0,5.50764480067e-06,3.06141782858e-06
2016,Scotland,2,7.4,45,FCEV LGV,Rural (not London),0.0,7.46197929402e-06,4.17151613874e-06
2016,Scotland,2,7.4,45,Full Hybrid Diesel Cars,Rural (not London),0.000156213005539,1.2605613847e-05,9.80448839982e-06
2016,Scotland,2,7.4,45,Full Hybrid Petrol Cars,Rural (not London),0.00026886962587,6.04024853601e-06,3.56739155905e-06
2016,Scotland,2,7.4,45,Full Hybrid Petrol LGV,Rural (not London),7.1188687798e-06,7.67369783716e-06,4.3726486183e-06
2016,Scotland,2,7.4,45,Hybrid Bus,Rural (not London),0.000561089836992,3.07153641188e-05,1.95383381651e-05
2016,Scotland,2,7.4,45,LGV,Rural (not London),0.000292864919174,2.06012191484e-05,1.6653793864e-05
2016,Scotland,2,7.4,45,LPG Cars,Rural (not London),3.1666666473e-05,6.04024853601e-06,3.56739155905e-06
2016,Scotland,2,7.4,45,LPG LGV,Rural (not London),5.36577499588e-05,7.99458302936e-06,4.67748986921e-06
2016,Scotland,2,7.4,45,Motorcycle,Rural (not London),4.06047911383e-05,3.24010852637e-06,2.11119868254e-06
2016,Scotland,2,7.4,45,Petrol Car,Rural (not London),0.000159315852216,6.04024853601e-06,3.56739155905e-06
2016,Scotland,2,7.4,45,Plug-In Hybrid Petrol Cars,Rural (not London),5.3773928812e-05,5.56090526516e-06,3.11201529257e-06
2016,Scotland,2,7.4,45,Plug-In Hybrid Petrol LGV,Rural (not London),0.000112229980004,7.48258253225e-06,4.19108891947e-06
2016,Scotland,2,7.4,45,Rigid HGV,Rural (not London),0.00190819567069,5.35626822966e-05,4.11867295043e-05
2016,Scotland,2,7.4,50,Artic HGV,Rural (not London),0.00291534676217,7.86668606452e-05,6.37282792013e-05
2016,Scotland,2,7.4,50,B100 Artic HGV,Rural (not London),0.00320688146167,5.59712061659e-05,4.21674048994e-05
2016,Scotland,2,7.4,50,B100 Bus,Rural (not London),0.00220969086513,4.12680637965e-05,2.95634035865e-05
2016,Scotland,2,7.4,50,B100 Coach,Rural (not London),0.00272508733906,3.36630509992e-05,2.23386432481e-05
2016,Scotland,2,7.4,50,B100 Rigid HGV,Rural (not London),0.00202362798154,3.91635112464e-05,2.7507519917e-05
2016,Scotland,2,7.4,50,Battery EV Cars,Rural (not London),0.0,5.50764480067e-06,3.06141782858e-06
2016,Scotland,2,7.4,50,Battery EV LGV,Rural (not London),0.0,7.46197929402e-06,4.17151613874e-06
2016,Scotland,2,7.4,50,Biogas Bus,Rural (not London),0.00069444446126,2.41506240855e-05,1.33018365887e-05
2016,Scotland,2,7.4,50,Biomethane Bus,Rural (not London),0.00069444446126,2.41506240855e-05,1.33018365887e-05
2016,Scotland,2,7.4,50,Bus and Coach,Rural (not London),0.00214000185952,5.84691370022e-05,4.59044240415e-05
2016,Scotland,2,7.4,50,CNG Bus,Rural (not London),0.00069444446126,2.41506240855e-05,1.33018365887e-05
2016,Scotland,2,7.4,50,Diesel Car,Rural (not London),0.000166432204423,1.45379481182e-05,1.16402061394e-05
2016,Scotland,2,7.4,50,E85 Bioethanol Cars,Rural (not London),0.000160318988492,5.93372760704e-06,3.46619685843e-06
2016,Scotland,2,7.4,50,E85 Bioethanol LGV,Rural (not London),0.000187365338206,7.88806210039e-06,4.57629494122e-06
2016,Scotland,2,7.4,50,FCEV Bus,Rural (not London),0.0,2.27617347264e-05,1.1982392607e-05
2016,Scotland,2,7.4,50,FCEV Cars,Rural (not London),0.0,5.50764480067e-06,3.06141782858e-06
2016,Scotland,2,7.4,50,FCEV LGV,Rural (not London),0.0,7.46197929402e-06,4.17151613874e-06
2016,Scotland,2,7.4,50,Full Hybrid Diesel Cars,Rural (not London),0.000149111278006,1.23394911498e-05,9.55167251959e-06
2016,Scotland,2,7.4,50,Full Hybrid Petrol Cars,Rural (not London),0.000278997904388,6.04024853601e-06,3.56739155905e-06
2016,Scotland,2,7.4,50,Full Hybrid Petrol LGV,Rural (not London),6.53417146168e-06,7.67369783716e-06,4.3726486183e-06
2016,Scotland,2,7.4,50,Hybrid Bus,Rural (not London),0.000494284555316,3.02700755128e-05,1.91153158084e-05
2016,Scotland,2,7.4,50,LGV,Rural (not London),0.000281106913462,1.99810310733e-05,1.60646159202e-05
2016,Scotland,2,7.4,50,LPG Cars,Rural (not London),3.1666666473e-05,6.04024853601e-06,3.56739155905e-06
2016,Scotland,2,7.4,50,LPG LGV,Rural (not London),5.14459970873e-05,7.99458302936e-06,4.67748986921e-06
2016,Scotland,2,7.4,50,Motorcycle,Rural (not London),4.34181420133e-05,3.24010852637e-06,2.11119868254e-06
2016,Scotland,2,7.4,50,Petrol Car,Rural (not London),0.000160318988492,6.04024853601e-06,3.56739155905e-06
2016,Scotland,2,7.4,50,Plug-In Hybrid Petrol Cars,Rural (not London),5.57995808776e-05,5.56090526516e-06,3.11201529257e-06
2016,Scotland,2,7.4,50,Plug-In Hybrid Petrol LGV,Rural (not London),0.000116511451779,7.48441289034e-06,4.19282787334e-06
2016,Scotland,2,7.4,50,Rigid HGV,Rural (not London),0.00183966185432,5.23862581758e-05,4.00691278628e-05
2016,Scotland,2,7.4,60,Artic HGV,Rural (not London),0.00267107225955,7.68946047174e-05,6.20446371613e-05
2016,Scotland,2,7.4,60,B100 Artic HGV,Rural (not London),0.00293817953207,5.49964679522e-05,4.12414046878e-05
2016,Scotland,2,7.4,60,B100 Bus,Rural (not London),0.00204755412415,4.05663486163e-05,2.88967730739e-05
2016,Scotland,2,7.4,60,B100 Coach,Rural (not London),0.00249573588371,3.23998865497e-05,2.11386341107e-05
2016,Scotland,2,7.4,60,B100 Rigid HGV,Rural (not London),0.00191855488811,3.88991720683e-05,2.72563956969e-05
2016,Scotland,2,7.4,60,Battery EV Cars,Rural (not London),0.0,5.50764480067e-06,3.06141782858e-06
2016,Scotland,2,7.4,60,Battery EV LGV,Rural (not London),0.0,7.46197929402e-06,4.17151613874e-06
2016,Scotland,2,7.4,60,Biogas Bus,Rural (not London),0.00069444446126,2.41506240855e-05,1.33018365887e-05
2016,Scotland,2,7.4,60,Biomethane Bus,Rural (not London),0.00069444446126,2.41506240855e-05,1.33018365887e-05
2016,Scotland,2,7.4,60,Bus and Coach,Rural (not London),0.00197549560107,5.65467198612e-05,4.40781259385e-05
2016,Scotland,2,7.4,60,CNG Bus,Rural (not London),0.00069444446126,2.41506240855e-05,1.33018365887e-05
2016,Scotland,2,7.4,60,Diesel Car,Rural (not London),0.000158118506079,1.39931262311e-05,1.11226254376e-05
2016,Scotland,2,7.4,60,E85 Bioethanol Cars,Rural (not London),0.00016670266632,5.75112062506e-06,3.29272006638e-06
2016,Scotland,2,7.4,60,E85 Bioethanol LGV,Rural (not London),0.000193389816559,7.70545557316e-06,4.40281837655e-06
2016,Scotland,2,7.4,60,FCEV Bus,Rural (not London),0.0,2.27617347264e-05,1.1982392607e-05
2016,Scotland,2,7.4,60,FCEV Cars,Rural (not London),0.0,5.50764480067e-06,3.06141782858e-06
2016,Scotland,2,7.4,60,FCEV LGV,Rural (not London),0.0,7.46197929402e-06,4.17151613874e-06
2016,Scotland,2,7.4,60,Full Hybrid Diesel Cars,Rural (not London),0.000138907809742,1.19405622172e-05,9.17268971534e-06
2016,Scotland,2,7.4,60,Full Hybrid Petrol Cars,Rural (not London),0.000421944918344,5.81198946747e-06,3.35054573952e-06
2016,Scotland,2,7.4,60,Full Hybrid Petrol LGV,Rural (not London),7.8387947724e-06,7.60025795898e-06,4.30288082498e-06
2016,Scotland,2,7.4,60,Hybrid Bus,Rural (not London),0.000500392750837,2.97346487059e-05,1.86066608876e-05
2016,Scotland,2,7.4,60,LGV,Rural (not London),0.000267257855739,2.00675513042e-05,1.61468087754e-05
2016,Scotland,2,7.4,60,LPG Cars,Rural (not London),2.91666674457e-05,5.81198946747e-06,3.35054573952e-06
2016,Scotland,2,7.4,60,LPG LGV,Rural (not London),4.11133951275e-05,7.76632441557e-06,4.46064404969e-06
2016,Scotland,2,7.4,60,Motorcycle,Rural (not London),5.18487795489e-05,3.24010852637e-06,2.11119868254e-06
2016,Scotland,2,7.4,60,Petrol Car,Rural (not London),0.00016670266632,5.81198946747e-06,3.35054573952e-06
2016,Scotland,2,7.4,60,Plug-In Hybrid Petrol Cars,Rural (not London),0.000301389227388,5.65981736145e-06,3.20598178405e-06
2016,Scotland,2,7.4,60,Plug-In Hybrid Petrol LGV,Rural (not London),0.000419149670051,7.5952248153e-06,4.29809961133e-06
2016,Scotland,2,7.4,60,Rigid HGV,Rural (not London),0.00174414087087,5.19056375197e-05,3.96125396946e-05
2016,Scotland,2,7.4,70,Artic HGV,Rural (not London),0.00248523661867,7.88238321547e-05,6.38773999526e-05
2016,Scotland,2,7.4,70,B100 Artic HGV,Rural (not London),0.00273376028053,5.60575390409e-05,4.22494231316e-05
2016,Scotland,2,7.4,70,B100 Bus,Rural (not London),0.00192766461987,4.03055419156e-05,2.86490103463e-05
2016,Scotland,2,7.4,70,B100 Coach,Rural (not London),0.00234232260846,3.14903554681e-05,2.02745795832e-05
2016,Scotland,2,7.4,70,B100 Rigid HGV,Rural (not London),0.00185578421224,3.9685783122e-05,2.80036765616e-05
2016,Scotland,2,7.4,70,Battery EV Cars,Rural (not London),0.0,5.50764480067e-06,3.06141782858e-06
2016,Scotland,2,7.4,70,Battery EV LGV,Rural (not London),0.0,7.46197929402e-06,4.17151613874e-06
2016,Scotland,2,7.4,70,Biogas Bus,Rural (not London),0.00069444446126,2.41506240855e-05,1.33018365887e-05
2016,Scotland,2,7.4,70,Biomethane Bus,Rural (not London),0.00069444446126,2.41506240855e-05,1.33018365887e-05
2016,Scotland,2,7.4,70,Bus and Coach,Rural (not London),0.00185797165614,5.55047263333e-05,4.30882319051e-05
2016,Scotland,2,7.4,70,CNG Bus,Rural (not London),0.00069444446126,2.41506240855e-05,1.33018365887e-05
2016,Scotland,2,7.4,70,Diesel Car,Rural (not London),0.000156273134053,1.39030380524e-05,1.10370419861e-05
2016,Scotland,2,7.4,70,E85 Bioethanol Cars,Rural (not London),0.000178049638635,5.75112062506e-06,3.29272006638e-06
2016,Scotland,2,7.4,70,E85 Bioethanol LGV,Rural (not London),0.000203018309548,7.70545557316e-06,4.40281837655e-06
2016,Scotland,2,7.4,70,FCEV Bus,Rural (not London),0.0,2.27617347264e-05,1.1982392607e-05
2016,Scotland,2,7.4,70,FCEV Cars,Rural (not London),0.0,5.50764480067e-06,3.06141782858e-06
2016,Scotland,2,7.4,70,FCEV LGV,Rural (not London),0.0,7.46197929402e-06,4.17151613874e-06
2016,Scotland,2,7.4,70,Full Hybrid Diesel Cars,Rural (not London),0.000133727662615,1.17193894766e-05,8.96257552085e-06
2016,Scotland,2,7.4,70,Full Hybrid Petrol Cars,Rural (not London),0.00045727766701,5.81198946747e-06,3.35054573952e-06
2016,Scotland,2,7.4,70,Full Hybrid Petrol LGV,Rural (not London),7.49118498788e-06,7.60025795898e-06,4.30288082498e-06
2016,Scotland,2,7.4,70,Hybrid Bus,Rural (not London),0.000441039883299,2.96947273455e-05,1.85687349585e-05
2016,Scotland,2,7.4,70,LGV,Rural (not London),0.000266235525487,2.19406956603e-05,1.7926297005e-05
2016,Scotland,2,7.4,70,LPG Cars,Rural (not London),2.91666674457e-05,5.81198946747e-06,3.35054573952e-06
2016,Scotland,2,7.4,70,LPG LGV,Rural (not London),4.08836895076e-05,7.76632441557e-06,4.46064404969e-06
2016,Scotland,2,7.4,70,Motorcycle,Rural (not London),6.41363294562e-05,3.24010852637e-06,2.11119868254e-06
2016,Scotland,2,7.4,70,Petrol Car,Rural (not London),0.000178049638635,5.81198946747e-06,3.35054573952e-06
2016,Scotland,2,7.4,70,Plug-In Hybrid Petrol Cars,Rural (not London),0.000326626905007,5.65981736145e-06,3.20598178405e-06
2016,Scotland,2,7.4,70,Plug-In Hybrid Petrol LGV,Rural (not London),0.000446366175311,7.620125416e-06,4.32175511378e-06
2016,Scotland,2,7.4,70,Rigid HGV,Rural (not London),0.00168707652483,5.33358397661e-05,4.09712301916e-05
2016,Scotland,2,7.4,80,Artic HGV,Rural (not London),0.00233852234669,8.34560632939e-05,6.8278015533e-05
2016,Scotland,2,7.4,80,B100 Artic HGV,Rural (not London),0.00257237465121,5.86052665312e-05,4.4669763156e-05
2016,Scotland,2,7.4,80,B100 Bus,Rural (not London),0.00183497334365,4.03540616389e-05,2.86951017188e-05
2016,Scotland,2,7.4,80,B100 Coach,Rural (not London),0.0022381071467,3.08589878841e-05,1.96747841983e-05
2016,Scotland,2,7.4,80,B100 Rigid HGV,Rural (not London),0.00182241748553,4.11369255744e-05,2.93822631647e-05
2016,Scotland,2,7.4,80,Battery EV Cars,Rural (not London),0.0,5.50764480067e-06,3.06141782858e-06
2016,Scotland,2,7.4,80,Battery EV LGV,Rural (not London),0.0,7.46197929402e-06,4.17151613874e-06
2016,Scotland,2,7.4,80,Biogas Bus,Rural (not London),0.00069444446126,2.41506240855e-05,1.33018365887e-05
2016,Scotland,2,7.4,80,Biomethane Bus,Rural (not London),0.00069444446126,2.41506240855e-05,1.33018365887e-05
2016,Scotland,2,7.4,80,Bus and Coach,Rural (not London),0.00177077343687,5.50645454496e-05,4.26700607932e-05
2016,Scotland,2,7.4,80,CNG Bus,Rural (not London),0.00069444446126,2.41506240855e-05,1.33018365887e-05
2016,Scotland,2,7.4,80,Diesel Car,Rural (not London),0.000160178591614,1.42676817632e-05,1.13834539661e-05
2016,Scotland,2,7.4,80,E85 Bioethanol Cars,Rural (not London),0.000191791346879,5.75112062506e-06,3.29272006638e-06
2016,Scotland,2,7.4,80,E85 Bioethanol LGV,Rural (not London),0.000215165986447,7.70545557316e-06,4.40281837655e-06
2016,Scotland,2,7.4,80,FCEV Bus,Rural (not London),0.0,2.27617347264e-05,1.1982392607e-05
2016,Scotland,2,7.4,80,FCEV Cars,Rural (not London),0.0,5.50764480067e-06,3.06141782858e-06
2016,Scotland,2,7.4,80,FCEV LGV,Rural (not London),0.0,7.46197929402e-06,4.17151613874e-06
2016,Scotland,2,7.4,80,Full Hybrid Diesel Cars,Rural (not London),0.000133586145239,1.16759720186e-05,8.92132902663e-06
2016,Scotland,2,7.4,80,Full Hybrid Petrol Cars,Rural (not London),0.000496595341247,5.81198946747e-06,3.35054573952e-06
2016,Scotland,2,7.4,80,Full Hybrid Petrol LGV,Rural (not London),7.6952692325e-06,7.60025795898e-06,4.30288082498e-06
2016,Scotland,2,7.4,80,Hybrid Bus,Rural (not London),0.000435059482697,3.03017859551e-05,1.9145440092e-05
2016,Scotland,2,7.4,80,LGV,Rural (not London),0.000277961575193,2.5592995371e-05,2.13959810935e-05
2016,Scotland,2,7.4,80,LPG Cars,Rural (not London),2.91666674457e-05,5.81198946747e-06,3.35054573952e-06
2016,Scotland,2,7.4,80,LPG LGV,Rural (not London),4.26143960794e-05,7.76632441557e-06,4.46064404969e-06
2016,Scotland,2,7.4,80,Motorcycle,Rural (not London),8.04086594144e-05,3.24010852637e-06,2.11119868254e-06
2016,Scotland,2,7.4,80,Petrol Car,Rural (not London),0.000191791346879,5.81198946747e-06,3.35054573952e-06
2016,Scotland,2,7.4,80,Plug-In Hybrid Petrol Cars,Rural (not London),0.000354710937245,5.65981736145e-06,3.20598178405e-06
2016,Scotland,2,7.4,80,Plug-In Hybrid Petrol LGV,Rural (not London),0.000474054599181,7.64980995882e-06,4.349955816e-06
2016,Scotland,2,7.4,80,Rigid HGV,Rural (not London),0.00165674311575,5.59742838959e-05,4.3477750296e-05
2016,Scotland,2,7.4,90,Artic HGV,Rural (not London),0.0022643036209,8.71174779604e-05,7.1756367106e-05
2016,Scotland,2,7.4,90,B100 Artic HGV,Rural (not London),0.002490733983,6.0619047872e-05,4.65828561573e-05
2016,Scotland,2,7.4,90,B100 Bus,Rural (not London),0.00178868067451,4.05005630455e-05,2.8834278055e-05
2016,Scotland,2,7.4,90,B100 Coach,Rural (not London),0.00216804072261,3.0297851481e-05,1.91417038877e-05
2016,Scotland,2,7.4,90,B100 Rigid HGV,Rural (not London),0.00181335909292,4.21658369305e-05,3.03597298625e-05
2016,Scotland,2,7.4,90,Battery EV Cars,Rural (not London),0.0,5.50764480067e-06,3.06141782858e-06
2016,Scotland,2,7.4,90,Battery EV LGV,Rural (not London),0.0,7.46197929402e-06,4.17151613874e-06
2016,Scotland,2,7.4,90,Biogas Bus,Rural (not London),0.00069444446126,2.41506240855e-05,1.33018365887e-05
2016,Scotland,2,7.4,90,Biomethane Bus,Rural (not London),0.00069444446126,2.41506240855e-05,1.33018365887e-05
2016,Scotland,2,7.4,90,Bus and Coach,Rural (not London),0.00172263768036,5.48888529011e-05,4.25031539635e-05
2016,Scotland,2,7.4,90,CNG Bus,Rural (not London),0.00069444446126,2.41506240855e-05,1.33018365887e-05
2016,Scotland,2,7.4,90,Diesel Car,Rural (not London),0.000170062863617,1.50870591824e-05,1.21618613775e-05
2016,Scotland,2,7.4,90,E85 Bioethanol Cars,Rural (not London),0.000206449985853,5.75906005906e-06,3.30026250595e-06
2016,Scotland,2,7.4,90,E85 Bioethanol LGV,Rural (not London),0.000229118930292,7.71339455241e-06,4.41036081611e-06
2016,Scotland,2,7.4,90,FCEV Bus,Rural (not London),0.0,2.27617347264e-05,1.1982392607e-05
2016,Scotland,2,7.4,90,FCEV Cars,Rural (not London),0.0,5.50764480067e-06,3.06141782858e-06
2016,Scotland,2,7.4,90,FCEV LGV,Rural (not London),0.0,7.46197929402e-06,4.17151613874e-06
2016,Scotland,2,7.4,90,Full Hybrid Diesel Cars,Rural (not London),0.000138910341775,1.18103107525e-05,9.04895023268e-06
2016,Scotland,2,7.4,90,Full Hybrid Petrol Cars,Rural (not London),0.000694154470693,5.82191387366e-06,3.35997378897e-06
2016,Scotland,2,7.4,90,Full Hybrid Petrol LGV,Rural (not London),1.05265380625e-05,7.65881122788e-06,4.35850643044e-06
2016,Scotland,2,7.4,90,Hybrid Bus,Rural (not London),0.000455785368104,3.10041432385e-05,1.9812679966e-05
2016,Scotland,2,7.4,90,LGV,Rural (not London),0.000302426313283,3.10247742163e-05,2.6556172088e-05
2016,Scotland,2,7.4,90,LPG Cars,Rural (not London),3.25000000885e-05,5.82191387366e-06,3.35997378897e-06
2016,Scotland,2,7.4,90,LPG LGV,Rural (not London),4.34172070527e-05,7.77624882176e-06,4.47007187176e-06
2016,Scotland,2,7.4,90,Motorcycle,Rural (not London),0.000100424462289,3.24010852637e-06,2.11119868254e-06
2016,Scotland,2,7.4,90,Petrol Car,Rural (not London),0.000206449985853,5.82191387366e-06,3.35997378897e-06
2016,Scotland,2,7.4,90,Plug-In Hybrid Petrol Cars,Rural (not London),0.000694154470693,5.79048719374e-06,3.33011826115e-06
2016,Scotland,2,7.4,90,Plug-In Hybrid Petrol LGV,Rural (not London),0.000850632844958,7.86560940469e-06,4.55496456198e-06
2016,Scotland,2,7.4,90,Rigid HGV,Rural (not London),0.00164850824513,5.7845030824e-05,4.52549647889e-05
2016,Scotland,2,7.4,100,Artic HGV,Rural (not London),0.0022643036209,8.71174779604e-05,7.1756367106e-05
2016,Scotland,2,7.4,100,B100 Artic HGV,Rural (not London),0.002490733983,6.0619047872e-05,4.65828561573e-05
2016,Scotland,2,7.4,100,B100 Bus,Rural (not London),0.00178868067451,4.05005630455e-05,2.8834278055e-05
2016,Scotland,2,7.4,100,B100 Coach,Rural (not London),0.00212302268483,2.9889646612e-05,1.87539080798e-05
2016,Scotland,2,7.4,100,B100 Rigid HGV,Rural (not London),0.00181335909292,4.21658369305e-05,3.03597298625e-05
2016,Scotland,2,7.4,100,Battery EV Cars,Rural (not London),0.0,5.50764480067e-06,3.06141782858e-06
2016,Scotland,2,7.4,100,Battery EV LGV,Rural (not London),0.0,7.46197929402e-06,4.17151613874e-06
2016,Scotland,2,7.4,100,Biogas Bus,Rural (not London),0.00069444446126,2.41506240855e-05,1.33018365887e-05
2016,Scotland,2,7.4,100,Biomethane Bus,Rural (not London),0.00069444446126,2.41506240855e-05,1.33018365887e-05
2016,Scotland,2,7.4,100,Bus and Coach,Rural (not London),0.00171117857099,5.46204173588e-05,4.22481389251e-05
2016,Scotland,2,7.4,100,CNG Bus,Rural (not London),0.00069444446126,2.41506240855e-05,1.33018365887e-05
2016,Scotland,2,7.4,100,Diesel Car,Rural (not London),0.00018713955069,1.63611675816e-05,1.33722651299e-05
2016,Scotland,2,7.4,100,E85 Bioethanol Cars,Rural (not London),0.000221732785576,5.75906005906e-06,3.30026250595e-06
2016,Scotland,2,7.4,100,E85 Bioethanol LGV,Rural (not London),0.000244830036536,7.71339455241e-06,4.41036081611e-06
2016,Scotland,2,7.4,100,FCEV Bus,Rural (not London),0.0,2.27617347264e-05,1.1982392607e-05
2016,Scotland,2,7.4,100,FCEV Cars,Rural (not London),0.0,5.50764480067e-06,3.06141782858e-06
2016,Scotland,2,7.4,100,FCEV LGV,Rural (not London),0.0,7.46197929402e-06,4.17151613874e-06
2016,Scotland,2,7.4,100,Full Hybrid Diesel Cars,Rural (not London),0.000150619103806,1.21224047689e-05,9.34544004849e-06
2016,Scotland,2,7.4,100,Full Hybrid Petrol Cars,Rural (not London),0.000754952663556,5.82191387366e-06,3.35997378897e-06
2016,Scotland,2,7.4,100,Full Hybrid Petrol LGV,Rural (not London),1.15293833005e-05,7.65881122788e-06,4.35850643044e-06
2016,Scotland,2,7.4,100,Hybrid Bus,Rural (not London),0.000455785368104,3.10041432385e-05,1.9812679966e-05
2016,Scotland,2,7.4,100,LGV,Rural (not London),0.000339700636687,3.82353828172e-05,3.34062497132e-05
2016,Scotland,2,7.4,100,LPG Cars,Rural (not London),3.25000000885e-05,5.82191387366e-06,3.35997378897e-06
2016,Scotland,2,7.4,100,LPG LGV,Rural (not London),4.87579163746e-05,7.77624882176e-06,4.47007187176e-06
2016,Scotland,2,7.4,100,Motorcycle,Rural (not London),0.000123181074741,3.24010852637e-06,2.11119868254e-06
2016,Scotland,2,7.4,100,Petrol Car,Rural (not London),0.000221732785576,5.82191387366e-06,3.35997378897e-06
2016,Scotland,2,7.4,100,Plug-In Hybrid Petrol Cars,Rural (not London),0.000754952663556,5.79048719374e-06,3.33011826115e-06
2016,Scotland,2,7.4,100,Plug-In Hybrid Petrol LGV,Rural (not London),0.000897733261809,7.94877450971e-06,4.63397145722e-06
2016,Scotland,2,7.4,100,Rigid HGV,Rural (not London),0.00164850824513,5.7845030824e-05,4.52549647889e-05
2016,Scotland,2,7.4,110,Artic HGV,Rural (not London),0.0022643036209,8.71174779604e-05,7.1756367106e-05
2016,Scotland,2,7.4,110,B100 Artic HGV,Rural (not London),0.002490733983,6.0619047872e-05,4.65828561573e-05
2016,Scotland,2,7.4,110,B100 Bus,Rural (not London),0.00178868067451,4.05005630455e-05,2.8834278055e-05
2016,Scotland,2,7.4,110,B100 Coach,Rural (not London),0.00210800603963,2.97962760669e-05,1.86652068805e-05
2016,Scotland,2,7.4,110,B100 Rigid HGV,Rural (not London),0.00181335909292,4.21658369305e-05,3.03597298625e-05
2016,Scotland,2,7.4,110,Battery EV Cars,Rural (not London),0.0,5.50764480067e-06,3.06141782858e-06
2016,Scotland,2,7.4,110,Battery EV LGV,Rural (not London),0.0,7.46197929402e-06,4.17151613874e-06
2016,Scotland,2,7.4,110,Biogas Bus,Rural (not London),0.00069444446126,2.41506240855e-05,1.33018365887e-05
2016,Scotland,2,7.4,110,Biomethane Bus,Rural (not London),0.00069444446126,2.41506240855e-05,1.33018365887e-05
2016,Scotland,2,7.4,110,Bus and Coach,Rural (not London),0.00170735619031,5.45154689462e-05,4.21484401159e-05
2016,Scotland,2,7.4,110,CNG Bus,Rural (not London),0.00069444446126,2.41506240855e-05,1.33018365887e-05
2016,Scotland,2,7.4,110,Diesel Car,Rural (not London),0.000214087034692,1.80900096893e-05,1.50146652231e-05
2016,Scotland,2,7.4,110,E85 Bioethanol Cars,Rural (not London),0.000237573185586,5.75906005906e-06,3.30026250595e-06
2016,Scotland,2,7.4,110,E85 Bioethanol LGV,Rural (not London),0.000262288580416,7.71339455241e-06,4.41036081611e-06
2016,Scotland,2,7.4,110,FCEV Bus,Rural (not London),0.0,2.27617347264e-05,1.1982392607e-05
2016,Scotland,2,7.4,110,FCEV Cars,Rural (not London),0.0,5.50764480067e-06,3.06141782858e-06
2016,Scotland,2,7.4,110,FCEV LGV,Rural (not London),0.0,7.46197929402e-06,4.17151613874e-06
2016,Scotland,2,7.4,110,Full Hybrid Diesel Cars,Rural (not London),0.000170342624187,1.26122540678e-05,9.81079665507e-06
2016,Scotland,2,7.4,110,Full Hybrid Petrol Cars,Rural (not London),0.000820874294732,5.82191387366e-06,3.35997378897e-06
2016,Scotland,2,7.4,110,Full Hybrid Petrol LGV,Rural (not London),1.29024547277e-05,7.65881122788e-06,4.35850643044e-06
2016,Scotland,2,7.4,110,Hybrid Bus,Rural (not London),0.000455785368104,3.10041432385e-05,1.9812679966e-05
2016,Scotland,2,7.4,110,LGV,Rural (not London),0.000389944179915,4.72251485917e-05,4.19465286541e-05
2016,Scotland,2,7.4,110,LPG Cars,Rural (not London),3.25000000885e-05,5.82191387366e-06,3.35997378897e-06
2016,Scotland,2,7.4,110,LPG LGV,Rural (not London),5.60411426704e-05,7.77624882176e-06,4.47007187176e-06
2016,Scotland,2,7.4,110,Motorcycle,Rural (not London),0.000142314311233,3.24010852637e-06,2.11119868254e-06
2016,Scotland,2,7.4,110,Petrol Car,Rural (not London),0.000237573185586,5.82191387366e-06,3.35997378897e-06
2016,Scotland,2,7.4,110,Plug-In Hybrid Petrol Cars,Rural (not London),0.000820874294732,5.79048719374e-06,3.33011826115e-06
2016,Scotland,2,7.4,110,Plug-In Hybrid Petrol LGV,Rural (not London),0.000945440493524,8.05766558187e-06,4.73741783935e-06
2016,Scotland,2,7.4,110,Rigid HGV,Rural (not London),0.00164850824513,5.7845030824e-05,4.52549647889e-05
2016,Scotland,2,7.4,120,Artic HGV,Rural (not London),0.0022643036209,8.71174779604e-05,7.1756367106e-05
2016,Scotland,2,7.4,120,B100 Artic HGV,Rural (not London),0.002490733983,6.0619047872e-05,4.65828561573e-05
2016,Scotland,2,7.4,120,B100 Bus,Rural (not London),0.00178868067451,4.05005630455e-05,2.8834278055e-05
2016,Scotland,2,7.4,120,B100 Coach,Rural (not London),0.00210800603963,2.97962760669e-05,1.86652068805e-05
2016,Scotland,2,7.4,120,B100 Rigid HGV,Rural (not London),0.00181335909292,4.21658369305e-05,3.03597298625e-05
2016,Scotland,2,7.4,120,Battery EV Cars,Rural (not London),0.0,5.50764480067e-06,3.06141782858e-06
2016,Scotland,2,7.4,120,Battery EV LGV,Rural (not London),0.0,7.46197929402e-06,4.17151613874e-06
2016,Scotland,2,7.4,120,Biogas Bus,Rural (not London),0.00069444446126,2.41506240855e-05,1.33018365887e-05
2016,Scotland,2,7.4,120,Biomethane Bus,Rural (not London),0.00069444446126,2.41506240855e-05,1.33018365887e-05
2016,Scotland,2,7.4,120,Bus and Coach,Rural (not London),0.00170735619031,5.45154689462e-05,4.21484401159e-05
2016,Scotland,2,7.4,120,CNG Bus,Rural (not London),0.00069444446126,2.41506240855e-05,1.33018365887e-05
2016,Scotland,2,7.4,120,Diesel Car,Rural (not London),0.000256386207184,2.0273584596e-05,1.70890616573e-05
2016,Scotland,2,7.4,120,E85 Bioethanol Cars,Rural (not London),0.000253993348451,5.75906005906e-06,3.30026250595e-06
2016,Scotland,2,7.4,120,E85 Bioethanol LGV,Rural (not London),0.000274516962236,7.71339455241e-06,4.41036081611e-06
2016,Scotland,2,7.4,120,FCEV Bus,Rural (not London),0.0,2.27617347264e-05,1.1982392607e-05
2016,Scotland,2,7.4,120,FCEV Cars,Rural (not London),0.0,5.50764480067e-06,3.06141782858e-06
2016,Scotland,2,7.4,120,FCEV LGV,Rural (not London),0.0,7.46197929402e-06,4.17151613874e-06
2016,Scotland,2,7.4,120,Full Hybrid Diesel Cars,Rural (not London),0.000200883136131,1.32798595587e-05,1.04450218714e-05
2016,Scotland,2,7.4,120,Full Hybrid Petrol Cars,Rural (not London),0.000891919422429,5.82191387366e-06,3.35997378897e-06
2016,Scotland,2,7.4,120,Full Hybrid Petrol LGV,Rural (not London),1.46457514347e-05,7.65881122788e-06,4.35850643044e-06
2016,Scotland,2,7.4,120,Hybrid Bus,Rural (not London),0.000455785368104,3.10041432385e-05,1.9812679966e-05
2016,Scotland,2,7.4,120,LGV,Rural (not London),0.000392870948417,4.73555810458e-05,4.20704382122e-05
2016,Scotland,2,7.4,120,LPG Cars,Rural (not London),3.25000000885e-05,5.82191387366e-06,3.35997378897e-06
2016,Scotland,2,7.4,120,LPG LGV,Rural (not London),5.71153977944e-05,7.77624882176e-06,4.47007187176e-06
2016,Scotland,2,7.4,120,Motorcycle,Rural (not London),0.000164825134561,3.24010852637e-06,2.11119868254e-06
2016,Scotland,2,7.4,120,Petrol Car,Rural (not London),0.000253993348451,5.82191387366e-06,3.35997378897e-06
2016,Scotland,2,7.4,120,Plug-In Hybrid Petrol Cars,Rural (not London),0.000891919422429,5.79048719374e-06,3.33011826115e-06
2016,Scotland,2,7.4,120,Plug-In Hybrid Petrol LGV,Rural (not London),0.000957748328801,8.20387776912e-06,4.87631950818e-06
2016,Scotland,2,7.4,120,Rigid HGV,Rural (not London),0.00164850824513,5.7845030824e-05,4.52549647889e-05
2016,Scotland,2,7.4,130,Artic HGV,Rural (not London),0.0022643036209,8.71174779604e-05,7.1756367106e-05
2016,Scotland,2,7.4,130,B100 Artic HGV,Rural (not London),0.002490733983,6.0619047872e-05,4.65828561573e-05
2016,Scotland,2,7.4,130,B100 Bus,Rural (not London),0.00178868067451,4.05005630455e-05,2.8834278055e-05
2016,Scotland,2,7.4,130,B100 Coach,Rural (not London),0.00210800603963,2.97962760669e-05,1.86652068805e-05
2016,Scotland,2,7.4,130,B100 Rigid HGV,Rural (not London),0.00181335909292,4.21658369305e-05,3.03597298625e-05
2016,Scotland,2,7.4,130,Battery EV Cars,Rural (not London),0.0,5.50764480067e-06,3.06141782858e-06
2016,Scotland,2,7.4,130,Battery EV LGV,Rural (not London),0.0,7.46197929402e-06,4.17151613874e-06
2016,Scotland,2,7.4,130,Biogas Bus,Rural (not London),0.00069444446126,2.41506240855e-05,1.33018365887e-05
2016,Scotland,2,7.4,130,Biomethane Bus,Rural (not London),0.00069444446126,2.41506240855e-05,1.33018365887e-05
2016,Scotland,2,7.4,130,Bus and Coach,Rural (not London),0.00170735619031,5.45154689462e-05,4.21484401159e-05
2016,Scotland,2,7.4,130,CNG Bus,Rural (not London),0.00069444446126,2.41506240855e-05,1.33018365887e-05
2016,Scotland,2,7.4,130,Diesel Car,Rural (not London),0.000256386207184,2.29118923016e-05,1.95954526134e-05
2016,Scotland,2,7.4,130,E85 Bioethanol Cars,Rural (not London),0.000271043885732,5.75906005906e-06,3.30026250595e-06
2016,Scotland,2,7.4,130,E85 Bioethanol LGV,Rural (not London),0.000277386541711,7.71339455241e-06,4.41036081611e-06
2016,Scotland,2,7.4,130,FCEV Bus,Rural (not London),0.0,2.27617347264e-05,1.1982392607e-05
2016,Scotland,2,7.4,130,FCEV Cars,Rural (not London),0.0,5.50764480067e-06,3.06141782858e-06
2016,Scotland,2,7.4,130,FCEV LGV,Rural (not London),0.0,7.46197929402e-06,4.17151613874e-06
2016,Scotland,2,7.4,130,Full Hybrid Diesel Cars,Rural (not London),0.000247190648224,1.41252212416e-05,1.12481156975e-05
2016,Scotland,2,7.4,130,Full Hybrid Petrol Cars,Rural (not London),0.00096808798844,5.82191387366e-06,3.35997378897e-06
2016,Scotland,2,7.4,130,Full Hybrid Petrol LGV,Rural (not London),1.47275250129e-05,7.65881122788e-06,4.35850643044e-06
2016,Scotland,2,7.4,130,Hybrid Bus,Rural (not London),0.000455785368104,3.10041432385e-05,1.9812679966e-05
2016,Scotland,2,7.4,130,LGV,Rural (not London),0.000392964837374,4.75131746498e-05,4.22201519541e-05
2016,Scotland,2,7.4,130,LPG Cars,Rural (not London),3.25000000885e-05,5.82191387366e-06,3.35997378897e-06
2016,Scotland,2,7.4,130,LPG LGV,Rural (not London),5.71153977944e-05,7.77624882176e-06,4.47007187176e-06
2016,Scotland,2,7.4,130,Motorcycle,Rural (not London),0.000191118233488,3.24010852637e-06,2.11119868254e-06
2016,Scotland,2,7.4,130,Petrol Car,Rural (not London),0.000271043885732,5.82191387366e-06,3.35997378897e-06
2016,Scotland,2,7.4,130,Plug-In Hybrid Petrol Cars,Rural (not London),0.00096808798844,5.79048719374e-06,3.33011826115e-06
2016,Scotland,2,7.4,130,Plug-In Hybrid Petrol LGV,Rural (not London),0.000970662920736,8.40423581394e-06,5.06665946887e-06
2016,Scotland,2,7.4,130,Rigid HGV,Rural (not London),0.00164850824513,5.7845030824e-05,4.52549647889e-05
2016,Scotland,2,7.4,140,Artic HGV,Rural (not London),0.0022643036209,8.71174779604e-05,7.1756367106e-05
2016,Scotland,2,7.4,140,B100 Artic HGV,Rural (not London),0.002490733983,6.0619047872e-05,4.65828561573e-05
2016,Scotland,2,7.4,140,B100 Bus,Rural (not London),0.00178868067451,4.05005630455e-05,2.8834278055e-05
2016,Scotland,2,7.4,140,B100 Coach,Rural (not London),0.00210800603963,2.97962760669e-05,1.86652068805e-05
2016,Scotland,2,7.4,140,B100 Rigid HGV,Rural (not London),0.00181335909292,4.21658369305e-05,3.03597298625e-05
2016,Scotland,2,7.4,140,Battery EV Cars,Rural (not London),0.0,5.50764480067e-06,3.06141782858e-06
2016,Scotland,2,7.4,140,Battery EV LGV,Rural (not London),0.0,7.46197929402e-06,4.17151613874e-06
2016,Scotland,2,7.4,140,Biogas Bus,Rural (not London),0.00069444446126,2.41506240855e-05,1.33018365887e-05
2016,Scotland,2,7.4,140,Biomethane Bus,Rural (not London),0.00069444446126,2.41506240855e-05,1.33018365887e-05
2016,Scotland,2,7.4,140,Bus and Coach,Rural (not London),0.00170735619031,5.45154689462e-05,4.21484401159e-05
2016,Scotland,2,7.4,140,CNG Bus,Rural (not London),0.00069444446126,2.41506240855e-05,1.33018365887e-05
2016,Scotland,2,7.4,140,Diesel Car,Rural (not London),0.000256386207184,2.29118923016e-05,1.95954526134e-05
2016,Scotland,2,7.4,140,E85 Bioethanol Cars,Rural (not London),0.000271043885732,5.75906005906e-06,3.30026250595e-06
2016,Scotland,2,7.4,140,E85 Bioethanol LGV,Rural (not London),0.000277386541711,7.71339455241e-06,4.41036081611e-06
2016,Scotland,2,7.4,140,FCEV Bus,Rural (not London),0.0,2.27617347264e-05,1.1982392607e-05
2016,Scotland,2,7.4,140,FCEV Cars,Rural (not London),0.0,5.50764480067e-06,3.06141782858e-06
2016,Scotland,2,7.4,140,FCEV LGV,Rural (not London),0.0,7.46197929402e-06,4.17151613874e-06
2016,Scotland,2,7.4,140,Full Hybrid Diesel Cars,Rural (not London),0.000247190648224,1.41252212416e-05,1.12481156975e-05
2016,Scotland,2,7.4,140,Full Hybrid Petrol Cars,Rural (not London),0.00096808798844,5.82191387366e-06,3.35997378897e-06
2016,Scotland,2,7.4,140,Full Hybrid Petrol LGV,Rural (not London),1.47275250129e-05,7.65881122788e-06,4.35850643044e-06
2016,Scotland,2,7.4,140,Hybrid Bus,Rural (not London),0.000455785368104,3.10041432385e-05,1.9812679966e-05
2016,Scotland,2,7.4,140,LGV,Rural (not London),0.000392964837374,4.75131746498e-05,4.22201519541e-05
2016,Scotland,2,7.4,140,LPG Cars,Rural (not London),3.25000000885e-05,5.82191387366e-06,3.35997378897e-06
2016,Scotland,2,7.4,140,LPG LGV,Rural (not London),5.71153977944e-05,7.77624882176e-06,4.47007187176e-06
2016,Scotland,2,7.4,140,Motorcycle,Rural (not London),0.000221706941375,3.24010852637e-06,2.11119868254e-06
2016,Scotland,2,7.4,140,Petrol Car,Rural (not London),0.000271043885732,5.82191387366e-06,3.35997378897e-06
2016,Scotland,2,7.4,140,Plug-In Hybrid Petrol Cars,Rural (not London),0.00096808798844,5.79048719374e-06,3.33011826115e-06
2016,Scotland,2,7.4,140,Plug-In Hybrid Petrol LGV,Rural (not London),0.000970662920736,8.61939042807e-06,5.27105703441e-06
2016,Scotland,2,7.4,140,Rigid HGV,Rural (not London),0.00164850824513,5.7845030824e-05,4.52549647889e-05
2016,Scotland,2,7.4,5,Artic HGV,Urban (not London),0.00607152841985,0.000145794678247,0.000123250327306
2016,Scotland,2,7.4,5,B100 Artic HGV,Urban (not London),0.00667868088931,9.69553802861e-05,7.68529935158e-05
2016,Scotland,2,7.4,5,B100 Bus,Urban (not London),0.00504691433161,7.38553280826e-05,5.61631859455e-05
2016,Scotland,2,7.4,5,B100 Coach,Urban (not London),0.0072001600638,6.52221642667e-05,4.7961682867e-05
2016,Scotland,2,7.4,5,B100 Rigid HGV,Urban (not London),0.00409103464335,6.43169114483e-05,4.74738590128e-05
2016,Scotland,2,7.4,5,Battery EV Cars,Urban (not London),0.0,7.75497937866e-06,4.12188956034e-06
2016,Scotland,2,7.4,5,Battery EV LGV,Urban (not London),0.0,1.09782886284e-05,5.83317932978e-06
2016,Scotland,2,7.4,5,Biogas Bus,Urban (not London),0.00069444446126,3.27659035975e-05,1.71282354131e-05
2016,Scotland,2,7.4,5,Biomethane Bus,Urban (not London),0.00069444446126,3.27659035975e-05,1.71282354131e-05
2016,Scotland,2,7.4,5,Bus and Coach,Urban (not London),0.00513620255515,0.000116041075671,9.62396443356e-05
2016,Scotland,2,7.4,5,CNG Bus,Urban (not London),0.00069444446126,3.27659035975e-05,1.71282354131e-05
2016,Scotland,2,7.4,5,Diesel Car,Urban (not London),0.000376376206987,2.35118932324e-05,1.90909577213e-05
2016,Scotland,2,7.4,5,E85 Bioethanol Cars,Urban (not London),0.000208838071558,8.18106218503e-06,4.52666836281e-06
2016,Scotland,2,7.4,5,E85 Bioethanol LGV,Urban (not London),0.000193383457372,1.14043714348e-05,6.23795813226e-06
2016,Scotland,2,7.4,5,FCEV Bus,Urban (not London),0.0,3.13770142384e-05,1.58087914315e-05
2016,Scotland,2,7.4,5,FCEV Cars,Urban (not London),0.0,7.75497937866e-06,4.12188956034e-06
2016,Scotland,2,7.4,5,FCEV LGV,Urban (not London),0.0,1.09782886284e-05,5.83317932978e-06
2016,Scotland,2,7.4,5,Full Hybrid Diesel Cars,Urban (not London),0.00027608484379,1.79600974661e-05,1.3816752471e-05
2016,Scotland,2,7.4,5,Full Hybrid Petrol Cars,Urban (not London),0.000217896289541,8.287583114e-06,4.62786329081e-06
2016,Scotland,2,7.4,5,Full Hybrid Petrol LGV,Urban (not London),1.35751561174e-05,1.11900071715e-05,6.03431180934e-06
2016,Scotland,2,7.4,5,Hybrid Bus,Urban (not London),0.00397092988715,5.11762082169e-05,3.4618027712e-05
2016,Scotland,2,7.4,5,LGV,Urban (not London),0.000471269624541,4.09131789638e-05,3.42713246937e-05
2016,Scotland,2,7.4,5,LPG Cars,Urban (not London),3.1666666473e-05,8.287583114e-06,4.62786329081e-06
2016,Scotland,2,7.4,5,LPG LGV,Urban (not London),8.90551746124e-05,1.15108923637e-05,6.33915260551e-06
2016,Scotland,2,7.4,5,Motorcycle,Urban (not London),5.32883968845e-05,4.70722125101e-06,2.97714359476e-06
2016,Scotland,2,7.4,5,Petrol Car,Urban (not London),0.000208838071558,8.287583114e-06,4.62786329081e-06
2016,Scotland,2,7.4,5,Plug-In Hybrid Petrol Cars,Urban (not London),4.35792571807e-05,7.8082393884e-06,4.17248702433e-06
2016,Scotland,2,7.4,5,Plug-In Hybrid Petrol LGV,Urban (not London),8.46194088808e-05,1.09994698505e-05,5.85330190006e-06
2016,Scotland,2,7.4,5,Rigid HGV,Urban (not London),0.00371912261471,9.17780707823e-05,7.35619541956e-05
2016,Scotland,2,7.4,6,Artic HGV,Urban (not London),0.00607152841985,0.000145794678247,0.000123250327306
2016,Scotland,2,7.4,6,B100 Artic HGV,Urban (not London),0.00667868088931,9.69553802861e-05,7.68529935158e-05
2016,Scotland,2,7.4,6,B100 Bus,Urban (not London),0.00504691433161,7.38553280826e-05,5.61631859455e-05
2016,Scotland,2,7.4,6,B100 Coach,Urban (not London),0.0072001600638,6.52221642667e-05,4.7961682867e-05
2016,Scotland,2,7.4,6,B100 Rigid HGV,Urban (not London),0.00409103464335,6.43169114483e-05,4.74738590128e-05
2016,Scotland,2,7.4,6,Battery EV Cars,Urban (not London),0.0,7.75497937866e-06,4.12188956034e-06
2016,Scotland,2,7.4,6,Battery EV LGV,Urban (not London),0.0,1.09782886284e-05,5.83317932978e-06
2016,Scotland,2,7.4,6,Biogas Bus,Urban (not London),0.00069444446126,3.27659035975e-05,1.71282354131e-05
2016,Scotland,2,7.4,6,Biomethane Bus,Urban (not London),0.00069444446126,3.27659035975e-05,1.71282354131e-05
2016,Scotland,2,7.4,6,Bus and Coach,Urban (not London),0.00513620255515,0.000116041075671,9.62396443356e-05
2016,Scotland,2,7.4,6,CNG Bus,Urban (not London),0.00069444446126,3.27659035975e-05,1.71282354131e-05
2016,Scotland,2,7.4,6,Diesel Car,Urban (not London),0.000376376206987,2.35118932324e-05,1.90909577213e-05
2016,Scotland,2,7.4,6,E85 Bioethanol Cars,Urban (not London),0.000207498262171,8.18106218503e-06,4.52666836281e-06
2016,Scotland,2,7.4,6,E85 Bioethanol LGV,Urban (not London),0.00019316918042,1.14043714348e-05,6.23795813226e-06
2016,Scotland,2,7.4,6,FCEV Bus,Urban (not London),0.0,3.13770142384e-05,1.58087914315e-05
2016,Scotland,2,7.4,6,FCEV Cars,Urban (not London),0.0,7.75497937866e-06,4.12188956034e-06
2016,Scotland,2,7.4,6,FCEV LGV,Urban (not London),0.0,1.09782886284e-05,5.83317932978e-06
2016,Scotland,2,7.4,6,Full Hybrid Diesel Cars,Urban (not London),0.00027608484379,1.79600974661e-05,1.3816752471e-05
2016,Scotland,2,7.4,6,Full Hybrid Petrol Cars,Urban (not London),0.000217896289541,8.287583114e-06,4.62786329081e-06
2016,Scotland,2,7.4,6,Full Hybrid Petrol LGV,Urban (not London),1.35213149406e-05,1.11900071715e-05,6.03431180934e-06
2016,Scotland,2,7.4,6,Hybrid Bus,Urban (not London),0.00343760405667,5.11762082169e-05,3.4618027712e-05
2016,Scotland,2,7.4,6,LGV,Urban (not London),0.000471262610517,4.09131789638e-05,3.42713246937e-05
2016,Scotland,2,7.4,6,LPG Cars,Urban (not London),3.1666666473e-05,8.287583114e-06,4.62786329081e-06
2016,Scotland,2,7.4,6,LPG LGV,Urban (not London),8.90551746124e-05,1.15108923637e-05,6.33915260551e-06
2016,Scotland,2,7.4,6,Motorcycle,Urban (not London),5.32883968845e-05,4.70722125101e-06,2.97714359476e-06
2016,Scotland,2,7.4,6,Petrol Car,Urban (not London),0.000207498262171,8.287583114e-06,4.62786329081e-06
2016,Scotland,2,7.4,6,Plug-In Hybrid Petrol Cars,Urban (not London),4.35792571807e-05,7.8082393884e-06,4.17248702433e-06
2016,Scotland,2,7.4,6,Plug-In Hybrid Petrol LGV,Urban (not London),8.46194088808e-05,1.09988350232e-05,5.85269845033e-06
2016,Scotland,2,7.4,6,Rigid HGV,Urban (not London),0.00371912261471,9.17780707823e-05,7.35619541956e-05
2016,Scotland,2,7.4,7,Artic HGV,Urban (not London),0.00607152841985,0.000145794678247,0.000123250327306
2016,Scotland,2,7.4,7,B100 Artic HGV,Urban (not London),0.00667868088931,9.69553802861e-05,7.68529935158e-05
2016,Scotland,2,7.4,7,B100 Bus,Urban (not London),0.00504691433161,7.38553280826e-05,5.61631859455e-05
2016,Scotland,2,7.4,7,B100 Coach,Urban (not London),0.0072001600638,6.52221642667e-05,4.7961682867e-05
2016,Scotland,2,7.4,7,B100 Rigid HGV,Urban (not London),0.00409103464335,6.43169114483e-05,4.74738590128e-05
2016,Scotland,2,7.4,7,Battery EV Cars,Urban (not London),0.0,7.75497937866e-06,4.12188956034e-06
2016,Scotland,2,7.4,7,Battery EV LGV,Urban (not London),0.0,1.09782886284e-05,5.83317932978e-06
2016,Scotland,2,7.4,7,Biogas Bus,Urban (not London),0.00069444446126,3.27659035975e-05,1.71282354131e-05
2016,Scotland,2,7.4,7,Biomethane Bus,Urban (not London),0.00069444446126,3.27659035975e-05,1.71282354131e-05
2016,Scotland,2,7.4,7,Bus and Coach,Urban (not London),0.00513620255515,0.000116041075671,9.62396443356e-05
2016,Scotland,2,7.4,7,CNG Bus,Urban (not London),0.00069444446126,3.27659035975e-05,1.71282354131e-05
2016,Scotland,2,7.4,7,Diesel Car,Urban (not London),0.000376376206987,2.35118932324e-05,1.90909577213e-05
2016,Scotland,2,7.4,7,E85 Bioethanol Cars,Urban (not London),0.000206096097827,8.18106218503e-06,4.52666836281e-06
2016,Scotland,2,7.4,7,E85 Bioethanol LGV,Urban (not London),0.000192944920855,1.14043714348e-05,6.23795813226e-06
2016,Scotland,2,7.4,7,FCEV Bus,Urban (not London),0.0,3.13770142384e-05,1.58087914315e-05
2016,Scotland,2,7.4,7,FCEV Cars,Urban (not London),0.0,7.75497937866e-06,4.12188956034e-06
2016,Scotland,2,7.4,7,FCEV LGV,Urban (not London),0.0,1.09782886284e-05,5.83317932978e-06
2016,Scotland,2,7.4,7,Full Hybrid Diesel Cars,Urban (not London),0.00027608484379,1.79600974661e-05,1.3816752471e-05
2016,Scotland,2,7.4,7,Full Hybrid Petrol Cars,Urban (not London),0.000217896289541,8.287583114e-06,4.62786329081e-06
2016,Scotland,2,7.4,7,Full Hybrid Petrol LGV,Urban (not London),1.34679821713e-05,1.11900071715e-05,6.03431180934e-06
2016,Scotland,2,7.4,7,Hybrid Bus,Urban (not London),0.00304097239859,5.11762082169e-05,3.4618027712e-05
2016,Scotland,2,7.4,7,LGV,Urban (not London),0.000471255276352,4.09131789638e-05,3.42713246937e-05
2016,Scotland,2,7.4,7,LPG Cars,Urban (not London),3.1666666473e-05,8.287583114e-06,4.62786329081e-06
2016,Scotland,2,7.4,7,LPG LGV,Urban (not London),8.90551746124e-05,1.15108923637e-05,6.33915260551e-06
2016,Scotland,2,7.4,7,Motorcycle,Urban (not London),5.32883968845e-05,4.70722125101e-06,2.97714359476e-06
2016,Scotland,2,7.4,7,Petrol Car,Urban (not London),0.000206096097827,8.287583114e-06,4.62786329081e-06
2016,Scotland,2,7.4,7,Plug-In Hybrid Petrol Cars,Urban (not London),4.35792571807e-05,7.8082393884e-06,4.17248702433e-06
2016,Scotland,2,7.4,7,Plug-In Hybrid Petrol LGV,Urban (not London),8.46194088808e-05,1.09981274363e-05,5.85202587899e-06
2016,Scotland,2,7.4,7,Rigid HGV,Urban (not London),0.00371912261471,9.17780707823e-05,7.35619541956e-05
2016,Scotland,2,7.4,8,Artic HGV,Urban (not London),0.00607152841985,0.000145794678247,0.000123250327306
2016,Scotland,2,7.4,8,B100 Artic HGV,Urban (not London),0.00667868088931,9.69553802861e-05,7.68529935158e-05
2016,Scotland,2,7.4,8,B100 Bus,Urban (not London),0.00504691433161,7.38553280826e-05,5.61631859455e-05
2016,Scotland,2,7.4,8,B100 Coach,Urban (not London),0.0072001600638,6.52221642667e-05,4.7961682867e-05
2016,Scotland,2,7.4,8,B100 Rigid HGV,Urban (not London),0.00409103464335,6.43169114483e-05,4.74738590128e-05
2016,Scotland,2,7.4,8,Battery EV Cars,Urban (not London),0.0,7.75497937866e-06,4.12188956034e-06
2016,Scotland,2,7.4,8,Battery EV LGV,Urban (not London),0.0,1.09782886284e-05,5.83317932978e-06
2016,Scotland,2,7.4,8,Biogas Bus,Urban (not London),0.00069444446126,3.27659035975e-05,1.71282354131e-05
2016,Scotland,2,7.4,8,Biomethane Bus,Urban (not London),0.00069444446126,3.27659035975e-05,1.71282354131e-05
2016,Scotland,2,7.4,8,Bus and Coach,Urban (not London),0.00513620255515,0.000116041075671,9.62396443356e-05
2016,Scotland,2,7.4,8,CNG Bus,Urban (not London),0.00069444446126,3.27659035975e-05,1.71282354131e-05
2016,Scotland,2,7.4,8,Diesel Car,Urban (not London),0.000376376206987,2.35118932324e-05,1.90909577213e-05
2016,Scotland,2,7.4,8,E85 Bioethanol Cars,Urban (not London),0.000204632087843,8.18106218503e-06,4.52666836281e-06
2016,Scotland,2,7.4,8,E85 Bioethanol LGV,Urban (not London),0.000192710765987,1.14043714348e-05,6.23795813226e-06
2016,Scotland,2,7.4,8,FCEV Bus,Urban (not London),0.0,3.13770142384e-05,1.58087914315e-05
2016,Scotland,2,7.4,8,FCEV Cars,Urban (not London),0.0,7.75497937866e-06,4.12188956034e-06
2016,Scotland,2,7.4,8,FCEV LGV,Urban (not London),0.0,1.09782886284e-05,5.83317932978e-06
2016,Scotland,2,7.4,8,Full Hybrid Diesel Cars,Urban (not London),0.00027608484379,1.79600974661e-05,1.3816752471e-05
2016,Scotland,2,7.4,8,Full Hybrid Petrol Cars,Urban (not London),0.000217896289541,8.287583114e-06,4.62786329081e-06
2016,Scotland,2,7.4,8,Full Hybrid Petrol LGV,Urban (not London),1.3415158719e-05,1.11900071715e-05,6.03431180934e-06
2016,Scotland,2,7.4,8,Hybrid Bus,Urban (not London),0.00274155149236,5.11762082169e-05,3.4618027712e-05
2016,Scotland,2,7.4,8,LGV,Urban (not London),0.000471247622045,4.09131789638e-05,3.42713246937e-05
2016,Scotland,2,7.4,8,LPG Cars,Urban (not London),3.1666666473e-05,8.287583114e-06,4.62786329081e-06
2016,Scotland,2,7.4,8,LPG LGV,Urban (not London),8.90551746124e-05,1.15108923637e-05,6.33915260551e-06
2016,Scotland,2,7.4,8,Motorcycle,Urban (not London),5.32883968845e-05,4.70722125101e-06,2.97714359476e-06
2016,Scotland,2,7.4,8,Petrol Car,Urban (not London),0.000204632087843,8.287583114e-06,4.62786329081e-06
2016,Scotland,2,7.4,8,Plug-In Hybrid Petrol Cars,Urban (not London),4.35792571807e-05,7.8082393884e-06,4.17248702433e-06
2016,Scotland,2,7.4,8,Plug-In Hybrid Petrol LGV,Urban (not London),8.46194088808e-05,1.09974835141e-05,5.85141424381e-06
2016,Scotland,2,7.4,8,Rigid HGV,Urban (not London),0.00371912261471,9.17780707823e-05,7.35619541956e-05
2016,Scotland,2,7.4,9,Artic HGV,Urban (not London),0.00607152841985,0.000145794678247,0.000123250327306
2016,Scotland,2,7.4,9,B100 Artic HGV,Urban (not London),0.00667868088931,9.69553802861e-05,7.68529935158e-05
2016,Scotland,2,7.4,9,B100 Bus,Urban (not London),0.00504691433161,7.38553280826e-05,5.61631859455e-05
2016,Scotland,2,7.4,9,B100 Coach,Urban (not London),0.0072001600638,6.52221642667e-05,4.7961682867e-05
2016,Scotland,2,7.4,9,B100 Rigid HGV,Urban (not London),0.00409103464335,6.43169114483e-05,4.74738590128e-05
2016,Scotland,2,7.4,9,Battery EV Cars,Urban (not London),0.0,7.75497937866e-06,4.12188956034e-06
2016,Scotland,2,7.4,9,Battery EV LGV,Urban (not London),0.0,1.09782886284e-05,5.83317932978e-06
2016,Scotland,2,7.4,9,Biogas Bus,Urban (not London),0.00069444446126,3.27659035975e-05,1.71282354131e-05
2016,Scotland,2,7.4,9,Biomethane Bus,Urban (not London),0.00069444446126,3.27659035975e-05,1.71282354131e-05
2016,Scotland,2,7.4,9,Bus and Coach,Urban (not London),0.00513620255515,0.000116041075671,9.62396443356e-05
2016,Scotland,2,7.4,9,CNG Bus,Urban (not London),0.00069444446126,3.27659035975e-05,1.71282354131e-05
2016,Scotland,2,7.4,9,Diesel Car,Urban (not London),0.000376376206987,2.35118932324e-05,1.90909577213e-05
2016,Scotland,2,7.4,9,E85 Bioethanol Cars,Urban (not London),0.000203107148991,8.18106218503e-06,4.52666836281e-06
2016,Scotland,2,7.4,9,E85 Bioethanol LGV,Urban (not London),0.000192466875887,1.14043714348e-05,6.23795813226e-06
2016,Scotland,2,7.4,9,FCEV Bus,Urban (not London),0.0,3.13770142384e-05,1.58087914315e-05
2016,Scotland,2,7.4,9,FCEV Cars,Urban (not London),0.0,7.75497937866e-06,4.12188956034e-06
2016,Scotland,2,7.4,9,FCEV LGV,Urban (not London),0.0,1.09782886284e-05,5.83317932978e-06
2016,Scotland,2,7.4,9,Full Hybrid Diesel Cars,Urban (not London),0.00027608484379,1.79600974661e-05,1.3816752471e-05
2016,Scotland,2,7.4,9,Full Hybrid Petrol Cars,Urban (not London),0.000217896289541,8.287583114e-06,4.62786329081e-06
2016,Scotland,2,7.4,9,Full Hybrid Petrol LGV,Urban (not London),1.33628445838e-05,1.11900071715e-05,6.03431180934e-06
2016,Scotland,2,7.4,9,Hybrid Bus,Urban (not London),0.00250743003562,5.11762082169e-05,3.4618027712e-05
2016,Scotland,2,7.4,9,LGV,Urban (not London),0.000471239647595,4.09131789638e-05,3.42713246937e-05
2016,Scotland,2,7.4,9,LPG Cars,Urban (not London),3.1666666473e-05,8.287583114e-06,4.62786329081e-06
2016,Scotland,2,7.4,9,LPG LGV,Urban (not London),8.90551746124e-05,1.15108923637e-05,6.33915260551e-06
2016,Scotland,2,7.4,9,Motorcycle,Urban (not London),5.32883968845e-05,4.70722125101e-06,2.97714359476e-06
2016,Scotland,2,7.4,9,Petrol Car,Urban (not London),0.000203107148991,8.287583114e-06,4.62786329081e-06
2016,Scotland,2,7.4,9,Plug-In Hybrid Petrol Cars,Urban (not London),4.35792571807e-05,7.8082393884e-06,4.17248702433e-06
2016,Scotland,2,7.4,9,Plug-In Hybrid Petrol LGV,Urban (not London),8.46194088808e-05,1.09969369078e-05,5.85089537708e-06
2016,Scotland,2,7.4,9,Rigid HGV,Urban (not London),0.00371912261471,9.17780707823e-05,7.35619541956e-05
2016,Scotland,2,7.4,10,Artic HGV,Urban (not London),0.00607152841985,0.000145794678247,0.000123250327306
2016,Scotland,2,7.4,10,B100 Artic HGV,Urban (not London),0.00667868088931,9.69553802861e-05,7.68529935158e-05
2016,Scotland,2,7.4,10,B100 Bus,Urban (not London),0.00504691433161,7.38553280826e-05,5.61631859455e-05
2016,Scotland,2,7.4,10,B100 Coach,Urban (not London),0.0072001600638,6.52221642667e-05,4.7961682867e-05
2016,Scotland,2,7.4,10,B100 Rigid HGV,Urban (not London),0.00409103464335,6.43169114483e-05,4.74738590128e-05
2016,Scotland,2,7.4,10,Battery EV Cars,Urban (not London),0.0,7.75497937866e-06,4.12188956034e-06
2016,Scotland,2,7.4,10,Battery EV LGV,Urban (not London),0.0,1.09782886284e-05,5.83317932978e-06
2016,Scotland,2,7.4,10,Biogas Bus,Urban (not London),0.00069444446126,3.27659035975e-05,1.71282354131e-05
2016,Scotland,2,7.4,10,Biomethane Bus,Urban (not London),0.00069444446126,3.27659035975e-05,1.71282354131e-05
2016,Scotland,2,7.4,10,Bus and Coach,Urban (not London),0.00513620255515,0.000116041075671,9.62396443356e-05
2016,Scotland,2,7.4,10,CNG Bus,Urban (not London),0.00069444446126,3.27659035975e-05,1.71282354131e-05
2016,Scotland,2,7.4,10,Diesel Car,Urban (not London),0.000376376206987,2.35118932324e-05,1.90909577213e-05
2016,Scotland,2,7.4,10,E85 Bioethanol Cars,Urban (not London),0.000201522721909,8.18106218503e-06,4.52666836281e-06
2016,Scotland,2,7.4,10,E85 Bioethanol LGV,Urban (not London),0.000192213468836,1.14043714348e-05,6.23795813226e-06
2016,Scotland,2,7.4,10,FCEV Bus,Urban (not London),0.0,3.13770142384e-05,1.58087914315e-05
2016,Scotland,2,7.4,10,FCEV Cars,Urban (not London),0.0,7.75497937866e-06,4.12188956034e-06
2016,Scotland,2,7.4,10,FCEV LGV,Urban (not London),0.0,1.09782886284e-05,5.83317932978e-06
2016,Scotland,2,7.4,10,Full Hybrid Diesel Cars,Urban (not London),0.00027608484379,1.79600974661e-05,1.3816752471e-05
2016,Scotland,2,7.4,10,Full Hybrid Petrol Cars,Urban (not London),0.000217896289541,8.287583114e-06,4.62786329081e-06
2016,Scotland,2,7.4,10,Full Hybrid Petrol LGV,Urban (not London),1.3311038856e-05,1.11900071715e-05,6.03431180934e-06
2016,Scotland,2,7.4,10,Hybrid Bus,Urban (not London),0.00231695338152,5.11762082169e-05,3.4618027712e-05
2016,Scotland,2,7.4,10,LGV,Urban (not London),0.000471231353004,4.09131789638e-05,3.42713246937e-05
2016,Scotland,2,7.4,10,LPG Cars,Urban (not London),3.1666666473e-05,8.287583114e-06,4.62786329081e-06
2016,Scotland,2,7.4,10,LPG LGV,Urban (not London),8.90551746124e-05,1.15108923637e-05,6.33915260551e-06
2016,Scotland,2,7.4,10,Motorcycle,Urban (not London),5.32883968845e-05,4.70722125101e-06,2.97714359476e-06
2016,Scotland,2,7.4,10,Petrol Car,Urban (not London),0.000201522721909,8.287583114e-06,4.62786329081e-06
2016,Scotland,2,7.4,10,Plug-In Hybrid Petrol Cars,Urban (not London),4.35792571807e-05,7.8082393884e-06,4.17248702433e-06
2016,Scotland,2,7.4,10,Plug-In Hybrid Petrol LGV,Urban (not London),8.46194088808e-05,1.09964885269e-05,5.85046927881e-06
2016,Scotland,2,7.4,10,Rigid HGV,Urban (not London),0.00371912261471,9.17780707823e-05,7.35619541956e-05
2016,Scotland,2,7.4,12,Artic HGV,Urban (not London),0.00607152841985,0.000145794678247,0.000123250327306
2016,Scotland,2,7.4,12,B100 Artic HGV,Urban (not London),0.00667868088931,9.69553802861e-05,7.68529935158e-05
2016,Scotland,2,7.4,12,B100 Bus,Urban (not London),0.00477402051911,7.12969704182e-05,5.37327468919e-05
2016,Scotland,2,7.4,12,B100 Coach,Urban (not London),0.0072001600638,6.32153387414e-05,4.60551964352e-05
2016,Scotland,2,7.4,12,B100 Rigid HGV,Urban (not London),0.00409103464335,6.43169114483e-05,4.74738590128e-05
2016,Scotland,2,7.4,12,Battery EV Cars,Urban (not London),0.0,7.75497937866e-06,4.12188956034e-06
2016,Scotland,2,7.4,12,Battery EV LGV,Urban (not London),0.0,1.09782886284e-05,5.83317932978e-06
2016,Scotland,2,7.4,12,Biogas Bus,Urban (not London),0.00069444446126,3.27659035975e-05,1.71282354131e-05
2016,Scotland,2,7.4,12,Biomethane Bus,Urban (not London),0.00069444446126,3.27659035975e-05,1.71282354131e-05
2016,Scotland,2,7.4,12,Bus and Coach,Urban (not London),0.0049575814046,0.000112691952381,9.30579772103e-05
2016,Scotland,2,7.4,12,CNG Bus,Urban (not London),0.00069444446126,3.27659035975e-05,1.71282354131e-05
2016,Scotland,2,7.4,12,Diesel Car,Urban (not London),0.000346889166394,2.30027635553e-05,1.8607284801e-05
2016,Scotland,2,7.4,12,E85 Bioethanol Cars,Urban (not London),0.000198872949113,8.18106218503e-06,4.52666836281e-06
2016,Scotland,2,7.4,12,E85 Bioethanol LGV,Urban (not London),0.000191395360162,1.14043714348e-05,6.23795813226e-06
2016,Scotland,2,7.4,12,FCEV Bus,Urban (not London),0.0,3.13770142384e-05,1.58087914315e-05
2016,Scotland,2,7.4,12,FCEV Cars,Urban (not London),0.0,7.75497937866e-06,4.12188956034e-06
2016,Scotland,2,7.4,12,FCEV LGV,Urban (not London),0.0,1.09782886284e-05,5.83317932978e-06
2016,Scotland,2,7.4,12,Full Hybrid Diesel Cars,Urban (not London),0.000260619359324,1.77238871402e-05,1.35923519338e-05
2016,Scotland,2,7.4,12,Full Hybrid Petrol Cars,Urban (not London),0.000219869747525,8.287583114e-06,4.62786329081e-06
2016,Scotland,2,7.4,12,Full Hybrid Petrol LGV,Urban (not London),1.29564023155e-05,1.11900071715e-05,6.03431180934e-06
2016,Scotland,2,7.4,12,Hybrid Bus,Urban (not London),0.00201882841066,4.91463833896e-05,3.26896915794e-05
2016,Scotland,2,7.4,12,LGV,Urban (not London),0.000455889443401,3.9366310375e-05,3.28017995344e-05
2016,Scotland,2,7.4,12,LPG Cars,Urban (not London),3.1666666473e-05,8.287583114e-06,4.62786329081e-06
2016,Scotland,2,7.4,12,LPG LGV,Urban (not London),8.57494960655e-05,1.15108923637e-05,6.33915260551e-06
2016,Scotland,2,7.4,12,Motorcycle,Urban (not London),5.03714254592e-05,4.70722125101e-06,2.97714359476e-06
2016,Scotland,2,7.4,12,Petrol Car,Urban (not London),0.000198872949113,8.287583114e-06,4.62786329081e-06
2016,Scotland,2,7.4,12,Plug-In Hybrid Petrol Cars,Urban (not London),4.39739524154e-05,7.8082393884e-06,4.17248702433e-06
2016,Scotland,2,7.4,12,Plug-In Hybrid Petrol LGV,Urban (not London),8.60859145178e-05,1.09954644358e-05,5.84949657423e-06
2016,Scotland,2,7.4,12,Rigid HGV,Urban (not London),0.00371912261471,9.17780707823e-05,7.35619541956e-05
2016,Scotland,2,7.4,14,Artic HGV,Urban (not London),0.00559500418603,0.000140158328577,0.000117895790027
2016,Scotland,2,7.4,14,B100 Artic HGV,Urban (not London),0.00615450460464,9.3855385785e-05,7.39079987397e-05
2016,Scotland,2,7.4,14,B100 Bus,Urban (not London),0.00433498760685,6.72318637953e-05,4.9870897783e-05
2016,Scotland,2,7.4,14,B100 Coach,Urban (not London),0.00638745957986,5.96350291744e-05,4.26539045293e-05
2016,Scotland,2,7.4,14,B100 Rigid HGV,Urban (not London),0.00373705918901,6.25403990853e-05,4.57861679024e-05
2016,Scotland,2,7.4,14,Battery EV Cars,Urban (not London),0.0,7.75497937866e-06,4.12188956034e-06
2016,Scotland,2,7.4,14,Battery EV LGV,Urban (not London),0.0,1.09782886284e-05,5.83317932978e-06
2016,Scotland,2,7.4,14,Biogas Bus,Urban (not London),0.00069444446126,3.27659035975e-05,1.71282354131e-05
2016,Scotland,2,7.4,14,Biomethane Bus,Urban (not London),0.00069444446126,3.27659035975e-05,1.71282354131e-05
2016,Scotland,2,7.4,14,Bus and Coach,Urban (not London),0.00446334527805,0.000104307400761,8.50926589919e-05
2016,Scotland,2,7.4,14,CNG Bus,Urban (not London),0.00069444446126,3.27659035975e-05,1.71282354131e-05
2016,Scotland,2,7.4,14,Diesel Car,Urban (not London),0.000322103645885,2.25118237722e-05,1.81408922799e-05
2016,Scotland,2,7.4,14,E85 Bioethanol Cars,Urban (not London),0.000196055218112,8.18106218503e-06,4.52666836281e-06
2016,Scotland,2,7.4,14,E85 Bioethanol LGV,Urban (not London),0.000190627455595,1.14043714348e-05,6.23795813226e-06
2016,Scotland,2,7.4,14,FCEV Bus,Urban (not London),0.0,3.13770142384e-05,1.58087914315e-05
2016,Scotland,2,7.4,14,FCEV Cars,Urban (not London),0.0,7.75497937866e-06,4.12188956034e-06
2016,Scotland,2,7.4,14,FCEV LGV,Urban (not London),0.0,1.09782886284e-05,5.83317932978e-06
2016,Scotland,2,7.4,14,Full Hybrid Diesel Cars,Urban (not London),0.000248000113061,1.74947872438e-05,1.33747062137e-05
2016,Scotland,2,7.4,14,Full Hybrid Petrol Cars,Urban (not London),0.000221957074245,8.287583114e-06,4.62786329081e-06
2016,Scotland,2,7.4,14,Full Hybrid Petrol LGV,Urban (not London),1.261419402e-05,1.11900071715e-05,6.03431180934e-06
2016,Scotland,2,7.4,14,Hybrid Bus,Urban (not London),0.00179031398147,4.75735869259e-05,3.11955336656e-05
2016,Scotland,2,7.4,14,LGV,Urban (not London),0.000441322888946,3.78906042897e-05,3.13998789352e-05
2016,Scotland,2,7.4,14,LPG Cars,Urban (not London),3.1666666473e-05,8.287583114e-06,4.62786329081e-06
2016,Scotland,2,7.4,14,LPG LGV,Urban (not London),8.26807736303e-05,1.15108923637e-05,6.33915260551e-06
2016,Scotland,2,7.4,14,Motorcycle,Urban (not London),4.78384863527e-05,4.70722125101e-06,2.97714359476e-06
2016,Scotland,2,7.4,14,Petrol Car,Urban (not London),0.000196055218112,8.287583114e-06,4.62786329081e-06
2016,Scotland,2,7.4,14,Plug-In Hybrid Petrol Cars,Urban (not London),4.43914141215e-05,7.8082393884e-06,4.17248702433e-06
2016,Scotland,2,7.4,14,Plug-In Hybrid Petrol LGV,Urban (not London),8.75659025041e-05,1.099475503e-05,5.84882218391e-06
2016,Scotland,2,7.4,14,Rigid HGV,Urban (not London),0.00339732645079,8.85480403667e-05,7.04934354872e-05
2016,Scotland,2,7.4,16,Artic HGV,Urban (not London),0.00521416310221,0.000134853748023,0.000112856439955
2016,Scotland,2,7.4,16,B100 Artic HGV,Urban (not London),0.00573557941243,9.09378723009e-05,7.11363609298e-05
2016,Scotland,2,7.4,16,B100 Bus,Urban (not London),0.00399636337534,6.41481601633e-05,4.69413826067e-05
2016,Scotland,2,7.4,16,B100 Coach,Urban (not London),0.00576888024807,5.68622053834e-05,4.00197241106e-05
2016,Scotland,2,7.4,16,B100 Rigid HGV,Urban (not London),0.00346160726622,6.08770205872e-05,4.42059645138e-05
2016,Scotland,2,7.4,16,Battery EV Cars,Urban (not London),0.0,7.75497937866e-06,4.12188956034e-06
2016,Scotland,2,7.4,16,Battery EV LGV,Urban (not London),0.0,1.09782886284e-05,5.83317932978e-06
2016,Scotland,2,7.4,16,Biogas Bus,Urban (not London),0.00069444446126,3.27659035975e-05,1.71282354131e-05
2016,Scotland,2,7.4,16,Biomethane Bus,Urban (not London),0.00069444446126,3.27659035975e-05,1.71282354131e-05
2016,Scotland,2,7.4,16,Bus and Coach,Urban (not London),0.0040842439048,9.79128890322e-05,7.90178673924e-05
2016,Scotland,2,7.4,16,CNG Bus,Urban (not London),0.00069444446126,3.27659035975e-05,1.71282354131e-05
2016,Scotland,2,7.4,16,Diesel Car,Urban (not London),0.000301021937048,2.20390738832e-05,1.76917801582e-05
2016,Scotland,2,7.4,16,E85 Bioethanol Cars,Urban (not London),0.000193100524484,8.18106218503e-06,4.52666836281e-06
2016,Scotland,2,7.4,16,E85 Bioethanol LGV,Urban (not London),0.000189914702787,1.14043714348e-05,6.23795813226e-06
2016,Scotland,2,7.4,16,FCEV Bus,Urban (not London),0.0,3.13770142384e-05,1.58087914315e-05
2016,Scotland,2,7.4,16,FCEV Cars,Urban (not London),0.0,7.75497937866e-06,4.12188956034e-06
2016,Scotland,2,7.4,16,FCEV LGV,Urban (not London),0.0,1.09782886284e-05,5.83317932978e-06
2016,Scotland,2,7.4,16,Full Hybrid Diesel Cars,Urban (not London),0.00023726055224,1.7272795958e-05,1.31638162202e-05
2016,Scotland,2,7.4,16,Full Hybrid Petrol Cars,Urban (not London),0.000224158240599,8.287583114e-06,4.62786329081e-06
2016,Scotland,2,7.4,16,Full Hybrid Petrol LGV,Urban (not London),1.22844139696e-05,1.11900071715e-05,6.03431180934e-06
2016,Scotland,2,7.4,16,Hybrid Bus,Urban (not London),0.00160647102166,4.63174837932e-05,3.00022365991e-05
2016,Scotland,2,7.4,16,LGV,Urban (not London),0.000427472317824,3.64860643458e-05,3.00655683532e-05
2016,Scotland,2,7.4,16,LPG Cars,Urban (not London),3.1666666473e-05,8.287583114e-06,4.62786329081e-06
2016,Scotland,2,7.4,16,LPG LGV,Urban (not London),7.98169276095e-05,1.15108923637e-05,6.33915260551e-06
2016,Scotland,2,7.4,16,Motorcycle,Urban (not London),4.5657492592e-05,4.70722125101e-06,2.97714359476e-06
2016,Scotland,2,7.4,16,Petrol Car,Urban (not London),0.000193100524484,8.287583114e-06,4.62786329081e-06
2016,Scotland,2,7.4,16,Plug-In Hybrid Petrol Cars,Urban (not London),4.48316495749e-05,7.8082393884e-06,4.17248702433e-06
2016,Scotland,2,7.4,16,Plug-In Hybrid Petrol LGV,Urban (not London),8.905937284e-05,1.09942875497e-05,5.84837789575e-06
2016,Scotland,2,7.4,16,Rigid HGV,Urban (not London),0.00314691569656,8.55237231008e-05,6.76203344483e-05
2016,Scotland,2,7.4,18,Artic HGV,Urban (not London),0.00490115676075,0.000129872962134,0.000108124695544
2016,Scotland,2,7.4,18,B100 Artic HGV,Urban (not London),0.00539127271622,8.81984378793e-05,6.85338964104e-05
2016,Scotland,2,7.4,18,B100 Bus,Urban (not London),0.00372655666433,6.17318801233e-05,4.46459125669e-05
2016,Scotland,2,7.4,18,B100 Coach,Urban (not London),0.0052819494158,5.4647334764e-05,3.79155935661e-05
2016,Scotland,2,7.4,18,B100 Rigid HGV,Urban (not London),0.00324074341916,5.93236945861e-05,4.27303020842e-05
2016,Scotland,2,7.4,18,Battery EV Cars,Urban (not London),0.0,7.75497937866e-06,4.12188956034e-06
2016,Scotland,2,7.4,18,Battery EV LGV,Urban (not London),0.0,1.09782886284e-05,5.83317932978e-06
2016,Scotland,2,7.4,18,Biogas Bus,Urban (not London),0.00069444446126,3.27659035975e-05,1.71282354131e-05
2016,Scotland,2,7.4,18,Biomethane Bus,Urban (not London),0.00069444446126,3.27659035975e-05,1.71282354131e-05
2016,Scotland,2,7.4,18,Bus and Coach,Urban (not London),0.00378369679675,9.28753506741e-05,7.4232215411e-05
2016,Scotland,2,7.4,18,CNG Bus,Urban (not London),0.00069444446126,3.27659035975e-05,1.71282354131e-05
2016,Scotland,2,7.4,18,Diesel Car,Urban (not London),0.000282911991235,2.15845138882e-05,1.72599466168e-05
2016,Scotland,2,7.4,18,E85 Bioethanol Cars,Urban (not London),0.00019004882779,8.18106218503e-06,4.52666836281e-06
2016,Scotland,2,7.4,18,E85 Bioethanol LGV,Urban (not London),0.000189263504581,1.14043714348e-05,6.23795813226e-06
2016,Scotland,2,7.4,18,FCEV Bus,Urban (not London),0.0,3.13770142384e-05,1.58087914315e-05
2016,Scotland,2,7.4,18,FCEV Cars,Urban (not London),0.0,7.75497937866e-06,4.12188956034e-06
2016,Scotland,2,7.4,18,FCEV LGV,Urban (not London),0.0,1.09782886284e-05,5.83317932978e-06
2016,Scotland,2,7.4,18,Full Hybrid Diesel Cars,Urban (not London),0.000227859200095,1.70579169207e-05,1.29596801344e-05
2016,Scotland,2,7.4,18,Full Hybrid Petrol Cars,Urban (not London),0.000226473261137,8.287583114e-06,4.62786329081e-06
2016,Scotland,2,7.4,18,Full Hybrid Petrol LGV,Urban (not London),1.19670639833e-05,1.11900071715e-05,6.03431180934e-06
2016,Scotland,2,7.4,18,Hybrid Bus,Urban (not London),0.00145406892989,4.5288074034e-05,2.90242969641e-05
2016,Scotland,2,7.4,18,LGV,Urban (not London),0.000414294161601,3.51526941813e-05,2.87988641503e-05
2016,Scotland,2,7.4,18,LPG Cars,Urban (not London),3.1666666473e-05,8.287583114e-06,4.62786329081e-06
2016,Scotland,2,7.4,18,LPG LGV,Urban (not London),7.71343984525e-05,1.15108923637e-05,6.33915260551e-06
2016,Scotland,2,7.4,18,Motorcycle,Urban (not London),4.37991402578e-05,4.70722125101e-06,2.97714359476e-06
2016,Scotland,2,7.4,18,Petrol Car,Urban (not London),0.00019004882779,8.287583114e-06,4.62786329081e-06
2016,Scotland,2,7.4,18,Plug-In Hybrid Petrol Cars,Urban (not London),4.52946551377e-05,7.8082393884e-06,4.17248702433e-06
2016,Scotland,2,7.4,18,Plug-In Hybrid Petrol LGV,Urban (not London),9.05663255253e-05,1.09940092443e-05,5.84811368753e-06
2016,Scotland,2,7.4,18,Rigid HGV,Urban (not London),0.00294613046572,8.26994946692e-05,6.49373105261e-05
2016,Scotland,2,7.4,20,Artic HGV,Urban (not London),0.0046382653527,0.000125207967358,0.000103692960693
2016,Scotland,2,7.4,20,B100 Artic HGV,Urban (not London),0.00510209193453,8.5632695118e-05,6.60964433337e-05
2016,Scotland,2,7.4,20,B100 Bus,Urban (not London),0.00350607815199,5.97911093791e-05,4.28021812695e-05
2016,Scotland,2,7.4,20,B100 Coach,Urban (not London),0.00488856621087,5.28349846718e-05,3.6193861888e-05
2016,Scotland,2,7.4,20,B100 Rigid HGV,Urban (not London),0.00305952643976,5.78773215238e-05,4.13562484027e-05
2016,Scotland,2,7.4,20,Battery EV Cars,Urban (not London),0.0,7.75497937866e-06,4.12188956034e-06
2016,Scotland,2,7.4,20,Battery EV LGV,Urban (not London),0.0,1.09782886284e-05,5.83317932978e-06
2016,Scotland,2,7.4,20,Biogas Bus,Urban (not London),0.00069444446126,3.27659035975e-05,1.71282354131e-05
2016,Scotland,2,7.4,20,Biomethane Bus,Urban (not London),0.00069444446126,3.27659035975e-05,1.71282354131e-05
2016,Scotland,2,7.4,20,Bus and Coach,Urban (not London),0.00353924976662,8.88068097993e-05,7.03670957591e-05
2016,Scotland,2,7.4,20,CNG Bus,Urban (not London),0.00069444446126,3.27659035975e-05,1.71282354131e-05
2016,Scotland,2,7.4,20,Diesel Car,Urban (not London),0.000267224619165,2.11481419683e-05,1.68453934748e-05
2016,Scotland,2,7.4,20,E85 Bioethanol Cars,Urban (not London),0.000186603865586,8.18106218503e-06,4.52666836281e-06
2016,Scotland,2,7.4,20,E85 Bioethanol LGV,Urban (not London),0.000188420570339,1.14043714348e-05,6.23795813226e-06
2016,Scotland,2,7.4,20,FCEV Bus,Urban (not London),0.0,3.13770142384e-05,1.58087914315e-05
2016,Scotland,2,7.4,20,FCEV Cars,Urban (not London),0.0,7.75497937866e-06,4.12188956034e-06
2016,Scotland,2,7.4,20,FCEV LGV,Urban (not London),0.0,1.09782886284e-05,5.83317932978e-06
2016,Scotland,2,7.4,20,Full Hybrid Diesel Cars,Urban (not London),0.000219467459829,1.68501464941e-05,1.27622979562e-05
2016,Scotland,2,7.4,20,Full Hybrid Petrol Cars,Urban (not London),0.000228902150411,8.287583114e-06,4.62786329081e-06
2016,Scotland,2,7.4,20,Full Hybrid Petrol LGV,Urban (not London),1.15722568808e-05,1.11900071715e-05,6.03431180934e-06
2016,Scotland,2,7.4,20,Hybrid Bus,Urban (not London),0.00132508785464,4.44259931101e-05,2.8205320632e-05
2016,Scotland,2,7.4,20,LGV,Urban (not London),0.000401747325668,3.38904901582e-05,2.75997699646e-05
2016,Scotland,2,7.4,20,LPG Cars,Urban (not London),3.1666666473e-05,8.287583114e-06,4.62786329081e-06
2016,Scotland,2,7.4,20,LPG LGV,Urban (not London),7.46155201341e-05,1.15108923637e-05,6.33915260551e-06
2016,Scotland,2,7.4,20,Motorcycle,Urban (not London),4.22367920692e-05,4.70722125101e-06,2.97714359476e-06
2016,Scotland,2,7.4,20,Petrol Car,Urban (not London),0.000186603865586,8.287583114e-06,4.62786329081e-06
2016,Scotland,2,7.4,20,Plug-In Hybrid Petrol Cars,Urban (not London),4.57804308098e-05,7.8082393884e-06,4.17248702433e-06
2016,Scotland,2,7.4,20,Plug-In Hybrid Petrol LGV,Urban (not London),9.2086767836e-05,1.09938828246e-05,5.84799363423e-06
2016,Scotland,2,7.4,20,Rigid HGV,Urban (not London),0.00278138765134,8.00697307568e-05,6.24390304438e-05
2016,Scotland,2,7.4,25,Artic HGV,Urban (not London),0.00413084682077,0.000114874725114,9.38763696468e-05
2016,Scotland,2,7.4,25,B100 Artic HGV,Urban (not London),0.00454393122345,7.99494082457e-05,6.06973189861e-05
2016,Scotland,2,7.4,25,B100 Bus,Urban (not London),0.00309693743475,5.6300086726e-05,3.94857088395e-05
2016,Scotland,2,7.4,25,B100 Coach,Urban (not London),0.00417185435072,4.94714658998e-05,3.29985196004e-05
2016,Scotland,2,7.4,25,B100 Rigid HGV,Urban (not London),0.00272260955535,5.47090421605e-05,3.83463848266e-05
2016,Scotland,2,7.4,25,Battery EV Cars,Urban (not London),0.0,7.75497937866e-06,4.12188956034e-06
2016,Scotland,2,7.4,25,Battery EV LGV,Urban (not London),0.0,1.09782886284e-05,5.83317932978e-06
2016,Scotland,2,7.4,25,Biogas Bus,Urban (not London),0.00069444446126,3.27659035975e-05,1.71282354131e-05
2016,Scotland,2,7.4,25,Biomethane Bus,Urban (not London),0.00069444446126,3.27659035975e-05,1.71282354131e-05
2016,Scotland,2,7.4,25,Bus and Coach,Urban (not London),0.00308901281096,8.14157974673e-05,6.33456365904e-05
2016,Scotland,2,7.4,25,CNG Bus,Urban (not London),0.00069444446126,3.27659035975e-05,1.71282354131e-05
2016,Scotland,2,7.4,25,Diesel Car,Urban (not London),0.000236072810367,2.01367911359e-05,1.58846105478e-05
2016,Scotland,2,7.4,25,E85 Bioethanol Cars,Urban (not London),0.000177479654667,8.18106218503e-06,4.52666836281e-06
2016,Scotland,2,7.4,25,E85 Bioethanol LGV,Urban (not London),0.000186120319995,1.14043714348e-05,6.23795813226e-06
2016,Scotland,2,7.4,25,FCEV Bus,Urban (not London),0.0,3.13770142384e-05,1.58087914315e-05
2016,Scotland,2,7.4,25,FCEV Cars,Urban (not London),0.0,7.75497937866e-06,4.12188956034e-06
2016,Scotland,2,7.4,25,FCEV LGV,Urban (not London),0.0,1.09782886284e-05,5.83317932978e-06
2016,Scotland,2,7.4,25,Full Hybrid Diesel Cars,Urban (not London),0.000201674178243,1.63618296938e-05,1.22983965412e-05
2016,Scotland,2,7.4,25,Full Hybrid Petrol Cars,Urban (not London),0.000235472456552,8.287583114e-06,4.62786329081e-06
2016,Scotland,2,7.4,25,Full Hybrid Petrol LGV,Urban (not London),1.0447751265e-05,1.11900071715e-05,6.03431180934e-06
2016,Scotland,2,7.4,25,Hybrid Bus,Urban (not London),0.00107416033279,4.27667000622e-05,2.66289898718e-05
2016,Scotland,2,7.4,25,LGV,Urban (not London),0.000373012269847,3.10463328788e-05,2.48978212767e-05
2016,Scotland,2,7.4,25,LPG Cars,Urban (not London),3.1666666473e-05,8.287583114e-06,4.62786329081e-06
2016,Scotland,2,7.4,25,LPG LGV,Urban (not London),6.89528387738e-05,1.15108923637e-05,6.33915260551e-06
2016,Scotland,2,7.4,25,Motorcycle,Urban (not London),3.94737544411e-05,4.70722125101e-06,2.97714359476e-06
2016,Scotland,2,7.4,25,Petrol Car,Urban (not London),0.000177479654667,8.287583114e-06,4.62786329081e-06
2016,Scotland,2,7.4,25,Plug-In Hybrid Petrol Cars,Urban (not London),4.70944942208e-05,7.8082393884e-06,4.17248702433e-06
2016,Scotland,2,7.4,25,Plug-In Hybrid Petrol LGV,Urban (not London),9.59468598012e-05,1.09940701805e-05,5.84817144045e-06
2016,Scotland,2,7.4,25,Rigid HGV,Urban (not London),0.00247509940527,7.43092168705e-05,5.69665498915e-05
2016,Scotland,2,7.4,30,Artic HGV,Urban (not London),0.00376185285859,0.000106340499769,8.57688573888e-05
2016,Scotland,2,7.4,30,B100 Artic HGV,Urban (not London),0.00413803802803,7.52555861254e-05,5.62381865166e-05
2016,Scotland,2,7.4,30,B100 Bus,Urban (not London),0.00281347567216,5.40067376278e-05,3.73070251953e-05
2016,Scotland,2,7.4,30,B100 Coach,Urban (not London),0.00368864974007,4.71479797852e-05,3.0791208701e-05
2016,Scotland,2,7.4,30,B100 Rigid HGV,Urban (not London),0.00249059172347,5.2141615015e-05,3.59073274012e-05
2016,Scotland,2,7.4,30,Battery EV Cars,Urban (not London),0.0,7.75497937866e-06,4.12188956034e-06
2016,Scotland,2,7.4,30,Battery EV LGV,Urban (not London),0.0,1.09782886284e-05,5.83317932978e-06
2016,Scotland,2,7.4,30,Biogas Bus,Urban (not London),0.00069444446126,3.27659035975e-05,1.71282354131e-05
2016,Scotland,2,7.4,30,Biomethane Bus,Urban (not London),0.00069444446126,3.27659035975e-05,1.71282354131e-05
2016,Scotland,2,7.4,30,Bus and Coach,Urban (not London),0.00278047681786,7.64777214499e-05,5.86544629186e-05
2016,Scotland,2,7.4,30,CNG Bus,Urban (not London),0.00069444446126,3.27659035975e-05,1.71282354131e-05
2016,Scotland,2,7.4,30,Diesel Car,Urban (not London),0.000213232997339,1.92391216842e-05,1.50318255692e-05
2016,Scotland,2,7.4,30,E85 Bioethanol Cars,Urban (not London),0.000169627863215,8.18106218503e-06,4.52666836281e-06
2016,Scotland,2,7.4,30,E85 Bioethanol LGV,Urban (not London),0.00018459954299,1.14043714348e-05,6.23795813226e-06
2016,Scotland,2,7.4,30,FCEV Bus,Urban (not London),0.0,3.13770142384e-05,1.58087914315e-05
2016,Scotland,2,7.4,30,FCEV Cars,Urban (not London),0.0,7.75497937866e-06,4.12188956034e-06
2016,Scotland,2,7.4,30,FCEV LGV,Urban (not London),0.0,1.09782886284e-05,5.83317932978e-06
2016,Scotland,2,7.4,30,Full Hybrid Diesel Cars,Urban (not London),0.000187142431969,1.59179508046e-05,1.18767120512e-05
2016,Scotland,2,7.4,30,Full Hybrid Petrol Cars,Urban (not London),0.0002427543659,8.287583114e-06,4.62786329081e-06
2016,Scotland,2,7.4,30,Full Hybrid Petrol LGV,Urban (not London),9.44911244005e-06,1.11900071715e-05,6.03431180934e-06
2016,Scotland,2,7.4,30,Hybrid Bus,Urban (not London),0.000891491537914,4.15602153225e-05,2.54828319157e-05
2016,Scotland,2,7.4,30,LGV,Urban (not London),0.000347879860783,2.86469694402e-05,2.26184256462e-05
2016,Scotland,2,7.4,30,LPG Cars,Urban (not London),3.1666666473e-05,8.287583114e-06,4.62786329081e-06
2016,Scotland,2,7.4,30,LPG LGV,Urban (not London),6.40932994429e-05,1.15108923637e-05,6.33915260551e-06
2016,Scotland,2,7.4,30,Motorcycle,Urban (not London),3.81041281798e-05,4.70722125101e-06,2.97714359476e-06
2016,Scotland,2,7.4,30,Petrol Car,Urban (not London),0.000169627863215,8.287583114e-06,4.62786329081e-06
2016,Scotland,2,7.4,30,Plug-In Hybrid Petrol Cars,Urban (not London),4.85508753627e-05,7.8082393884e-06,4.17248702433e-06
2016,Scotland,2,7.4,30,Plug-In Hybrid Petrol LGV,Urban (not London),9.98912291834e-05,1.09947841338e-05,5.8488499235e-06
2016,Scotland,2,7.4,30,Rigid HGV,Urban (not London),0.0022641743999,6.9641166192e-05,5.25319046574e-05
2016,Scotland,2,7.4,35,Artic HGV,Urban (not London),0.00347894406877,9.94804941001e-05,7.92518476374e-05
2016,Scotland,2,7.4,35,B100 Artic HGV,Urban (not London),0.00382683845237,7.14825800969e-05,5.26538351551e-05
2016,Scotland,2,7.4,35,B100 Bus,Urban (not London),0.00260441098362,5.24203496752e-05,3.57999597327e-05
2016,Scotland,2,7.4,35,B100 Coach,Urban (not London),0.00334214954637,4.54441287729e-05,2.91725500574e-05
2016,Scotland,2,7.4,35,B100 Rigid HGV,Urban (not London),0.00232227751985,5.01267422806e-05,3.39931975759e-05
2016,Scotland,2,7.4,35,Battery EV Cars,Urban (not London),0.0,7.75497937866e-06,4.12188956034e-06
2016,Scotland,2,7.4,35,Battery EV LGV,Urban (not London),0.0,1.09782886284e-05,5.83317932978e-06
2016,Scotland,2,7.4,35,Biogas Bus,Urban (not London),0.00069444446126,3.27659035975e-05,1.71282354131e-05
2016,Scotland,2,7.4,35,Biomethane Bus,Urban (not London),0.00069444446126,3.27659035975e-05,1.71282354131e-05
2016,Scotland,2,7.4,35,Bus and Coach,Urban (not London),0.00255543435924,7.29903331376e-05,5.53414465685e-05
2016,Scotland,2,7.4,35,CNG Bus,Urban (not London),0.00069444446126,3.27659035975e-05,1.71282354131e-05
2016,Scotland,2,7.4,35,Diesel Car,Urban (not London),0.000196150736883,1.84551372513e-05,1.42870403579e-05
2016,Scotland,2,7.4,35,E85 Bioethanol Cars,Urban (not London),0.000163796692505,8.18106218503e-06,4.52666836281e-06
2016,Scotland,2,7.4,35,E85 Bioethanol LGV,Urban (not London),0.000183955562534,1.14043714348e-05,6.23795813226e-06
2016,Scotland,2,7.4,35,FCEV Bus,Urban (not London),0.0,3.13770142384e-05,1.58087914315e-05
2016,Scotland,2,7.4,35,FCEV Cars,Urban (not London),0.0,7.75497937866e-06,4.12188956034e-06
2016,Scotland,2,7.4,35,FCEV LGV,Urban (not London),0.0,1.09782886284e-05,5.83317932978e-06
2016,Scotland,2,7.4,35,Full Hybrid Diesel Cars,Urban (not London),0.000175001594471,1.55185116455e-05,1.14972444862e-05
2016,Scotland,2,7.4,35,Full Hybrid Petrol Cars,Urban (not London),0.000250747863902,8.287583114e-06,4.62786329081e-06
2016,Scotland,2,7.4,35,Full Hybrid Petrol LGV,Urban (not London),8.56738734001e-06,1.11900071715e-05,6.03431180934e-06
2016,Scotland,2,7.4,35,Hybrid Bus,Urban (not London),0.000753102242015,4.06351973652e-05,2.46040654019e-05
2016,Scotland,2,7.4,35,LGV,Urban (not London),0.00032620067941,2.66923980234e-05,2.07615830732e-05
2016,Scotland,2,7.4,35,LPG Cars,Urban (not London),3.1666666473e-05,8.287583114e-06,4.62786329081e-06
2016,Scotland,2,7.4,35,LPG LGV,Urban (not London),5.99547165621e-05,1.15108923637e-05,6.33915260551e-06
2016,Scotland,2,7.4,35,Motorcycle,Urban (not London),3.78982913389e-05,4.70722125101e-06,2.97714359476e-06
2016,Scotland,2,7.4,35,Petrol Car,Urban (not London),0.000163796692505,8.287583114e-06,4.62786329081e-06
2016,Scotland,2,7.4,35,Plug-In Hybrid Petrol Cars,Urban (not London),5.01495742355e-05,7.8082393884e-06,4.17248702433e-06
2016,Scotland,2,7.4,35,Plug-In Hybrid Petrol LGV,Urban (not London),0.000103919868707,1.09958782559e-05,5.84988947594e-06
2016,Scotland,2,7.4,35,Rigid HGV,Urban (not London),0.00211116136052,6.59777579131e-05,4.90516649734e-05
2016,Scotland,2,7.4,40,Artic HGV,Urban (not London),0.00325376680121,9.41698963288e-05,7.42067859392e-05
2016,Scotland,2,7.4,40,B100 Artic HGV,Urban (not London),0.00357914343476,6.85617487761e-05,4.98790468555e-05
2016,Scotland,2,7.4,40,B100 Bus,Urban (not London),0.00244321953505,5.12897895533e-05,3.47259265254e-05
2016,Scotland,2,7.4,40,B100 Coach,Urban (not London),0.00308288773522,4.41405754827e-05,2.79341747955e-05
2016,Scotland,2,7.4,40,B100 Rigid HGV,Urban (not London),0.00219595199451,4.86161152367e-05,3.2558102248e-05
2016,Scotland,2,7.4,40,Battery EV Cars,Urban (not London),0.0,7.75497937866e-06,4.12188956034e-06
2016,Scotland,2,7.4,40,Battery EV LGV,Urban (not London),0.0,1.09782886284e-05,5.83317932978e-06
2016,Scotland,2,7.4,40,Biogas Bus,Urban (not London),0.00069444446126,3.27659035975e-05,1.71282354131e-05
2016,Scotland,2,7.4,40,Biomethane Bus,Urban (not London),0.00069444446126,3.27659035975e-05,1.71282354131e-05
2016,Scotland,2,7.4,40,Bus and Coach,Urban (not London),0.0023839334026,7.04384729033e-05,5.2917173889e-05
2016,Scotland,2,7.4,40,CNG Bus,Urban (not London),0.00069444446126,3.27659035975e-05,1.71282354131e-05
2016,Scotland,2,7.4,40,Diesel Car,Urban (not London),0.000183265918167,1.77848360181e-05,1.36502540045e-05
2016,Scotland,2,7.4,40,E85 Bioethanol Cars,Urban (not London),0.00016036805755,8.18106218503e-06,4.52666836281e-06
2016,Scotland,2,7.4,40,E85 Bioethanol LGV,Urban (not London),0.000184227319551,1.14043714348e-05,6.23795813226e-06
2016,Scotland,2,7.4,40,FCEV Bus,Urban (not London),0.0,3.13770142384e-05,1.58087914315e-05
2016,Scotland,2,7.4,40,FCEV Cars,Urban (not London),0.0,7.75497937866e-06,4.12188956034e-06
2016,Scotland,2,7.4,40,FCEV LGV,Urban (not London),0.0,1.09782886284e-05,5.83317932978e-06
2016,Scotland,2,7.4,40,Full Hybrid Diesel Cars,Urban (not London),0.000164784520166,1.51635103975e-05,1.11599938464e-05
2016,Scotland,2,7.4,40,Full Hybrid Petrol Cars,Urban (not London),0.000259452965111,8.287583114e-06,4.62786329081e-06
2016,Scotland,2,7.4,40,Full Hybrid Petrol LGV,Urban (not London),7.79362380854e-06,1.11900071715e-05,6.03431180934e-06
2016,Scotland,2,7.4,40,Hybrid Bus,Urban (not London),0.00064565485809,3.99064338126e-05,2.39117398451e-05
2016,Scotland,2,7.4,40,LGV,Urban (not London),0.000307882844936,2.51826204476e-05,1.93272935576e-05
2016,Scotland,2,7.4,40,LPG Cars,Urban (not London),3.1666666473e-05,8.287583114e-06,4.62786329081e-06
2016,Scotland,2,7.4,40,LPG LGV,Urban (not London),5.64869078516e-05,1.15108923637e-05,6.33915260551e-06
2016,Scotland,2,7.4,40,Motorcycle,Urban (not London),3.86979409086e-05,4.70722125101e-06,2.97714359476e-06
2016,Scotland,2,7.4,40,Petrol Car,Urban (not London),0.00016036805755,8.287583114e-06,4.62786329081e-06
2016,Scotland,2,7.4,40,Plug-In Hybrid Petrol Cars,Urban (not London),5.18905908393e-05,7.8082393884e-06,4.17248702433e-06
2016,Scotland,2,7.4,40,Plug-In Hybrid Petrol LGV,Urban (not London),0.000108032785647,1.09972661448e-05,5.85120733376e-06
2016,Scotland,2,7.4,40,Rigid HGV,Urban (not London),0.00199631997384,6.32311712252e-05,4.64424047095e-05
2016,Scotland,2,7.4,45,Artic HGV,Urban (not London),0.00306947203353,9.02839019545e-05,7.0515088737e-05
2016,Scotland,2,7.4,45,B100 Artic HGV,Urban (not London),0.00337641919032,6.64244580548e-05,4.78486144857e-05
2016,Scotland,2,7.4,45,B100 Bus,Urban (not London),0.00231474940665,5.04729505337e-05,3.3949931094e-05
2016,Scotland,2,7.4,45,B100 Coach,Urban (not London),0.00288288295269,4.31112421211e-05,2.695630792e-05
2016,Scotland,2,7.4,45,B100 Rigid HGV,Urban (not London),0.00209901528433,4.75614397146e-05,3.15561592288e-05
2016,Scotland,2,7.4,45,Battery EV Cars,Urban (not London),0.0,7.75497937866e-06,4.12188956034e-06
2016,Scotland,2,7.4,45,Battery EV LGV,Urban (not London),0.0,1.09782886284e-05,5.83317932978e-06
2016,Scotland,2,7.4,45,Biogas Bus,Urban (not London),0.00069444446126,3.27659035975e-05,1.71282354131e-05
2016,Scotland,2,7.4,45,Biomethane Bus,Urban (not London),0.00069444446126,3.27659035975e-05,1.71282354131e-05
2016,Scotland,2,7.4,45,Bus and Coach,Urban (not London),0.00224893353879,6.85294435243e-05,5.11035977979e-05
2016,Scotland,2,7.4,45,CNG Bus,Urban (not London),0.00069444446126,3.27659035975e-05,1.71282354131e-05
2016,Scotland,2,7.4,45,Diesel Car,Urban (not London),0.000173579857801,1.72282179847e-05,1.31214665089e-05
2016,Scotland,2,7.4,45,E85 Bioethanol Cars,Urban (not London),0.000159315852216,8.18106218503e-06,4.52666836281e-06
2016,Scotland,2,7.4,45,E85 Bioethanol LGV,Urban (not London),0.000185388460523,1.14043714348e-05,6.23795813226e-06
2016,Scotland,2,7.4,45,FCEV Bus,Urban (not London),0.0,3.13770142384e-05,1.58087914315e-05
2016,Scotland,2,7.4,45,FCEV Cars,Urban (not London),0.0,7.75497937866e-06,4.12188956034e-06
2016,Scotland,2,7.4,45,FCEV LGV,Urban (not London),0.0,1.09782886284e-05,5.83317932978e-06
2016,Scotland,2,7.4,45,Full Hybrid Diesel Cars,Urban (not London),0.000156213005539,1.48529488797e-05,1.08649601316e-05
2016,Scotland,2,7.4,45,Full Hybrid Petrol Cars,Urban (not London),0.00026886962587,8.287583114e-06,4.62786329081e-06
2016,Scotland,2,7.4,45,Full Hybrid Petrol LGV,Urban (not London),7.1188687798e-06,1.11900071715e-05,6.03431180934e-06
2016,Scotland,2,7.4,45,Hybrid Bus,Urban (not London),0.000561089836992,3.93306436308e-05,2.33647388086e-05
2016,Scotland,2,7.4,45,LGV,Urban (not London),0.000292865792289,2.41176330746e-05,1.83155570994e-05
2016,Scotland,2,7.4,45,LPG Cars,Urban (not London),3.1666666473e-05,8.287583114e-06,4.62786329081e-06
2016,Scotland,2,7.4,45,LPG LGV,Urban (not London),5.36577499588e-05,1.15108923637e-05,6.33915260551e-06
2016,Scotland,2,7.4,45,Motorcycle,Urban (not London),4.04044185416e-05,4.70722125101e-06,2.97714359476e-06
2016,Scotland,2,7.4,45,Petrol Car,Urban (not London),0.000159315852216,8.287583114e-06,4.62786329081e-06
2016,Scotland,2,7.4,45,Plug-In Hybrid Petrol Cars,Urban (not London),5.3773928812e-05,7.8082393884e-06,4.17248702433e-06
2016,Scotland,2,7.4,45,Plug-In Hybrid Petrol LGV,Urban (not London),0.000112229980004,1.09988914119e-05,5.85275211051e-06
2016,Scotland,2,7.4,45,Rigid HGV,Urban (not London),0.00190819567069,6.13135707681e-05,4.46206868219e-05
2016,Scotland,2,7.4,50,Artic HGV,Urban (not London),0.00291534676217,8.76976992004e-05,6.80581943016e-05
2016,Scotland,2,7.4,50,B100 Artic HGV,Urban (not London),0.00320688146167,6.5002044721e-05,4.64973272756e-05
2016,Scotland,2,7.4,50,B100 Bus,Urban (not London),0.00220969086513,4.98833433085e-05,3.3389802411e-05
2016,Scotland,2,7.4,50,B100 Coach,Urban (not London),0.00272508733906,4.22783341492e-05,2.61650438915e-05
2016,Scotland,2,7.4,50,B100 Rigid HGV,Urban (not London),0.00202362798154,4.69144069939e-05,3.09414790536e-05
2016,Scotland,2,7.4,50,Battery EV Cars,Urban (not London),0.0,7.75497937866e-06,4.12188956034e-06
2016,Scotland,2,7.4,50,Battery EV LGV,Urban (not London),0.0,1.09782886284e-05,5.83317932978e-06
2016,Scotland,2,7.4,50,Biogas Bus,Urban (not London),0.00069444446126,3.27659035975e-05,1.71282354131e-05
2016,Scotland,2,7.4,50,Biomethane Bus,Urban (not London),0.00069444446126,3.27659035975e-05,1.71282354131e-05
2016,Scotland,2,7.4,50,Bus and Coach,Urban (not London),0.00214000185952,6.70844165143e-05,4.9730824685e-05
2016,Scotland,2,7.4,50,CNG Bus,Urban (not London),0.00069444446126,3.27659035975e-05,1.71282354131e-05
2016,Scotland,2,7.4,50,Diesel Car,Urban (not London),0.000166432204423,1.6785283151e-05,1.27006778712e-05
2016,Scotland,2,7.4,50,E85 Bioethanol Cars,Urban (not London),0.000160318988492,8.18106218503e-06,4.52666836281e-06
2016,Scotland,2,7.4,50,E85 Bioethanol LGV,Urban (not London),0.000187365338206,1.14043714348e-05,6.23795813226e-06
2016,Scotland,2,7.4,50,FCEV Bus,Urban (not London),0.0,3.13770142384e-05,1.58087914315e-05
2016,Scotland,2,7.4,50,FCEV Cars,Urban (not London),0.0,7.75497937866e-06,4.12188956034e-06
2016,Scotland,2,7.4,50,FCEV LGV,Urban (not London),0.0,1.09782886284e-05,5.83317932978e-06
2016,Scotland,2,7.4,50,Full Hybrid Diesel Cars,Urban (not London),0.000149111278006,1.45868261825e-05,1.06121442514e-05
2016,Scotland,2,7.4,50,Full Hybrid Petrol Cars,Urban (not London),0.000278997904388,8.287583114e-06,4.62786329081e-06
2016,Scotland,2,7.4,50,Full Hybrid Petrol LGV,Urban (not London),6.53417146168e-06,1.11900071715e-05,6.03431180934e-06
2016,Scotland,2,7.4,50,Hybrid Bus,Urban (not London),0.000494284555316,3.88853550248e-05,2.29417146329e-05
2016,Scotland,2,7.4,50,LGV,Urban (not London),0.000281107699266,2.34974395426e-05,1.77263718797e-05
2016,Scotland,2,7.4,50,LPG Cars,Urban (not London),3.1666666473e-05,8.287583114e-06,4.62786329081e-06
2016,Scotland,2,7.4,50,LPG LGV,Urban (not London),5.14459970873e-05,1.15108923637e-05,6.33915260551e-06
2016,Scotland,2,7.4,50,Motorcycle,Urban (not London),4.29670108133e-05,4.70722125101e-06,2.97714359476e-06
2016,Scotland,2,7.4,50,Petrol Car,Urban (not London),0.000160318988492,8.287583114e-06,4.62786329081e-06
2016,Scotland,2,7.4,50,Plug-In Hybrid Petrol Cars,Urban (not London),5.57995808776e-05,7.8082393884e-06,4.17248702433e-06
2016,Scotland,2,7.4,50,Plug-In Hybrid Petrol LGV,Urban (not London),0.000116511451779,1.10007222247e-05,5.85449106438e-06
2016,Scotland,2,7.4,50,Rigid HGV,Urban (not London),0.00183966185432,6.01371502853e-05,4.35030851804e-05
2016,Scotland,2,7.4,60,Artic HGV,Urban (not London),0.00267107225955,8.59254432726e-05,6.63745595375e-05
2016,Scotland,2,7.4,60,B100 Artic HGV,Urban (not London),0.00293817953207,6.40273065073e-05,4.5571323426e-05
2016,Scotland,2,7.4,60,B100 Bus,Urban (not London),0.00204755412415,4.91816281283e-05,3.27231718984e-05
2016,Scotland,2,7.4,60,B100 Coach,Urban (not London),0.00249573588371,4.10151660617e-05,2.49650347541e-05
2016,Scotland,2,7.4,60,B100 Rigid HGV,Urban (not London),0.00191855488811,4.66500641778e-05,3.06903530145e-05
2016,Scotland,2,7.4,60,Battery EV Cars,Urban (not London),0.0,7.75497937866e-06,4.12188956034e-06
2016,Scotland,2,7.4,60,Battery EV LGV,Urban (not London),0.0,1.09782886284e-05,5.83317932978e-06
2016,Scotland,2,7.4,60,Biogas Bus,Urban (not London),0.00069444446126,3.27659035975e-05,1.71282354131e-05
2016,Scotland,2,7.4,60,Biomethane Bus,Urban (not London),0.00069444446126,3.27659035975e-05,1.71282354131e-05
2016,Scotland,2,7.4,60,Bus and Coach,Urban (not London),0.00197549560107,6.51619993732e-05,4.7904526582e-05
2016,Scotland,2,7.4,60,CNG Bus,Urban (not London),0.00069444446126,3.27659035975e-05,1.71282354131e-05
2016,Scotland,2,7.4,60,Diesel Car,Urban (not London),0.000158118506079,1.62404612638e-05,1.21830971693e-05
2016,Scotland,2,7.4,60,E85 Bioethanol Cars,Urban (not London),0.00016670266632,7.9984556578e-06,4.35319179815e-06
2016,Scotland,2,7.4,60,E85 Bioethanol LGV,Urban (not London),0.000193389816559,1.12217649075e-05,6.06448156759e-06
2016,Scotland,2,7.4,60,FCEV Bus,Urban (not London),0.0,3.13770142384e-05,1.58087914315e-05
2016,Scotland,2,7.4,60,FCEV Cars,Urban (not London),0.0,7.75497937866e-06,4.12188956034e-06
2016,Scotland,2,7.4,60,FCEV LGV,Urban (not London),0.0,1.09782886284e-05,5.83317932978e-06
2016,Scotland,2,7.4,60,Full Hybrid Diesel Cars,Urban (not London),0.000138907809742,1.41878972499e-05,1.02331614471e-05
2016,Scotland,2,7.4,60,Full Hybrid Petrol Cars,Urban (not London),0.000421944918344,8.05932450021e-06,4.41101747128e-06
2016,Scotland,2,7.4,60,Full Hybrid Petrol LGV,Urban (not London),7.8387947724e-06,1.11165672934e-05,5.96454401602e-06
2016,Scotland,2,7.4,60,Hybrid Bus,Urban (not London),0.000500392750837,3.83499318559e-05,2.24330597121e-05
2016,Scotland,2,7.4,60,LGV,Urban (not London),0.00026725846692,2.35839615925e-05,1.78085701918e-05
2016,Scotland,2,7.4,60,LPG Cars,Urban (not London),2.91666674457e-05,8.05932450021e-06,4.41101747128e-06
2016,Scotland,2,7.4,60,LPG LGV,Urban (not London),4.11133951275e-05,1.12826337499e-05,6.12230678598e-06
2016,Scotland,2,7.4,60,Motorcycle,Urban (not London),5.06273136125e-05,4.70722125101e-06,2.97714359476e-06
2016,Scotland,2,7.4,60,Petrol Car,Urban (not London),0.00016670266632,8.05932450021e-06,4.41101747128e-06
2016,Scotland,2,7.4,60,Plug-In Hybrid Petrol Cars,Urban (not London),0.000301389227388,7.90715148469e-06,4.26645374318e-06
2016,Scotland,2,7.4,60,Plug-In Hybrid Petrol LGV,Urban (not London),0.000419149670051,1.11115341497e-05,5.95976280238e-06
2016,Scotland,2,7.4,60,Rigid HGV,Urban (not London),0.00174414087087,5.96565296291e-05,4.30464970123e-05
2016,Scotland,2,7.4,70,Artic HGV,Urban (not London),0.00248523661867,8.78546707099e-05,6.82073150529e-05
2016,Scotland,2,7.4,70,B100 Artic HGV,Urban (not London),0.00273376028053,6.50883812341e-05,4.65793418698e-05
2016,Scotland,2,7.4,70,B100 Bus,Urban (not London),0.00192766461987,4.89208250656e-05,3.24754109897e-05
2016,Scotland,2,7.4,70,B100 Coach,Urban (not London),0.00234232260846,4.01056349801e-05,2.41009802266e-05
2016,Scotland,2,7.4,70,B100 Rigid HGV,Urban (not London),0.00185578421224,4.74366752314e-05,3.14376338792e-05
2016,Scotland,2,7.4,70,Battery EV Cars,Urban (not London),0.0,7.75497937866e-06,4.12188956034e-06
2016,Scotland,2,7.4,70,Battery EV LGV,Urban (not London),0.0,1.09782886284e-05,5.83317932978e-06
2016,Scotland,2,7.4,70,Biogas Bus,Urban (not London),0.00069444446126,3.27659035975e-05,1.71282354131e-05
2016,Scotland,2,7.4,70,Biomethane Bus,Urban (not London),0.00069444446126,3.27659035975e-05,1.71282354131e-05
2016,Scotland,2,7.4,70,Bus and Coach,Urban (not London),0.00185797165614,6.41200094833e-05,4.69146325486e-05
2016,Scotland,2,7.4,70,CNG Bus,Urban (not London),0.00069444446126,3.27659035975e-05,1.71282354131e-05
2016,Scotland,2,7.4,70,Diesel Car,Urban (not London),0.000156273134053,1.61503721756e-05,1.20975137179e-05
2016,Scotland,2,7.4,70,E85 Bioethanol Cars,Urban (not London),0.000178049638635,7.9984556578e-06,4.35319179815e-06
2016,Scotland,2,7.4,70,E85 Bioethanol LGV,Urban (not London),0.000203018309548,1.12217649075e-05,6.06448156759e-06
2016,Scotland,2,7.4,70,FCEV Bus,Urban (not London),0.0,3.13770142384e-05,1.58087914315e-05
2016,Scotland,2,7.4,70,FCEV Cars,Urban (not London),0.0,7.75497937866e-06,4.12188956034e-06
2016,Scotland,2,7.4,70,FCEV LGV,Urban (not London),0.0,1.09782886284e-05,5.83317932978e-06
2016,Scotland,2,7.4,70,Full Hybrid Diesel Cars,Urban (not London),0.000133727662615,1.39667235999e-05,1.00230472526e-05
2016,Scotland,2,7.4,70,Full Hybrid Petrol Cars,Urban (not London),0.00045727766701,8.05932450021e-06,4.41101747128e-06
2016,Scotland,2,7.4,70,Full Hybrid Petrol LGV,Urban (not London),7.49118498788e-06,1.11165672934e-05,5.96454401602e-06
2016,Scotland,2,7.4,70,Hybrid Bus,Urban (not London),0.000441039883299,3.83100086765e-05,2.2395133783e-05
2016,Scotland,2,7.4,70,LGV,Urban (not London),0.000266236049356,2.54571223195e-05,1.95880711544e-05
2016,Scotland,2,7.4,70,LPG Cars,Urban (not London),2.91666674457e-05,8.05932450021e-06,4.41101747128e-06
2016,Scotland,2,7.4,70,LPG LGV,Urban (not London),4.08836895076e-05,1.12826337499e-05,6.12230678598e-06
2016,Scotland,2,7.4,70,Motorcycle,Urban (not London),6.17879559286e-05,4.70722125101e-06,2.97714359476e-06
2016,Scotland,2,7.4,70,Petrol Car,Urban (not London),0.000178049638635,8.05932450021e-06,4.41101747128e-06
2016,Scotland,2,7.4,70,Plug-In Hybrid Petrol Cars,Urban (not London),0.000326626905007,7.90715148469e-06,4.26645374318e-06
2016,Scotland,2,7.4,70,Plug-In Hybrid Petrol LGV,Urban (not London),0.000446366175311,1.11364352051e-05,5.98341785008e-06
2016,Scotland,2,7.4,70,Rigid HGV,Urban (not London),0.00168707652483,6.10867355135e-05,4.44051875093e-05
2016,Scotland,2,7.4,80,Artic HGV,Urban (not London),0.00233852234669,9.2486901849e-05,7.26079379092e-05
2016,Scotland,2,7.4,80,B100 Artic HGV,Urban (not London),0.00257237465121,6.76361014484e-05,4.89996818942e-05
2016,Scotland,2,7.4,80,B100 Bus,Urban (not London),0.00183497334365,4.8969341151e-05,3.25215005432e-05
2016,Scotland,2,7.4,80,B100 Coach,Urban (not London),0.0022381071467,3.94742710341e-05,2.35011830227e-05
2016,Scotland,2,7.4,80,B100 Rigid HGV,Urban (not London),0.00182241748553,4.88878176839e-05,3.28162204823e-05
2016,Scotland,2,7.4,80,Battery EV Cars,Urban (not London),0.0,7.75497937866e-06,4.12188956034e-06
2016,Scotland,2,7.4,80,Battery EV LGV,Urban (not London),0.0,1.09782886284e-05,5.83317932978e-06
2016,Scotland,2,7.4,80,Biogas Bus,Urban (not London),0.00069444446126,3.27659035975e-05,1.71282354131e-05
2016,Scotland,2,7.4,80,Biomethane Bus,Urban (not London),0.00069444446126,3.27659035975e-05,1.71282354131e-05
2016,Scotland,2,7.4,80,Bus and Coach,Urban (not London),0.00177077343687,6.36798285996e-05,4.64964614366e-05
2016,Scotland,2,7.4,80,CNG Bus,Urban (not London),0.00069444446126,3.27659035975e-05,1.71282354131e-05
2016,Scotland,2,7.4,80,Diesel Car,Urban (not London),0.000160178591614,1.65150177054e-05,1.24439256979e-05
2016,Scotland,2,7.4,80,E85 Bioethanol Cars,Urban (not London),0.000191791346879,7.9984556578e-06,4.35319179815e-06
2016,Scotland,2,7.4,80,E85 Bioethanol LGV,Urban (not London),0.000215165986447,1.12217649075e-05,6.06448156759e-06
2016,Scotland,2,7.4,80,FCEV Bus,Urban (not London),0.0,3.13770142384e-05,1.58087914315e-05
2016,Scotland,2,7.4,80,FCEV Cars,Urban (not London),0.0,7.75497937866e-06,4.12188956034e-06
2016,Scotland,2,7.4,80,FCEV LGV,Urban (not London),0.0,1.09782886284e-05,5.83317932978e-06
2016,Scotland,2,7.4,80,Full Hybrid Diesel Cars,Urban (not London),0.000133586145239,1.39233070513e-05,9.9818007584e-06
2016,Scotland,2,7.4,80,Full Hybrid Petrol Cars,Urban (not London),0.000496595341247,8.05932450021e-06,4.41101747128e-06
2016,Scotland,2,7.4,80,Full Hybrid Petrol LGV,Urban (not London),7.6952692325e-06,1.11165672934e-05,5.96454401602e-06
2016,Scotland,2,7.4,80,Hybrid Bus,Urban (not London),0.000435059482697,3.89170672861e-05,2.29718389164e-05
2016,Scotland,2,7.4,80,LGV,Urban (not London),0.000277962099062,2.9109451134e-05,2.30577843467e-05
2016,Scotland,2,7.4,80,LPG Cars,Urban (not London),2.91666674457e-05,8.05932450021e-06,4.41101747128e-06
2016,Scotland,2,7.4,80,LPG LGV,Urban (not London),4.26143960794e-05,1.12826337499e-05,6.12230678598e-06
2016,Scotland,2,7.4,80,Motorcycle,Urban (not London),7.6577103755e-05,4.70722125101e-06,2.97714359476e-06
2016,Scotland,2,7.4,80,Petrol Car,Urban (not London),0.000191791346879,8.05932450021e-06,4.41101747128e-06
2016,Scotland,2,7.4,80,Plug-In Hybrid Petrol Cars,Urban (not London),0.000354710937245,7.90715148469e-06,4.26645374318e-06
2016,Scotland,2,7.4,80,Plug-In Hybrid Petrol LGV,Urban (not London),0.000474054599181,1.11661192932e-05,6.01161855229e-06
2016,Scotland,2,7.4,80,Rigid HGV,Urban (not London),0.00165674311575,6.37251723674e-05,4.69117112516e-05
2016,Scotland,2,7.4,90,Artic HGV,Urban (not London),0.0022643036209,9.61483237916e-05,7.60862894822e-05
2016,Scotland,2,7.4,90,B100 Artic HGV,Urban (not London),0.002490733983,6.96498827892e-05,5.09127748956e-05
2016,Scotland,2,7.4,90,B100 Bus,Urban (not London),0.00178868067451,4.91158425575e-05,3.26606786984e-05
2016,Scotland,2,7.4,90,B100 Coach,Urban (not London),0.00216804072261,3.8913130993e-05,2.29681027122e-05
2016,Scotland,2,7.4,90,B100 Rigid HGV,Urban (not London),0.00181335909292,4.9916732678e-05,3.37936871802e-05
2016,Scotland,2,7.4,90,Battery EV Cars,Urban (not London),0.0,7.75497937866e-06,4.12188956034e-06
2016,Scotland,2,7.4,90,Battery EV LGV,Urban (not London),0.0,1.09782886284e-05,5.83317932978e-06
2016,Scotland,2,7.4,90,Biogas Bus,Urban (not London),0.00069444446126,3.27659035975e-05,1.71282354131e-05
2016,Scotland,2,7.4,90,Biomethane Bus,Urban (not London),0.00069444446126,3.27659035975e-05,1.71282354131e-05
2016,Scotland,2,7.4,90,Bus and Coach,Urban (not London),0.00172263768036,6.35041360511e-05,4.63295546069e-05
2016,Scotland,2,7.4,90,CNG Bus,Urban (not London),0.00069444446126,3.27659035975e-05,1.71282354131e-05
2016,Scotland,2,7.4,90,Diesel Car,Urban (not London),0.000170062863617,1.73343942151e-05,1.32223331093e-05
2016,Scotland,2,7.4,90,E85 Bioethanol Cars,Urban (not London),0.000206449985853,8.00639463705e-06,4.36073423771e-06
2016,Scotland,2,7.4,90,E85 Bioethanol LGV,Urban (not London),0.000229118930292,1.12297038868e-05,6.07202400715e-06
2016,Scotland,2,7.4,90,FCEV Bus,Urban (not London),0.0,3.13770142384e-05,1.58087914315e-05
2016,Scotland,2,7.4,90,FCEV Cars,Urban (not London),0.0,7.75497937866e-06,4.12188956034e-06
2016,Scotland,2,7.4,90,FCEV LGV,Urban (not London),0.0,1.09782886284e-05,5.83317932978e-06
2016,Scotland,2,7.4,90,Full Hybrid Diesel Cars,Urban (not London),0.000138910341775,1.40576448757e-05,1.01094219644e-05
2016,Scotland,2,7.4,90,Full Hybrid Petrol Cars,Urban (not London),0.000694154470693,8.06924890639e-06,4.42044574811e-06
2016,Scotland,2,7.4,90,Full Hybrid Petrol LGV,Urban (not London),1.05265380625e-05,1.11751205623e-05,6.02016962148e-06
2016,Scotland,2,7.4,90,Hybrid Bus,Urban (not London),0.000455785368104,3.96194227505e-05,2.36390787904e-05
2016,Scotland,2,7.4,90,LGV,Urban (not London),0.00030242689536,3.45412772731e-05,2.8218017178e-05
2016,Scotland,2,7.4,90,LPG Cars,Urban (not London),3.25000000885e-05,8.06924890639e-06,4.42044574811e-06
2016,Scotland,2,7.4,90,LPG LGV,Urban (not London),4.34172070527e-05,1.12925581561e-05,6.13173506281e-06
2016,Scotland,2,7.4,90,Motorcycle,Urban (not London),9.47679509409e-05,4.70722125101e-06,2.97714359476e-06
2016,Scotland,2,7.4,90,Petrol Car,Urban (not London),0.000206449985853,8.06924890639e-06,4.42044574811e-06
2016,Scotland,2,7.4,90,Plug-In Hybrid Petrol Cars,Urban (not London),0.000694154470693,8.03782131698e-06,4.39058976553e-06
2016,Scotland,2,7.4,90,Plug-In Hybrid Petrol LGV,Urban (not London),0.000850632844958,1.13819187391e-05,6.21662775302e-06
2016,Scotland,2,7.4,90,Rigid HGV,Urban (not London),0.00164850824513,6.55959229334e-05,4.86889221065e-05
2016,Scotland,2,7.4,100,Artic HGV,Urban (not London),0.0022643036209,9.61483237916e-05,7.60862894822e-05
2016,Scotland,2,7.4,100,B100 Artic HGV,Urban (not London),0.002490733983,6.96498827892e-05,5.09127748956e-05
2016,Scotland,2,7.4,100,B100 Bus,Urban (not London),0.00178868067451,4.91158425575e-05,3.26606786984e-05
2016,Scotland,2,7.4,100,B100 Coach,Urban (not London),0.00212302268483,3.8504927943e-05,2.25803087233e-05
2016,Scotland,2,7.4,100,B100 Rigid HGV,Urban (not London),0.00181335909292,4.9916732678e-05,3.37936871802e-05
2016,Scotland,2,7.4,100,Battery EV Cars,Urban (not London),0.0,7.75497937866e-06,4.12188956034e-06
2016,Scotland,2,7.4,100,Battery EV LGV,Urban (not London),0.0,1.09782886284e-05,5.83317932978e-06
2016,Scotland,2,7.4,100,Biogas Bus,Urban (not London),0.00069444446126,3.27659035975e-05,1.71282354131e-05
2016,Scotland,2,7.4,100,Biomethane Bus,Urban (not London),0.00069444446126,3.27659035975e-05,1.71282354131e-05
2016,Scotland,2,7.4,100,Bus and Coach,Urban (not London),0.00171117857099,6.32356968708e-05,4.60745395685e-05
2016,Scotland,2,7.4,100,CNG Bus,Urban (not London),0.00069444446126,3.27659035975e-05,1.71282354131e-05
2016,Scotland,2,7.4,100,Diesel Car,Urban (not London),0.00018713955069,1.86085035239e-05,1.44327368616e-05
2016,Scotland,2,7.4,100,E85 Bioethanol Cars,Urban (not London),0.000221732785576,8.00639463705e-06,4.36073423771e-06
2016,Scotland,2,7.4,100,E85 Bioethanol LGV,Urban (not London),0.000244830036536,1.12297038868e-05,6.07202400715e-06
2016,Scotland,2,7.4,100,FCEV Bus,Urban (not London),0.0,3.13770142384e-05,1.58087914315e-05
2016,Scotland,2,7.4,100,FCEV Cars,Urban (not London),0.0,7.75497937866e-06,4.12188956034e-06
2016,Scotland,2,7.4,100,FCEV LGV,Urban (not London),0.0,1.09782886284e-05,5.83317932978e-06
2016,Scotland,2,7.4,100,Full Hybrid Diesel Cars,Urban (not London),0.000150619103806,1.43697388921e-05,1.04059117803e-05
2016,Scotland,2,7.4,100,Full Hybrid Petrol Cars,Urban (not London),0.000754952663556,8.06924890639e-06,4.42044574811e-06
2016,Scotland,2,7.4,100,Full Hybrid Petrol LGV,Urban (not London),1.15293833005e-05,1.11751205623e-05,6.02016962148e-06
2016,Scotland,2,7.4,100,Hybrid Bus,Urban (not London),0.000455785368104,3.96194227505e-05,2.36390787904e-05
2016,Scotland,2,7.4,100,LGV,Urban (not London),0.00033970142249,4.17519440816e-05,3.50681548298e-05
2016,Scotland,2,7.4,100,LPG Cars,Urban (not London),3.25000000885e-05,8.06924890639e-06,4.42044574811e-06
2016,Scotland,2,7.4,100,LPG LGV,Urban (not London),4.87579163746e-05,1.12925581561e-05,6.13173506281e-06
2016,Scotland,2,7.4,100,Motorcycle,Urban (not London),0.000115404640383,4.70722125101e-06,2.97714359476e-06
2016,Scotland,2,7.4,100,Petrol Car,Urban (not London),0.000221732785576,8.06924890639e-06,4.42044574811e-06
2016,Scotland,2,7.4,100,Plug-In Hybrid Petrol Cars,Urban (not London),0.000754952663556,8.03782131698e-06,4.39058976553e-06
2016,Scotland,2,7.4,100,Plug-In Hybrid Petrol LGV,Urban (not London),0.000897733261809,1.14650838441e-05,6.29563464827e-06
2016,Scotland,2,7.4,100,Rigid HGV,Urban (not London),0.00164850824513,6.55959229334e-05,4.86889221065e-05
2016,Scotland,2,7.4,110,Artic HGV,Urban (not London),0.0022643036209,9.61483237916e-05,7.60862894822e-05
2016,Scotland,2,7.4,110,B100 Artic HGV,Urban (not London),0.002490733983,6.96498827892e-05,5.09127748956e-05
2016,Scotland,2,7.4,110,B100 Bus,Urban (not London),0.00178868067451,4.91158425575e-05,3.26606786984e-05
2016,Scotland,2,7.4,110,B100 Coach,Urban (not London),0.00210800603963,3.84115555789e-05,2.2491605705e-05
2016,Scotland,2,7.4,110,B100 Rigid HGV,Urban (not London),0.00181335909292,4.9916732678e-05,3.37936871802e-05
2016,Scotland,2,7.4,110,Battery EV Cars,Urban (not London),0.0,7.75497937866e-06,4.12188956034e-06
2016,Scotland,2,7.4,110,Battery EV LGV,Urban (not London),0.0,1.09782886284e-05,5.83317932978e-06
2016,Scotland,2,7.4,110,Biogas Bus,Urban (not London),0.00069444446126,3.27659035975e-05,1.71282354131e-05
2016,Scotland,2,7.4,110,Biomethane Bus,Urban (not London),0.00069444446126,3.27659035975e-05,1.71282354131e-05
2016,Scotland,2,7.4,110,Bus and Coach,Urban (not London),0.00170735619031,6.31307484582e-05,4.59748407593e-05
2016,Scotland,2,7.4,110,CNG Bus,Urban (not London),0.00069444446126,3.27659035975e-05,1.71282354131e-05
2016,Scotland,2,7.4,110,Diesel Car,Urban (not London),0.000214087034692,2.03373438126e-05,1.60751369549e-05
2016,Scotland,2,7.4,110,E85 Bioethanol Cars,Urban (not London),0.000237573185586,8.00639463705e-06,4.36073423771e-06
2016,Scotland,2,7.4,110,E85 Bioethanol LGV,Urban (not London),0.000262288580416,1.12297038868e-05,6.07202400715e-06
2016,Scotland,2,7.4,110,FCEV Bus,Urban (not London),0.0,3.13770142384e-05,1.58087914315e-05
2016,Scotland,2,7.4,110,FCEV Cars,Urban (not London),0.0,7.75497937866e-06,4.12188956034e-06
2016,Scotland,2,7.4,110,FCEV LGV,Urban (not London),0.0,1.09782886284e-05,5.83317932978e-06
2016,Scotland,2,7.4,110,Full Hybrid Diesel Cars,Urban (not London),0.000170342624187,1.48595891005e-05,1.08712683868e-05
2016,Scotland,2,7.4,110,Full Hybrid Petrol Cars,Urban (not London),0.000820874294732,8.06924890639e-06,4.42044574811e-06
2016,Scotland,2,7.4,110,Full Hybrid Petrol LGV,Urban (not London),1.29024547277e-05,1.11751205623e-05,6.02016962148e-06
2016,Scotland,2,7.4,110,Hybrid Bus,Urban (not London),0.000455785368104,3.96194227505e-05,2.36390787904e-05
2016,Scotland,2,7.4,110,LGV,Urban (not London),0.000389945256757,5.07417862536e-05,4.36084992543e-05
2016,Scotland,2,7.4,110,LPG Cars,Urban (not London),3.25000000885e-05,8.06924890639e-06,4.42044574811e-06
2016,Scotland,2,7.4,110,LPG LGV,Urban (not London),5.60411426704e-05,1.12925581561e-05,6.13173506281e-06
2016,Scotland,2,7.4,110,Motorcycle,Urban (not London),0.00013275197125,4.70722125101e-06,2.97714359476e-06
2016,Scotland,2,7.4,110,Petrol Car,Urban (not London),0.000237573185586,8.06924890639e-06,4.42044574811e-06
2016,Scotland,2,7.4,110,Plug-In Hybrid Petrol Cars,Urban (not London),0.000820874294732,8.03782131698e-06,4.39058976553e-06
2016,Scotland,2,7.4,110,Plug-In Hybrid Petrol LGV,Urban (not London),0.000945440493524,1.15739749162e-05,6.39908103039e-06
2016,Scotland,2,7.4,110,Rigid HGV,Urban (not London),0.00164850824513,6.55959229334e-05,4.86889221065e-05
2016,Scotland,2,7.4,120,Artic HGV,Urban (not London),0.0022643036209,9.61483237916e-05,7.60862894822e-05
2016,Scotland,2,7.4,120,B100 Artic HGV,Urban (not London),0.002490733983,6.96498827892e-05,5.09127748956e-05
2016,Scotland,2,7.4,120,B100 Bus,Urban (not London),0.00178868067451,4.91158425575e-05,3.26606786984e-05
2016,Scotland,2,7.4,120,B100 Coach,Urban (not London),0.00210800603963,3.84115555789e-05,2.2491605705e-05
2016,Scotland,2,7.4,120,B100 Rigid HGV,Urban (not London),0.00181335909292,4.9916732678e-05,3.37936871802e-05
2016,Scotland,2,7.4,120,Battery EV Cars,Urban (not London),0.0,7.75497937866e-06,4.12188956034e-06
2016,Scotland,2,7.4,120,Battery EV LGV,Urban (not London),0.0,1.09782886284e-05,5.83317932978e-06
2016,Scotland,2,7.4,120,Biogas Bus,Urban (not London),0.00069444446126,3.27659035975e-05,1.71282354131e-05
2016,Scotland,2,7.4,120,Biomethane Bus,Urban (not London),0.00069444446126,3.27659035975e-05,1.71282354131e-05
2016,Scotland,2,7.4,120,Bus and Coach,Urban (not London),0.00170735619031,6.31307484582e-05,4.59748407593e-05
2016,Scotland,2,7.4,120,CNG Bus,Urban (not London),0.00069444446126,3.27659035975e-05,1.71282354131e-05
2016,Scotland,2,7.4,120,Diesel Car,Urban (not London),0.000256386207184,2.25209187192e-05,1.81495324796e-05
2016,Scotland,2,7.4,120,E85 Bioethanol Cars,Urban (not London),0.000253993348451,8.00639463705e-06,4.36073423771e-06
2016,Scotland,2,7.4,120,E85 Bioethanol LGV,Urban (not London),0.000274516962236,1.12297038868e-05,6.07202400715e-06
2016,Scotland,2,7.4,120,FCEV Bus,Urban (not London),0.0,3.13770142384e-05,1.58087914315e-05
2016,Scotland,2,7.4,120,FCEV Cars,Urban (not London),0.0,7.75497937866e-06,4.12188956034e-06
2016,Scotland,2,7.4,120,FCEV LGV,Urban (not London),0.0,1.09782886284e-05,5.83317932978e-06
2016,Scotland,2,7.4,120,Full Hybrid Diesel Cars,Urban (not London),0.000200883136131,1.55271936819e-05,1.15054936032e-05
2016,Scotland,2,7.4,120,Full Hybrid Petrol Cars,Urban (not London),0.000891919422429,8.06924890639e-06,4.42044574811e-06
2016,Scotland,2,7.4,120,Full Hybrid Petrol LGV,Urban (not London),1.46457514347e-05,1.11751205623e-05,6.02016962148e-06
2016,Scotland,2,7.4,120,Hybrid Bus,Urban (not London),0.000455785368104,3.96194227505e-05,2.36390787904e-05
2016,Scotland,2,7.4,120,LGV,Urban (not London),0.000392871937947,5.08722187078e-05,4.37324124505e-05
2016,Scotland,2,7.4,120,LPG Cars,Urban (not London),3.25000000885e-05,8.06924890639e-06,4.42044574811e-06
2016,Scotland,2,7.4,120,LPG LGV,Urban (not London),5.71153977944e-05,1.12925581561e-05,6.13173506281e-06
2016,Scotland,2,7.4,120,Motorcycle,Urban (not London),0.000153161599883,4.70722125101e-06,2.97714359476e-06
2016,Scotland,2,7.4,120,Petrol Car,Urban (not London),0.000253993348451,8.06924890639e-06,4.42044574811e-06
2016,Scotland,2,7.4,120,Plug-In Hybrid Petrol Cars,Urban (not London),0.000891919422429,8.03782131698e-06,4.39058976553e-06
2016,Scotland,2,7.4,120,Plug-In Hybrid Petrol LGV,Urban (not London),0.000957748328801,1.17201871035e-05,6.53798269923e-06
2016,Scotland,2,7.4,120,Rigid HGV,Urban (not London),0.00164850824513,6.55959229334e-05,4.86889221065e-05
2016,Scotland,2,7.4,130,Artic HGV,Urban (not London),0.0022643036209,9.61483237916e-05,7.60862894822e-05
2016,Scotland,2,7.4,130,B100 Artic HGV,Urban (not London),0.002490733983,6.96498827892e-05,5.09127748956e-05
2016,Scotland,2,7.4,130,B100 Bus,Urban (not London),0.00178868067451,4.91158425575e-05,3.26606786984e-05
2016,Scotland,2,7.4,130,B100 Coach,Urban (not London),0.00210800603963,3.84115555789e-05,2.2491605705e-05
2016,Scotland,2,7.4,130,B100 Rigid HGV,Urban (not London),0.00181335909292,4.9916732678e-05,3.37936871802e-05
2016,Scotland,2,7.4,130,Battery EV Cars,Urban (not London),0.0,7.75497937866e-06,4.12188956034e-06
2016,Scotland,2,7.4,130,Battery EV LGV,Urban (not London),0.0,1.09782886284e-05,5.83317932978e-06
2016,Scotland,2,7.4,130,Biogas Bus,Urban (not London),0.00069444446126,3.27659035975e-05,1.71282354131e-05
2016,Scotland,2,7.4,130,Biomethane Bus,Urban (not London),0.00069444446126,3.27659035975e-05,1.71282354131e-05
2016,Scotland,2,7.4,130,Bus and Coach,Urban (not London),0.00170735619031,6.31307484582e-05,4.59748407593e-05
2016,Scotland,2,7.4,130,CNG Bus,Urban (not London),0.00069444446126,3.27659035975e-05,1.71282354131e-05
2016,Scotland,2,7.4,130,Diesel Car,Urban (not London),0.000256386207184,2.51592264249e-05,2.06559234357e-05
2016,Scotland,2,7.4,130,E85 Bioethanol Cars,Urban (not London),0.000271043885732,8.00639463705e-06,4.36073423771e-06
2016,Scotland,2,7.4,130,E85 Bioethanol LGV,Urban (not London),0.000277386541711,1.12297038868e-05,6.07202400715e-06
2016,Scotland,2,7.4,130,FCEV Bus,Urban (not London),0.0,3.13770142384e-05,1.58087914315e-05
2016,Scotland,2,7.4,130,FCEV Cars,Urban (not London),0.0,7.75497937866e-06,4.12188956034e-06
2016,Scotland,2,7.4,130,FCEV LGV,Urban (not London),0.0,1.09782886284e-05,5.83317932978e-06
2016,Scotland,2,7.4,130,Full Hybrid Diesel Cars,Urban (not London),0.000247190648224,1.63725562743e-05,1.23085874293e-05
2016,Scotland,2,7.4,130,Full Hybrid Petrol Cars,Urban (not London),0.00096808798844,8.06924890639e-06,4.42044574811e-06
2016,Scotland,2,7.4,130,Full Hybrid Petrol LGV,Urban (not London),1.47275250129e-05,1.11751205623e-05,6.02016962148e-06
2016,Scotland,2,7.4,130,Hybrid Bus,Urban (not London),0.000455785368104,3.96194227505e-05,2.36390787904e-05
2016,Scotland,2,7.4,130,LGV,Urban (not London),0.000392965797801,5.10298123118e-05,4.38821298303e-05
2016,Scotland,2,7.4,130,LPG Cars,Urban (not London),3.25000000885e-05,8.06924890639e-06,4.42044574811e-06
2016,Scotland,2,7.4,130,LPG LGV,Urban (not London),5.71153977944e-05,1.12925581561e-05,6.13173506281e-06
2016,Scotland,2,7.4,130,Motorcycle,Urban (not London),0.000177000489202,4.70722125101e-06,2.97714359476e-06
2016,Scotland,2,7.4,130,Petrol Car,Urban (not London),0.000271043885732,8.06924890639e-06,4.42044574811e-06
2016,Scotland,2,7.4,130,Plug-In Hybrid Petrol Cars,Urban (not London),0.00096808798844,8.03782131698e-06,4.39058976553e-06
2016,Scotland,2,7.4,130,Plug-In Hybrid Petrol LGV,Urban (not London),0.000970662920736,1.19205451483e-05,6.72832265991e-06
2016,Scotland,2,7.4,130,Rigid HGV,Urban (not London),0.00164850824513,6.55959229334e-05,4.86889221065e-05
2016,Scotland,2,7.4,140,Artic HGV,Urban (not London),0.0022643036209,9.61483237916e-05,7.60862894822e-05
2016,Scotland,2,7.4,140,B100 Artic HGV,Urban (not London),0.002490733983,6.96498827892e-05,5.09127748956e-05
2016,Scotland,2,7.4,140,B100 Bus,Urban (not London),0.00178868067451,4.91158425575e-05,3.26606786984e-05
2016,Scotland,2,7.4,140,B100 Coach,Urban (not London),0.00210800603963,3.84115555789e-05,2.2491605705e-05
2016,Scotland,2,7.4,140,B100 Rigid HGV,Urban (not London),0.00181335909292,4.9916732678e-05,3.37936871802e-05
2016,Scotland,2,7.4,140,Battery EV Cars,Urban (not London),0.0,7.75497937866e-06,4.12188956034e-06
2016,Scotland,2,7.4,140,Battery EV LGV,Urban (not London),0.0,1.09782886284e-05,5.83317932978e-06
2016,Scotland,2,7.4,140,Biogas Bus,Urban (not London),0.00069444446126,3.27659035975e-05,1.71282354131e-05
2016,Scotland,2,7.4,140,Biomethane Bus,Urban (not London),0.00069444446126,3.27659035975e-05,1.71282354131e-05
2016,Scotland,2,7.4,140,Bus and Coach,Urban (not London),0.00170735619031,6.31307484582e-05,4.59748407593e-05
2016,Scotland,2,7.4,140,CNG Bus,Urban (not London),0.00069444446126,3.27659035975e-05,1.71282354131e-05
2016,Scotland,2,7.4,140,Diesel Car,Urban (not London),0.000256386207184,2.51592264249e-05,2.06559234357e-05
2016,Scotland,2,7.4,140,E85 Bioethanol Cars,Urban (not London),0.000271043885732,8.00639463705e-06,4.36073423771e-06
2016,Scotland,2,7.4,140,E85 Bioethanol LGV,Urban (not London),0.000277386541711,1.12297038868e-05,6.07202400715e-06
2016,Scotland,2,7.4,140,FCEV Bus,Urban (not London),0.0,3.13770142384e-05,1.58087914315e-05
2016,Scotland,2,7.4,140,FCEV Cars,Urban (not London),0.0,7.75497937866e-06,4.12188956034e-06
2016,Scotland,2,7.4,140,FCEV LGV,Urban (not London),0.0,1.09782886284e-05,5.83317932978e-06
2016,Scotland,2,7.4,140,Full Hybrid Diesel Cars,Urban (not London),0.000247190648224,1.63725562743e-05,1.23085874293e-05
2016,Scotland,2,7.4,140,Full Hybrid Petrol Cars,Urban (not London),0.00096808798844,8.06924890639e-06,4.42044574811e-06
2016,Scotland,2,7.4,140,Full Hybrid Petrol LGV,Urban (not London),1.47275250129e-05,1.11751205623e-05,6.02016962148e-06
2016,Scotland,2,7.4,140,Hybrid Bus,Urban (not London),0.000455785368104,3.96194227505e-05,2.36390787904e-05
2016,Scotland,2,7.4,140,LGV,Urban (not London),0.000392965797801,5.10298123118e-05,4.38821298303e-05
2016,Scotland,2,7.4,140,LPG Cars,Urban (not London),3.25000000885e-05,8.06924890639e-06,4.42044574811e-06
2016,Scotland,2,7.4,140,LPG LGV,Urban (not London),5.71153977944e-05,1.12925581561e-05,6.13173506281e-06
2016,Scotland,2,7.4,140,Motorcycle,Urban (not London),0.000204734009458,4.70722125101e-06,2.97714359476e-06
2016,Scotland,2,7.4,140,Petrol Car,Urban (not London),0.000271043885732,8.06924890639e-06,4.42044574811e-06
2016,Scotland,2,7.4,140,Plug-In Hybrid Petrol Cars,Urban (not London),0.00096808798844,8.03782131698e-06,4.39058976553e-06
2016,Scotland,2,7.4,140,Plug-In Hybrid Petrol LGV,Urban (not London),0.000970662920736,1.21356997624e-05,6.9327197707e-06
2016,Scotland,2,7.4,140,Rigid HGV,Urban (not London),0.00164850824513,6.55959229334e-05,4.86889221065e-05
2016,Scotland,3,7.4,5,Artic HGV,Motorway (not London),0.00507698534057,0.000159298171639,0.000143620593008
2016,Scotland,3,7.4,5,B100 Artic HGV,Motorway (not London),0.00558468420058,9.71968038357e-05,8.46242910484e-05
2016,Scotland,3,7.4,5,B100 Bus,Motorway (not London),0.00534284953028,6.25016036793e-05,5.24924107594e-05
2016,Scotland,3,7.4,5,B100 Coach,Motorway (not London),0.00711614871398,5.18123997608e-05,4.23376659455e-05
2016,Scotland,3,7.4,5,B100 Rigid HGV,Motorway (not London),0.00354241766036,6.54296745779e-05,5.55596634513e-05
2016,Scotland,3,7.4,5,Battery EV Cars,Motorway (not London),0.0,4.0696081669e-06,2.40208009927e-06
2016,Scotland,3,7.4,5,Battery EV LGV,Motorway (not London),0.0,5.21319179825e-06,3.13913324135e-06
2016,Scotland,3,7.4,5,Biogas Bus,Motorway (not London),0.00069444446126,1.93561409105e-05,1.15042184916e-05
2016,Scotland,3,7.4,5,Biomethane Bus,Motorway (not London),0.00069444446126,1.93561409105e-05,1.15042184916e-05
2016,Scotland,3,7.4,5,Bus and Coach,Motorway (not London),0.00646922644228,0.000159893301316,0.000145014520967
2016,Scotland,3,7.4,5,CNG Bus,Motorway (not London),0.00069444446126,1.93561409105e-05,1.15042184916e-05
2016,Scotland,3,7.4,5,Diesel Car,Motorway (not London),0.000337644887622,1.23392965179e-05,1.02582844193e-05
2016,Scotland,3,7.4,5,E85 Bioethanol Cars,Motorway (not London),3.66074891645e-05,4.24215204475e-06,2.56599673776e-06
2016,Scotland,3,7.4,5,E85 Bioethanol LGV,Motorway (not London),5.39200736966e-05,5.3857356761e-06,3.30305010721e-06
2016,Scotland,3,7.4,5,FCEV Bus,Motorway (not London),0.0,1.79672515515e-05,1.018477451e-05
2016,Scotland,3,7.4,5,FCEV Cars,Motorway (not London),0.0,4.0696081669e-06,2.40208009927e-06
2016,Scotland,3,7.4,5,FCEV LGV,Motorway (not London),0.0,5.21319179825e-06,3.13913324135e-06
2016,Scotland,3,7.4,5,Full Hybrid Diesel Cars,Motorway (not London),0.00027608484379,1.42747267091e-05,1.20969425552e-05
2016,Scotland,3,7.4,5,Full Hybrid Petrol Cars,Motorway (not London),1.83037445822e-05,4.28528801422e-06,2.60697584054e-06
2016,Scotland,3,7.4,5,Full Hybrid Petrol LGV,Motorway (not London),1.35751561174e-05,5.42490988664e-06,3.34026572091e-06
2016,Scotland,3,7.4,5,Hybrid Bus,Motorway (not London),0.00397092988715,3.7766447349e-05,2.89940089715e-05
2016,Scotland,3,7.4,5,LGV,Motorway (not London),0.000389676279156,2.61895875155e-05,2.30667101278e-05
2016,Scotland,3,7.4,5,LPG Cars,Motorway (not London),2.1111110982e-05,4.28132671004e-06,2.60321235146e-06
2016,Scotland,3,7.4,5,LPG LGV,Motorway (not London),4.33132554463e-05,5.42490988664e-06,3.34026572091e-06
2016,Scotland,3,7.4,5,Motorcycle,Motorway (not London),2.98505856335e-05,2.54074529948e-06,1.79528831268e-06
2016,Scotland,3,7.4,5,Petrol Car,Motorway (not London),3.66074891645e-05,4.28528801422e-06,2.60697584054e-06
2016,Scotland,3,7.4,5,Plug-In Hybrid Petrol Cars,Motorway (not London),4.35792571807e-05,4.12286863138e-06,2.4526773359e-06
2016,Scotland,3,7.4,5,Plug-In Hybrid Petrol LGV,Motorway (not London),8.46194088808e-05,5.23437302036e-06,3.15925581162e-06
2016,Scotland,3,7.4,5,Rigid HGV,Motorway (not London),0.00322037981823,0.000105186045403,9.3328220828e-05
2016,Scotland,3,7.4,6,Artic HGV,Motorway (not London),0.00507698534057,0.000159298171639,0.000143620593008
2016,Scotland,3,7.4,6,B100 Artic HGV,Motorway (not London),0.00558468420058,9.71968038357e-05,8.46242910484e-05
2016,Scotland,3,7.4,6,B100 Bus,Motorway (not London),0.00534284953028,6.25016036793e-05,5.24924107594e-05
2016,Scotland,3,7.4,6,B100 Coach,Motorway (not London),0.00711614871398,5.18123997608e-05,4.23376659455e-05
2016,Scotland,3,7.4,6,B100 Rigid HGV,Motorway (not London),0.00354241766036,6.54296745779e-05,5.55596634513e-05
2016,Scotland,3,7.4,6,Battery EV Cars,Motorway (not London),0.0,4.0696081669e-06,2.40208009927e-06
2016,Scotland,3,7.4,6,Battery EV LGV,Motorway (not London),0.0,5.21319179825e-06,3.13913324135e-06
2016,Scotland,3,7.4,6,Biogas Bus,Motorway (not London),0.00069444446126,1.93561409105e-05,1.15042184916e-05
2016,Scotland,3,7.4,6,Biomethane Bus,Motorway (not London),0.00069444446126,1.93561409105e-05,1.15042184916e-05
2016,Scotland,3,7.4,6,Bus and Coach,Motorway (not London),0.00646922644228,0.000159893301316,0.000145014520967
2016,Scotland,3,7.4,6,CNG Bus,Motorway (not London),0.00069444446126,1.93561409105e-05,1.15042184916e-05
2016,Scotland,3,7.4,6,Diesel Car,Motorway (not London),0.000337644887622,1.23392965179e-05,1.02582844193e-05
2016,Scotland,3,7.4,6,E85 Bioethanol Cars,Motorway (not London),3.64797015209e-05,4.24215204475e-06,2.56599673776e-06
2016,Scotland,3,7.4,6,E85 Bioethanol LGV,Motorway (not London),5.3895128076e-05,5.3857356761e-06,3.30305010721e-06
2016,Scotland,3,7.4,6,FCEV Bus,Motorway (not London),0.0,1.79672515515e-05,1.018477451e-05
2016,Scotland,3,7.4,6,FCEV Cars,Motorway (not London),0.0,4.0696081669e-06,2.40208009927e-06
2016,Scotland,3,7.4,6,FCEV LGV,Motorway (not London),0.0,5.21319179825e-06,3.13913324135e-06
2016,Scotland,3,7.4,6,Full Hybrid Diesel Cars,Motorway (not London),0.00027608484379,1.42747267091e-05,1.20969425552e-05
2016,Scotland,3,7.4,6,Full Hybrid Petrol Cars,Motorway (not London),1.82398507604e-05,4.28528801422e-06,2.60697584054e-06
2016,Scotland,3,7.4,6,Full Hybrid Petrol LGV,Motorway (not London),1.35213149406e-05,5.42490988664e-06,3.34026572091e-06
2016,Scotland,3,7.4,6,Hybrid Bus,Motorway (not London),0.00343760405667,3.7766447349e-05,2.89940089715e-05
2016,Scotland,3,7.4,6,LGV,Motorway (not London),0.000389675464248,2.61895875155e-05,2.30667101278e-05
2016,Scotland,3,7.4,6,LPG Cars,Motorway (not London),2.1111110982e-05,4.28132671004e-06,2.60321235146e-06
2016,Scotland,3,7.4,6,LPG LGV,Motorway (not London),4.33132554463e-05,5.42490988664e-06,3.34026572091e-06
2016,Scotland,3,7.4,6,Motorcycle,Motorway (not London),2.98505856335e-05,2.54074529948e-06,1.79528831268e-06
2016,Scotland,3,7.4,6,Petrol Car,Motorway (not London),3.64797015209e-05,4.28528801422e-06,2.60697584054e-06
2016,Scotland,3,7.4,6,Plug-In Hybrid Petrol Cars,Motorway (not London),4.35792571807e-05,4.12286863138e-06,2.4526773359e-06
2016,Scotland,3,7.4,6,Plug-In Hybrid Petrol LGV,Motorway (not London),8.46194088808e-05,5.23373819306e-06,3.15865236189e-06
2016,Scotland,3,7.4,6,Rigid HGV,Motorway (not London),0.00322037981823,0.000105186045403,9.3328220828e-05
2016,Scotland,3,7.4,7,Artic HGV,Motorway (not London),0.00507698534057,0.000159298171639,0.000143620593008
2016,Scotland,3,7.4,7,B100 Artic HGV,Motorway (not London),0.00558468420058,9.71968038357e-05,8.46242910484e-05
2016,Scotland,3,7.4,7,B100 Bus,Motorway (not London),0.00534284953028,6.25016036793e-05,5.24924107594e-05
2016,Scotland,3,7.4,7,B100 Coach,Motorway (not London),0.00711614871398,5.18123997608e-05,4.23376659455e-05
2016,Scotland,3,7.4,7,B100 Rigid HGV,Motorway (not London),0.00354241766036,6.54296745779e-05,5.55596634513e-05
2016,Scotland,3,7.4,7,Battery EV Cars,Motorway (not London),0.0,4.0696081669e-06,2.40208009927e-06
2016,Scotland,3,7.4,7,Battery EV LGV,Motorway (not London),0.0,5.21319179825e-06,3.13913324135e-06
2016,Scotland,3,7.4,7,Biogas Bus,Motorway (not London),0.00069444446126,1.93561409105e-05,1.15042184916e-05
2016,Scotland,3,7.4,7,Biomethane Bus,Motorway (not London),0.00069444446126,1.93561409105e-05,1.15042184916e-05
2016,Scotland,3,7.4,7,Bus and Coach,Motorway (not London),0.00646922644228,0.000159893301316,0.000145014520967
2016,Scotland,3,7.4,7,CNG Bus,Motorway (not London),0.00069444446126,1.93561409105e-05,1.15042184916e-05
2016,Scotland,3,7.4,7,Diesel Car,Motorway (not London),0.000337644887622,1.23392965179e-05,1.02582844193e-05
2016,Scotland,3,7.4,7,E85 Bioethanol Cars,Motorway (not London),3.63508333976e-05,4.24215204475e-06,2.56599673776e-06
2016,Scotland,3,7.4,7,E85 Bioethanol LGV,Motorway (not London),5.38699678145e-05,5.3857356761e-06,3.30305010721e-06
2016,Scotland,3,7.4,7,FCEV Bus,Motorway (not London),0.0,1.79672515515e-05,1.018477451e-05
2016,Scotland,3,7.4,7,FCEV Cars,Motorway (not London),0.0,4.0696081669e-06,2.40208009927e-06
2016,Scotland,3,7.4,7,FCEV LGV,Motorway (not London),0.0,5.21319179825e-06,3.13913324135e-06
2016,Scotland,3,7.4,7,Full Hybrid Diesel Cars,Motorway (not London),0.00027608484379,1.42747267091e-05,1.20969425552e-05
2016,Scotland,3,7.4,7,Full Hybrid Petrol Cars,Motorway (not London),1.81754166988e-05,4.28528801422e-06,2.60697584054e-06
2016,Scotland,3,7.4,7,Full Hybrid Petrol LGV,Motorway (not London),1.34679821713e-05,5.42490988664e-06,3.34026572091e-06
2016,Scotland,3,7.4,7,Hybrid Bus,Motorway (not London),0.00304097239859,3.7766447349e-05,2.89940089715e-05
2016,Scotland,3,7.4,7,LGV,Motorway (not London),0.000389674620237,2.61895875155e-05,2.30667101278e-05
2016,Scotland,3,7.4,7,LPG Cars,Motorway (not London),2.1111110982e-05,4.28132671004e-06,2.60321235146e-06
2016,Scotland,3,7.4,7,LPG LGV,Motorway (not London),4.33132554463e-05,5.42490988664e-06,3.34026572091e-06
2016,Scotland,3,7.4,7,Motorcycle,Motorway (not London),2.98505856335e-05,2.54074529948e-06,1.79528831268e-06
2016,Scotland,3,7.4,7,Petrol Car,Motorway (not London),3.63508333976e-05,4.28528801422e-06,2.60697584054e-06
2016,Scotland,3,7.4,7,Plug-In Hybrid Petrol Cars,Motorway (not London),4.35792571807e-05,4.12286863138e-06,2.4526773359e-06
2016,Scotland,3,7.4,7,Plug-In Hybrid Petrol LGV,Motorway (not London),8.46194088808e-05,5.23303015143e-06,3.15798001793e-06
2016,Scotland,3,7.4,7,Rigid HGV,Motorway (not London),0.00322037981823,0.000105186045403,9.3328220828e-05
2016,Scotland,3,7.4,8,Artic HGV,Motorway (not London),0.00507698534057,0.000159298171639,0.000143620593008
2016,Scotland,3,7.4,8,B100 Artic HGV,Motorway (not London),0.00558468420058,9.71968038357e-05,8.46242910484e-05
2016,Scotland,3,7.4,8,B100 Bus,Motorway (not London),0.00534284953028,6.25016036793e-05,5.24924107594e-05
2016,Scotland,3,7.4,8,B100 Coach,Motorway (not London),0.00711614871398,5.18123997608e-05,4.23376659455e-05
2016,Scotland,3,7.4,8,B100 Rigid HGV,Motorway (not London),0.00354241766036,6.54296745779e-05,5.55596634513e-05
2016,Scotland,3,7.4,8,Battery EV Cars,Motorway (not London),0.0,4.0696081669e-06,2.40208009927e-06
2016,Scotland,3,7.4,8,Battery EV LGV,Motorway (not London),0.0,5.21319179825e-06,3.13913324135e-06
2016,Scotland,3,7.4,8,Biogas Bus,Motorway (not London),0.00069444446126,1.93561409105e-05,1.15042184916e-05
2016,Scotland,3,7.4,8,Biomethane Bus,Motorway (not London),0.00069444446126,1.93561409105e-05,1.15042184916e-05
2016,Scotland,3,7.4,8,Bus and Coach,Motorway (not London),0.00646922644228,0.000159893301316,0.000145014520967
2016,Scotland,3,7.4,8,CNG Bus,Motorway (not London),0.00069444446126,1.93561409105e-05,1.15042184916e-05
2016,Scotland,3,7.4,8,Diesel Car,Motorway (not London),0.000337644887622,1.23392965179e-05,1.02582844193e-05
2016,Scotland,3,7.4,8,E85 Bioethanol Cars,Motorway (not London),3.62208738807e-05,4.24215204475e-06,2.56599673776e-06
2016,Scotland,3,7.4,8,E85 Bioethanol LGV,Motorway (not London),5.38445965503e-05,5.3857356761e-06,3.30305010721e-06
2016,Scotland,3,7.4,8,FCEV Bus,Motorway (not London),0.0,1.79672515515e-05,1.018477451e-05
2016,Scotland,3,7.4,8,FCEV Cars,Motorway (not London),0.0,4.0696081669e-06,2.40208009927e-06
2016,Scotland,3,7.4,8,FCEV LGV,Motorway (not London),0.0,5.21319179825e-06,3.13913324135e-06
2016,Scotland,3,7.4,8,Full Hybrid Diesel Cars,Motorway (not London),0.00027608484379,1.42747267091e-05,1.20969425552e-05
2016,Scotland,3,7.4,8,Full Hybrid Petrol Cars,Motorway (not London),1.81104369403e-05,4.28528801422e-06,2.60697584054e-06
2016,Scotland,3,7.4,8,Full Hybrid Petrol LGV,Motorway (not London),1.3415158719e-05,5.42490988664e-06,3.34026572091e-06
2016,Scotland,3,7.4,8,Hybrid Bus,Motorway (not London),0.00274155149236,3.7766447349e-05,2.89940089715e-05
2016,Scotland,3,7.4,8,LGV,Motorway (not London),0.00038967380533,2.61895875155e-05,2.30667101278e-05
2016,Scotland,3,7.4,8,LPG Cars,Motorway (not London),2.1111110982e-05,4.28132671004e-06,2.60321235146e-06
2016,Scotland,3,7.4,8,LPG LGV,Motorway (not London),4.33132554463e-05,5.42490988664e-06,3.34026572091e-06
2016,Scotland,3,7.4,8,Motorcycle,Motorway (not London),2.98505856335e-05,2.54074529948e-06,1.79528831268e-06
2016,Scotland,3,7.4,8,Petrol Car,Motorway (not London),3.62208738807e-05,4.28528801422e-06,2.60697584054e-06
2016,Scotland,3,7.4,8,Plug-In Hybrid Petrol Cars,Motorway (not London),4.35792571807e-05,4.12286863138e-06,2.4526773359e-06
2016,Scotland,3,7.4,8,Plug-In Hybrid Petrol LGV,Motorway (not London),8.46194088808e-05,5.23238622918e-06,3.15736838274e-06
2016,Scotland,3,7.4,8,Rigid HGV,Motorway (not London),0.00322037981823,0.000105186045403,9.3328220828e-05
2016,Scotland,3,7.4,9,Artic HGV,Motorway (not London),0.00507698534057,0.000159298171639,0.000143620593008
2016,Scotland,3,7.4,9,B100 Artic HGV,Motorway (not London),0.00558468420058,9.71968038357e-05,8.46242910484e-05
2016,Scotland,3,7.4,9,B100 Bus,Motorway (not London),0.00534284953028,6.25016036793e-05,5.24924107594e-05
2016,Scotland,3,7.4,9,B100 Coach,Motorway (not London),0.00711614871398,5.18123997608e-05,4.23376659455e-05
2016,Scotland,3,7.4,9,B100 Rigid HGV,Motorway (not London),0.00354241766036,6.54296745779e-05,5.55596634513e-05
2016,Scotland,3,7.4,9,Battery EV Cars,Motorway (not London),0.0,4.0696081669e-06,2.40208009927e-06
2016,Scotland,3,7.4,9,Battery EV LGV,Motorway (not London),0.0,5.21319179825e-06,3.13913324135e-06
2016,Scotland,3,7.4,9,Biogas Bus,Motorway (not London),0.00069444446126,1.93561409105e-05,1.15042184916e-05
2016,Scotland,3,7.4,9,Biomethane Bus,Motorway (not London),0.00069444446126,1.93561409105e-05,1.15042184916e-05
2016,Scotland,3,7.4,9,Bus and Coach,Motorway (not London),0.00646922644228,0.000159893301316,0.000145014520967
2016,Scotland,3,7.4,9,CNG Bus,Motorway (not London),0.00069444446126,1.93561409105e-05,1.15042184916e-05
2016,Scotland,3,7.4,9,Diesel Car,Motorway (not London),0.000337644887622,1.23392965179e-05,1.02582844193e-05
2016,Scotland,3,7.4,9,E85 Bioethanol Cars,Motorway (not London),3.60898193321e-05,4.24215204475e-06,2.56599673776e-06
2016,Scotland,3,7.4,9,E85 Bioethanol LGV,Motorway (not London),5.38190106454e-05,5.3857356761e-06,3.30305010721e-06
2016,Scotland,3,7.4,9,FCEV Bus,Motorway (not London),0.0,1.79672515515e-05,1.018477451e-05
2016,Scotland,3,7.4,9,FCEV Cars,Motorway (not London),0.0,4.0696081669e-06,2.40208009927e-06
2016,Scotland,3,7.4,9,FCEV LGV,Motorway (not London),0.0,5.21319179825e-06,3.13913324135e-06
2016,Scotland,3,7.4,9,Full Hybrid Diesel Cars,Motorway (not London),0.00027608484379,1.42747267091e-05,1.20969425552e-05
2016,Scotland,3,7.4,9,Full Hybrid Petrol Cars,Motorway (not London),1.80449096661e-05,4.28528801422e-06,2.60697584054e-06
2016,Scotland,3,7.4,9,Full Hybrid Petrol LGV,Motorway (not London),1.33628445838e-05,5.42490988664e-06,3.34026572091e-06
2016,Scotland,3,7.4,9,Hybrid Bus,Motorway (not London),0.00250743003562,3.7766447349e-05,2.89940089715e-05
2016,Scotland,3,7.4,9,LGV,Motorway (not London),0.000389672961319,2.61895875155e-05,2.30667101278e-05
2016,Scotland,3,7.4,9,LPG Cars,Motorway (not London),2.1111110982e-05,4.28132671004e-06,2.60321235146e-06
2016,Scotland,3,7.4,9,LPG LGV,Motorway (not London),4.33132554463e-05,5.42490988664e-06,3.34026572091e-06
2016,Scotland,3,7.4,9,Motorcycle,Motorway (not London),2.98505856335e-05,2.54074529948e-06,1.79528831268e-06
2016,Scotland,3,7.4,9,Petrol Car,Motorway (not London),3.60898193321e-05,4.28528801422e-06,2.60697584054e-06
2016,Scotland,3,7.4,9,Plug-In Hybrid Petrol Cars,Motorway (not London),4.35792571807e-05,4.12286863138e-06,2.4526773359e-06
2016,Scotland,3,7.4,9,Plug-In Hybrid Petrol LGV,Motorway (not London),8.46194088808e-05,5.23184007761e-06,3.15684928864e-06
2016,Scotland,3,7.4,9,Rigid HGV,Motorway (not London),0.00322037981823,0.000105186045403,9.3328220828e-05
2016,Scotland,3,7.4,10,Artic HGV,Motorway (not London),0.00507698534057,0.000159298171639,0.000143620593008
2016,Scotland,3,7.4,10,B100 Artic HGV,Motorway (not London),0.00558468420058,9.71968038357e-05,8.46242910484e-05
2016,Scotland,3,7.4,10,B100 Bus,Motorway (not London),0.00534284953028,6.25016036793e-05,5.24924107594e-05
2016,Scotland,3,7.4,10,B100 Coach,Motorway (not London),0.00711614871398,5.18123997608e-05,4.23376659455e-05
2016,Scotland,3,7.4,10,B100 Rigid HGV,Motorway (not London),0.00354241766036,6.54296745779e-05,5.55596634513e-05
2016,Scotland,3,7.4,10,Battery EV Cars,Motorway (not London),0.0,4.0696081669e-06,2.40208009927e-06
2016,Scotland,3,7.4,10,Battery EV LGV,Motorway (not London),0.0,5.21319179825e-06,3.13913324135e-06
2016,Scotland,3,7.4,10,Biogas Bus,Motorway (not London),0.00069444446126,1.93561409105e-05,1.15042184916e-05
2016,Scotland,3,7.4,10,Biomethane Bus,Motorway (not London),0.00069444446126,1.93561409105e-05,1.15042184916e-05
2016,Scotland,3,7.4,10,Bus and Coach,Motorway (not London),0.00646922644228,0.000159893301316,0.000145014520967
2016,Scotland,3,7.4,10,CNG Bus,Motorway (not London),0.00069444446126,1.93561409105e-05,1.15042184916e-05
2016,Scotland,3,7.4,10,Diesel Car,Motorway (not London),0.000337644887622,1.23392965179e-05,1.02582844193e-05
2016,Scotland,3,7.4,10,E85 Bioethanol Cars,Motorway (not London),3.5957662476e-05,4.24215204475e-06,2.56599673776e-06
2016,Scotland,3,7.4,10,E85 Bioethanol LGV,Motorway (not London),5.37932100997e-05,5.3857356761e-06,3.30305010721e-06
2016,Scotland,3,7.4,10,FCEV Bus,Motorway (not London),0.0,1.79672515515e-05,1.018477451e-05
2016,Scotland,3,7.4,10,FCEV Cars,Motorway (not London),0.0,4.0696081669e-06,2.40208009927e-06
2016,Scotland,3,7.4,10,FCEV LGV,Motorway (not London),0.0,5.21319179825e-06,3.13913324135e-06
2016,Scotland,3,7.4,10,Full Hybrid Diesel Cars,Motorway (not London),0.00027608484379,1.42747267091e-05,1.20969425552e-05
2016,Scotland,3,7.4,10,Full Hybrid Petrol Cars,Motorway (not London),1.7978831238e-05,4.28528801422e-06,2.60697584054e-06
2016,Scotland,3,7.4,10,Full Hybrid Petrol LGV,Motorway (not London),1.3311038856e-05,5.42490988664e-06,3.34026572091e-06
2016,Scotland,3,7.4,10,Hybrid Bus,Motorway (not London),0.00231695338152,3.7766447349e-05,2.89940089715e-05
2016,Scotland,3,7.4,10,LGV,Motorway (not London),0.000389672117308,2.61895875155e-05,2.30667101278e-05
2016,Scotland,3,7.4,10,LPG Cars,Motorway (not London),2.1111110982e-05,4.28132671004e-06,2.60321235146e-06
2016,Scotland,3,7.4,10,LPG LGV,Motorway (not London),4.33132554463e-05,5.42490988664e-06,3.34026572091e-06
2016,Scotland,3,7.4,10,Motorcycle,Motorway (not London),2.98505856335e-05,2.54074529948e-06,1.79528831268e-06
2016,Scotland,3,7.4,10,Petrol Car,Motorway (not London),3.5957662476e-05,4.28528801422e-06,2.60697584054e-06
2016,Scotland,3,7.4,10,Plug-In Hybrid Petrol Cars,Motorway (not London),4.35792571807e-05,4.12286863138e-06,2.4526773359e-06
2016,Scotland,3,7.4,10,Plug-In Hybrid Petrol LGV,Motorway (not London),8.46194088808e-05,5.23139169673e-06,3.15642341775e-06
2016,Scotland,3,7.4,10,Rigid HGV,Motorway (not London),0.00322037981823,0.000105186045403,9.3328220828e-05
2016,Scotland,3,7.4,12,Artic HGV,Motorway (not London),0.00507698534057,0.000159298171639,0.000143620593008
2016,Scotland,3,7.4,12,B100 Artic HGV,Motorway (not London),0.00558468420058,9.71968038357e-05,8.46242910484e-05
2016,Scotland,3,7.4,12,B100 Bus,Motorway (not London),0.00492443563417,5.98320111749e-05,4.99562920595e-05
2016,Scotland,3,7.4,12,B100 Coach,Motorway (not London),0.00711614871398,4.98055705975e-05,4.04311795137e-05
2016,Scotland,3,7.4,12,B100 Rigid HGV,Motorway (not London),0.00354241766036,6.54296745779e-05,5.55596634513e-05
2016,Scotland,3,7.4,12,Battery EV Cars,Motorway (not London),0.0,4.0696081669e-06,2.40208009927e-06
2016,Scotland,3,7.4,12,Battery EV LGV,Motorway (not London),0.0,5.21319179825e-06,3.13913324135e-06
2016,Scotland,3,7.4,12,Biogas Bus,Motorway (not London),0.00069444446126,1.93561409105e-05,1.15042184916e-05
2016,Scotland,3,7.4,12,Biomethane Bus,Motorway (not London),0.00069444446126,1.93561409105e-05,1.15042184916e-05
2016,Scotland,3,7.4,12,Bus and Coach,Motorway (not London),0.00646922644228,0.000159893301316,0.000145014520967
2016,Scotland,3,7.4,12,CNG Bus,Motorway (not London),0.00069444446126,1.93561409105e-05,1.15042184916e-05
2016,Scotland,3,7.4,12,Diesel Car,Motorway (not London),0.00031211937312,1.20727027024e-05,1.00050192486e-05
2016,Scotland,3,7.4,12,E85 Bioethanol Cars,Motorway (not London),3.57387325494e-05,4.24215204475e-06,2.56599673776e-06
2016,Scotland,3,7.4,12,E85 Bioethanol LGV,Motorway (not London),5.2824310842e-05,5.3857356761e-06,3.30305010721e-06
2016,Scotland,3,7.4,12,FCEV Bus,Motorway (not London),0.0,1.79672515515e-05,1.018477451e-05
2016,Scotland,3,7.4,12,FCEV Cars,Motorway (not London),0.0,4.0696081669e-06,2.40208009927e-06
2016,Scotland,3,7.4,12,FCEV LGV,Motorway (not London),0.0,5.21319179825e-06,3.13913324135e-06
2016,Scotland,3,7.4,12,Full Hybrid Diesel Cars,Motorway (not London),0.000260619359324,1.40385163832e-05,1.1872542018e-05
2016,Scotland,3,7.4,12,Full Hybrid Petrol Cars,Motorway (not London),1.78693662747e-05,4.28528801422e-06,2.60697584054e-06
2016,Scotland,3,7.4,12,Full Hybrid Petrol LGV,Motorway (not London),1.29564023155e-05,5.42490988664e-06,3.34026572091e-06
2016,Scotland,3,7.4,12,Hybrid Bus,Motorway (not London),0.00201882841066,3.57366188837e-05,2.70656746579e-05
2016,Scotland,3,7.4,12,LGV,Motorway (not London),0.000376850686735,2.5103930966e-05,2.203533586e-05
2016,Scotland,3,7.4,12,LPG Cars,Motorway (not London),2.1111110982e-05,4.28132671004e-06,2.60321235146e-06
2016,Scotland,3,7.4,12,LPG LGV,Motorway (not London),4.17036935687e-05,5.42490988664e-06,3.34026572091e-06
2016,Scotland,3,7.4,12,Motorcycle,Motorway (not London),2.78266616078e-05,2.54074529948e-06,1.79528831268e-06
2016,Scotland,3,7.4,12,Petrol Car,Motorway (not London),3.57387325494e-05,4.28528801422e-06,2.60697584054e-06
2016,Scotland,3,7.4,12,Plug-In Hybrid Petrol Cars,Motorway (not London),4.39739524154e-05,4.12286863138e-06,2.4526773359e-06
2016,Scotland,3,7.4,12,Plug-In Hybrid Petrol LGV,Motorway (not London),8.60859145178e-05,5.23036760569e-06,3.15545048579e-06
2016,Scotland,3,7.4,12,Rigid HGV,Motorway (not London),0.00322037981823,0.000105186045403,9.3328220828e-05
2016,Scotland,3,7.4,14,Artic HGV,Motorway (not London),0.00464834924787,0.000142992779729,0.000128130472149
2016,Scotland,3,7.4,14,B100 Artic HGV,Motorway (not London),0.00511318445206,8.82288368302e-05,7.61047267588e-05
2016,Scotland,3,7.4,14,B100 Bus,Motorway (not London),0.00428952975199,5.55183505639e-05,4.58583199361e-05
2016,Scotland,3,7.4,14,B100 Coach,Motorway (not London),0.00614706799388,4.62252646685e-05,3.70298876078e-05
2016,Scotland,3,7.4,14,B100 Rigid HGV,Motorway (not London),0.00320052960888,5.97670186835e-05,5.01801405335e-05
2016,Scotland,3,7.4,14,Battery EV Cars,Motorway (not London),0.0,4.0696081669e-06,2.40208009927e-06
2016,Scotland,3,7.4,14,Battery EV LGV,Motorway (not London),0.0,5.21319179825e-06,3.13913324135e-06
2016,Scotland,3,7.4,14,Biogas Bus,Motorway (not London),0.00069444446126,1.93561409105e-05,1.15042184916e-05
2016,Scotland,3,7.4,14,Biomethane Bus,Motorway (not London),0.00069444446126,1.93561409105e-05,1.15042184916e-05
2016,Scotland,3,7.4,14,Bus and Coach,Motorway (not London),0.00558824371547,0.000143564815517,0.00012950245582
2016,Scotland,3,7.4,14,CNG Bus,Motorway (not London),0.00069444446126,1.93561409105e-05,1.15042184916e-05
2016,Scotland,3,7.4,14,Diesel Car,Motorway (not London),0.000292108335998,1.1818454368e-05,9.7634829217e-06
2016,Scotland,3,7.4,14,E85 Bioethanol Cars,Motorway (not London),3.55181146006e-05,4.24215204475e-06,2.56599673776e-06
2016,Scotland,3,7.4,14,E85 Bioethanol LGV,Motorway (not London),5.18973283761e-05,5.3857356761e-06,3.30305010721e-06
2016,Scotland,3,7.4,14,FCEV Bus,Motorway (not London),0.0,1.79672515515e-05,1.018477451e-05
2016,Scotland,3,7.4,14,FCEV Cars,Motorway (not London),0.0,4.0696081669e-06,2.40208009927e-06
2016,Scotland,3,7.4,14,FCEV LGV,Motorway (not London),0.0,5.21319179825e-06,3.13913324135e-06
2016,Scotland,3,7.4,14,Full Hybrid Diesel Cars,Motorway (not London),0.000248000113061,1.38094155773e-05,1.16548972073e-05
2016,Scotland,3,7.4,14,Full Hybrid Petrol Cars,Motorway (not London),1.77590573003e-05,4.28528801422e-06,2.60697584054e-06
2016,Scotland,3,7.4,14,Full Hybrid Petrol LGV,Motorway (not London),1.261419402e-05,5.42490988664e-06,3.34026572091e-06
2016,Scotland,3,7.4,14,Hybrid Bus,Motorway (not London),0.00179031398147,3.41638224199e-05,2.55715149251e-05
2016,Scotland,3,7.4,14,LGV,Motorway (not London),0.000364769686712,2.40684457822e-05,2.10516245716e-05
2016,Scotland,3,7.4,14,LPG Cars,Motorway (not London),2.1111110982e-05,4.28132671004e-06,2.60321235146e-06
2016,Scotland,3,7.4,14,LPG LGV,Motorway (not London),4.02380755986e-05,5.42490988664e-06,3.34026572091e-06
2016,Scotland,3,7.4,14,Motorcycle,Motorway (not London),2.59589378402e-05,2.54074529948e-06,1.79528831268e-06
2016,Scotland,3,7.4,14,Petrol Car,Motorway (not London),3.55181146006e-05,4.28528801422e-06,2.60697584054e-06
2016,Scotland,3,7.4,14,Plug-In Hybrid Petrol Cars,Motorway (not London),4.43914141215e-05,4.12286863138e-06,2.4526773359e-06
2016,Scotland,3,7.4,14,Plug-In Hybrid Petrol LGV,Motorway (not London),8.75659025041e-05,5.22965819982e-06,3.15477655022e-06
2016,Scotland,3,7.4,14,Rigid HGV,Motorway (not London),0.00290957232937,9.48903107201e-05,8.35472674225e-05
2016,Scotland,3,7.4,16,Artic HGV,Motorway (not London),0.00430886726826,0.000130533910124,0.000116294540931
2016,Scotland,3,7.4,16,B100 Artic HGV,Motorway (not London),0.00473975390196,8.13764490886e-05,6.95949638612e-05
2016,Scotland,3,7.4,16,B100 Bus,Motorway (not London),0.00382941099815,5.21798720001e-05,4.26867627539e-05
2016,Scotland,3,7.4,16,B100 Coach,Motorway (not London),0.00542788533494,4.34524445154e-05,3.43957071891e-05
2016,Scotland,3,7.4,16,B100 Rigid HGV,Motorway (not London),0.00293398881331,5.54527541681e-05,4.60815899714e-05
2016,Scotland,3,7.4,16,Battery EV Cars,Motorway (not London),0.0,4.0696081669e-06,2.40208009927e-06
2016,Scotland,3,7.4,16,Battery EV LGV,Motorway (not London),0.0,5.21319179825e-06,3.13913324135e-06
2016,Scotland,3,7.4,16,Biogas Bus,Motorway (not London),0.00069444446126,1.93561409105e-05,1.15042184916e-05
2016,Scotland,3,7.4,16,Biomethane Bus,Motorway (not London),0.00069444446126,1.93561409105e-05,1.15042184916e-05
2016,Scotland,3,7.4,16,Bus and Coach,Motorway (not London),0.00493444129825,0.000130832413561,0.000117406678328
2016,Scotland,3,7.4,16,CNG Bus,Motorway (not London),0.00069444446126,1.93561409105e-05,1.15042184916e-05
2016,Scotland,3,7.4,16,Diesel Car,Motorway (not London),0.000276031205431,1.15765515147e-05,9.53367634793e-06
2016,Scotland,3,7.4,16,E85 Bioethanol Cars,Motorway (not London),3.52957540599e-05,4.24215204475e-06,2.56599673776e-06
2016,Scotland,3,7.4,16,E85 Bioethanol LGV,Motorway (not London),5.10122517881e-05,5.3857356761e-06,3.30305010721e-06
2016,Scotland,3,7.4,16,FCEV Bus,Motorway (not London),0.0,1.79672515515e-05,1.018477451e-05
2016,Scotland,3,7.4,16,FCEV Cars,Motorway (not London),0.0,4.0696081669e-06,2.40208009927e-06
2016,Scotland,3,7.4,16,FCEV LGV,Motorway (not London),0.0,5.21319179825e-06,3.13913324135e-06
2016,Scotland,3,7.4,16,Full Hybrid Diesel Cars,Motorway (not London),0.00023726055224,1.3587425201e-05,1.14440063044e-05
2016,Scotland,3,7.4,16,Full Hybrid Petrol Cars,Motorway (not London),1.764787703e-05,4.28528801422e-06,2.60697584054e-06
2016,Scotland,3,7.4,16,Full Hybrid Petrol LGV,Motorway (not London),1.22844139696e-05,5.42490988664e-06,3.34026572091e-06
2016,Scotland,3,7.4,16,Hybrid Bus,Motorway (not London),0.00160647102166,3.29077229253e-05,2.43782196776e-05
2016,Scotland,3,7.4,16,LGV,Motorway (not London),0.000353334704414,2.30831356021e-05,2.01155799004e-05
2016,Scotland,3,7.4,16,LPG Cars,Motorway (not London),2.1111110982e-05,4.28132671004e-06,2.60321235146e-06
2016,Scotland,3,7.4,16,LPG LGV,Motorway (not London),3.88869702874e-05,5.42490988664e-06,3.34026572091e-06
2016,Scotland,3,7.4,16,Motorcycle,Motorway (not London),2.42448786594e-05,2.54074529948e-06,1.79528831268e-06
2016,Scotland,3,7.4,16,Petrol Car,Motorway (not London),3.52957540599e-05,4.28528801422e-06,2.60697584054e-06
2016,Scotland,3,7.4,16,Plug-In Hybrid Petrol Cars,Motorway (not London),4.48316495749e-05,4.12286863138e-06,2.4526773359e-06
2016,Scotland,3,7.4,16,Plug-In Hybrid Petrol LGV,Motorway (not London),8.905937284e-05,5.2291902648e-06,3.15433203468e-06
2016,Scotland,3,7.4,16,Rigid HGV,Motorway (not London),0.00266726245172,8.70461954037e-05,7.60953553254e-05
2016,Scotland,3,7.4,18,Artic HGV,Motorway (not London),0.00403210707009,0.000120696175145,0.000106948697066
2016,Scotland,3,7.4,18,B100 Artic HGV,Motorway (not London),0.00443531759083,7.59656977607e-05,6.44547471893e-05
2016,Scotland,3,7.4,18,B100 Bus,Motorway (not London),0.00347940716892,4.95174535899e-05,4.01574652642e-05
2016,Scotland,3,7.4,18,B100 Coach,Motorway (not London),0.00487388391048,4.12375702581e-05,3.22915766446e-05
2016,Scotland,3,7.4,18,B100 Rigid HGV,Motorway (not London),0.00272046891041,5.2041366871e-05,4.28407693107e-05
2016,Scotland,3,7.4,18,Battery EV Cars,Motorway (not London),0.0,4.0696081669e-06,2.40208009927e-06
2016,Scotland,3,7.4,18,Battery EV LGV,Motorway (not London),0.0,5.21319179825e-06,3.13913324135e-06
2016,Scotland,3,7.4,18,Biogas Bus,Motorway (not London),0.00069444446126,1.93561409105e-05,1.15042184916e-05
2016,Scotland,3,7.4,18,Biomethane Bus,Motorway (not London),0.00069444446126,1.93561409105e-05,1.15042184916e-05
2016,Scotland,3,7.4,18,Bus and Coach,Motorway (not London),0.00443080347031,0.000120606076962,0.00010769165965
2016,Scotland,3,7.4,18,CNG Bus,Motorway (not London),0.00069444446126,1.93561409105e-05,1.15042184916e-05
2016,Scotland,3,7.4,18,Diesel Car,Motorway (not London),0.000262860412477,1.1346995052e-05,9.31559770834e-06
2016,Scotland,3,7.4,18,E85 Bioethanol Cars,Motorway (not London),3.50716036337e-05,4.24215204475e-06,2.56599673776e-06
2016,Scotland,3,7.4,18,E85 Bioethanol LGV,Motorway (not London),5.0169070164e-05,5.3857356761e-06,3.30305010721e-06
2016,Scotland,3,7.4,18,FCEV Bus,Motorway (not London),0.0,1.79672515515e-05,1.018477451e-05
2016,Scotland,3,7.4,18,FCEV Cars,Motorway (not London),0.0,4.0696081669e-06,2.40208009927e-06
2016,Scotland,3,7.4,18,FCEV LGV,Motorway (not London),0.0,5.21319179825e-06,3.13913324135e-06
2016,Scotland,3,7.4,18,Full Hybrid Diesel Cars,Motorway (not London),0.000227859200095,1.33725452542e-05,1.12398702186e-05
2016,Scotland,3,7.4,18,Full Hybrid Petrol Cars,Motorway (not London),1.75358018168e-05,4.28528801422e-06,2.60697584054e-06
2016,Scotland,3,7.4,18,Full Hybrid Petrol LGV,Motorway (not London),1.19670639833e-05,5.42490988664e-06,3.34026572091e-06
2016,Scotland,3,7.4,18,Hybrid Bus,Motorway (not London),0.00145406892989,3.18783095281e-05,2.34002800426e-05
2016,Scotland,3,7.4,18,LGV,Motorway (not London),0.000342484388966,2.21479986067e-05,1.92272000277e-05
2016,Scotland,3,7.4,18,LPG Cars,Motorway (not London),2.1111110982e-05,4.28132671004e-06,2.60321235146e-06
2016,Scotland,3,7.4,18,LPG LGV,Motorway (not London),3.76312418666e-05,5.42490988664e-06,3.34026572091e-06
2016,Scotland,3,7.4,18,Motorcycle,Motorway (not London),2.26819884119e-05,2.54074529948e-06,1.79528831268e-06
2016,Scotland,3,7.4,18,Petrol Car,Motorway (not London),3.50716036337e-05,4.28528801422e-06,2.60697584054e-06
2016,Scotland,3,7.4,18,Plug-In Hybrid Petrol Cars,Motorway (not London),4.52946551377e-05,4.12286863138e-06,2.4526773359e-06
2016,Scotland,3,7.4,18,Plug-In Hybrid Petrol LGV,Motorway (not London),9.05663255253e-05,5.22891195942e-06,3.1540675991e-06
2016,Scotland,3,7.4,18,Rigid HGV,Motorway (not London),0.00247315340675,8.08436670923e-05,7.02029574313e-05
2016,Scotland,3,7.4,20,Artic HGV,Motorway (not London),0.00380136794411,0.000112728310341,9.93792200461e-05
2016,Scotland,3,7.4,20,B100 Artic HGV,Motorway (not London),0.00418150471523,7.15833739378e-05,6.02915351919e-05
2016,Scotland,3,7.4,20,B100 Bus,Motorway (not London),0.00320324138738,4.73442341899e-05,3.80929086532e-05
2016,Scotland,3,7.4,20,B100 Coach,Motorway (not London),0.00443466519937,3.94252201659e-05,3.05698449665e-05
2016,Scotland,3,7.4,20,B100 Rigid HGV,Motorway (not London),0.00254583731294,4.92698854941e-05,4.02078621846e-05
2016,Scotland,3,7.4,20,Battery EV Cars,Motorway (not London),0.0,4.0696081669e-06,2.40208009927e-06
2016,Scotland,3,7.4,20,Battery EV LGV,Motorway (not London),0.0,5.21319179825e-06,3.13913324135e-06
2016,Scotland,3,7.4,20,Biogas Bus,Motorway (not London),0.00069444446126,1.93561409105e-05,1.15042184916e-05
2016,Scotland,3,7.4,20,Biomethane Bus,Motorway (not London),0.00069444446126,1.93561409105e-05,1.15042184916e-05
2016,Scotland,3,7.4,20,Bus and Coach,Motorway (not London),0.00403151381761,0.000112201334559,9.97071474558e-05
2016,Scotland,3,7.4,20,CNG Bus,Motorway (not London),0.00069444446126,1.93561409105e-05,1.15042184916e-05
2016,Scotland,3,7.4,20,Diesel Car,Motorway (not London),0.000251899153227,1.11297849799e-05,9.10924700293e-06
2016,Scotland,3,7.4,20,E85 Bioethanol Cars,Motorway (not London),3.46993583662e-05,4.24215204475e-06,2.56599673776e-06
2016,Scotland,3,7.4,20,E85 Bioethanol LGV,Motorway (not London),4.90477395942e-05,5.3857356761e-06,3.30305010721e-06
2016,Scotland,3,7.4,20,FCEV Bus,Motorway (not London),0.0,1.79672515515e-05,1.018477451e-05
2016,Scotland,3,7.4,20,FCEV Cars,Motorway (not London),0.0,4.0696081669e-06,2.40208009927e-06
2016,Scotland,3,7.4,20,FCEV LGV,Motorway (not London),0.0,5.21319179825e-06,3.13913324135e-06
2016,Scotland,3,7.4,20,Full Hybrid Diesel Cars,Motorway (not London),0.000219467459829,1.31647757371e-05,1.10424889499e-05
2016,Scotland,3,7.4,20,Full Hybrid Petrol Cars,Motorway (not London),1.73496791831e-05,4.28528801422e-06,2.60697584054e-06
2016,Scotland,3,7.4,20,Full Hybrid Petrol LGV,Motorway (not London),1.15722568808e-05,5.42490988664e-06,3.34026572091e-06
2016,Scotland,3,7.4,20,Hybrid Bus,Motorway (not London),0.00132508785464,3.10162322421e-05,2.25813037105e-05
2016,Scotland,3,7.4,20,LGV,Motorway (not London),0.000332166615408,2.1263034796e-05,1.83864831342e-05
2016,Scotland,3,7.4,20,LPG Cars,Motorway (not London),2.1111110982e-05,4.28132671004e-06,2.60321235146e-06
2016,Scotland,3,7.4,20,LPG LGV,Motorway (not London),3.64579063898e-05,5.42490988664e-06,3.34026572091e-06
2016,Scotland,3,7.4,20,Motorcycle,Motorway (not London),2.12678314711e-05,2.54074529948e-06,1.79528831268e-06
2016,Scotland,3,7.4,20,Petrol Car,Motorway (not London),3.46993583662e-05,4.28528801422e-06,2.60697584054e-06
2016,Scotland,3,7.4,20,Plug-In Hybrid Petrol Cars,Motorway (not London),4.57804308098e-05,4.12286863138e-06,2.4526773359e-06
2016,Scotland,3,7.4,20,Plug-In Hybrid Petrol LGV,Motorway (not London),9.2086767836e-05,5.22878553966e-06,3.1539475458e-06
2016,Scotland,3,7.4,20,Rigid HGV,Motorway (not London),0.00231439759955,7.58046080591e-05,6.54158575344e-05
2016,Scotland,3,7.4,25,Artic HGV,Motorway (not London),0.00336093408987,9.81629709713e-05,8.55421531014e-05
2016,Scotland,3,7.4,25,B100 Artic HGV,Motorway (not London),0.00369702745229,6.35724427411e-05,5.26811491e-05
2016,Scotland,3,7.4,25,B100 Bus,Motorway (not London),0.00271093985066,4.33351196989e-05,3.42842467944e-05
2016,Scotland,3,7.4,25,B100 Coach,Motorway (not London),0.00365527020767,3.60617050319e-05,2.73745026789e-05
2016,Scotland,3,7.4,25,B100 Rigid HGV,Motorway (not London),0.00222415896133,4.4171607442e-05,3.53645009454e-05
2016,Scotland,3,7.4,25,Battery EV Cars,Motorway (not London),0.0,4.0696081669e-06,2.40208009927e-06
2016,Scotland,3,7.4,25,Battery EV LGV,Motorway (not London),0.0,5.21319179825e-06,3.13913324135e-06
2016,Scotland,3,7.4,25,Biogas Bus,Motorway (not London),0.00069444446126,1.93561409105e-05,1.15042184916e-05
2016,Scotland,3,7.4,25,Biomethane Bus,Motorway (not London),0.00069444446126,1.93561409105e-05,1.15042184916e-05
2016,Scotland,3,7.4,25,Bus and Coach,Motorway (not London),0.00332297291607,9.65173821896e-05,8.48073977977e-05
2016,Scotland,3,7.4,25,CNG Bus,Motorway (not London),0.00069444446126,1.93561409105e-05,1.15042184916e-05
2016,Scotland,3,7.4,25,Diesel Car,Motorway (not London),0.000231275931583,1.06407724161e-05,8.64468529471e-06
2016,Scotland,3,7.4,25,E85 Bioethanol Cars,Motorway (not London),3.34169744747e-05,4.24215204475e-06,2.56599673776e-06
2016,Scotland,3,7.4,25,E85 Bioethanol LGV,Motorway (not London),4.57244095742e-05,5.3857356761e-06,3.30305010721e-06
2016,Scotland,3,7.4,25,FCEV Bus,Motorway (not London),0.0,1.79672515515e-05,1.018477451e-05
2016,Scotland,3,7.4,25,FCEV Cars,Motorway (not London),0.0,4.0696081669e-06,2.40208009927e-06
2016,Scotland,3,7.4,25,FCEV LGV,Motorway (not London),0.0,5.21319179825e-06,3.13913324135e-06
2016,Scotland,3,7.4,25,Full Hybrid Diesel Cars,Motorway (not London),0.000201674178243,1.26764580273e-05,1.05785875348e-05
2016,Scotland,3,7.4,25,Full Hybrid Petrol Cars,Motorway (not London),1.67084872373e-05,4.28528801422e-06,2.60697584054e-06
2016,Scotland,3,7.4,25,Full Hybrid Petrol LGV,Motorway (not London),1.0447751265e-05,5.42490988664e-06,3.34026572091e-06
2016,Scotland,3,7.4,25,Hybrid Bus,Motorway (not London),0.00107416033279,2.93569355563e-05,2.10049729503e-05
2016,Scotland,3,7.4,25,LGV,Motorway (not London),0.000308552524075,1.92701336346e-05,1.64932280313e-05
2016,Scotland,3,7.4,25,LPG Cars,Motorway (not London),2.1111110982e-05,4.28132671004e-06,2.60321235146e-06
2016,Scotland,3,7.4,25,LPG LGV,Motorway (not London),3.38312929671e-05,5.42490988664e-06,3.34026572091e-06
2016,Scotland,3,7.4,25,Motorcycle,Motorway (not London),1.8367632947e-05,2.54074529948e-06,1.79528831268e-06
2016,Scotland,3,7.4,25,Petrol Car,Motorway (not London),3.34169744747e-05,4.28528801422e-06,2.60697584054e-06
2016,Scotland,3,7.4,25,Plug-In Hybrid Petrol Cars,Motorway (not London),4.70944942208e-05,4.12286863138e-06,2.4526773359e-06
2016,Scotland,3,7.4,25,Plug-In Hybrid Petrol LGV,Motorway (not London),9.59468598012e-05,5.22897289557e-06,3.15412557939e-06
2016,Scotland,3,7.4,25,Rigid HGV,Motorway (not London),0.00202196254395,6.65350162308e-05,5.66097405681e-05
2016,Scotland,3,7.4,30,Artic HGV,Motorway (not London),0.00304530747235,8.8303037046e-05,7.61752162362e-05
2016,Scotland,3,7.4,30,B100 Artic HGV,Motorway (not London),0.00334983831272,5.81494750804e-05,4.75293309137e-05
2016,Scotland,3,7.4,30,B100 Bus,Motorway (not London),0.00238219299354,4.06003964599e-05,3.16862606269e-05
2016,Scotland,3,7.4,30,B100 Coach,Motorway (not London),0.00314645306207,3.37382152793e-05,2.51671899605e-05
2016,Scotland,3,7.4,30,B100 Rigid HGV,Motorway (not London),0.00200664508156,4.06880863011e-05,3.20551553159e-05
2016,Scotland,3,7.4,30,Battery EV Cars,Motorway (not London),0.0,4.0696081669e-06,2.40208009927e-06
2016,Scotland,3,7.4,30,Battery EV LGV,Motorway (not London),0.0,5.21319179825e-06,3.13913324135e-06
2016,Scotland,3,7.4,30,Biogas Bus,Motorway (not London),0.00069444446126,1.93561409105e-05,1.15042184916e-05
2016,Scotland,3,7.4,30,Biomethane Bus,Motorway (not London),0.00069444446126,1.93561409105e-05,1.15042184916e-05
2016,Scotland,3,7.4,30,Bus and Coach,Motorway (not London),0.00286041176878,8.5620849859e-05,7.44556891732e-05
2016,Scotland,3,7.4,30,CNG Bus,Motorway (not London),0.00069444446126,1.93561409105e-05,1.15042184916e-05
2016,Scotland,3,7.4,30,Diesel Car,Motorway (not London),0.000217051972868,1.02289222923e-05,8.25342794997e-06
2016,Scotland,3,7.4,30,E85 Bioethanol Cars,Motorway (not London),3.21611696563e-05,4.24215204475e-06,2.56599673776e-06
2016,Scotland,3,7.4,30,E85 Bioethanol LGV,Motorway (not London),4.28023668064e-05,5.3857356761e-06,3.30305010721e-06
2016,Scotland,3,7.4,30,FCEV Bus,Motorway (not London),0.0,1.79672515515e-05,1.018477451e-05
2016,Scotland,3,7.4,30,FCEV Cars,Motorway (not London),0.0,4.0696081669e-06,2.40208009927e-06
2016,Scotland,3,7.4,30,FCEV LGV,Motorway (not London),0.0,5.21319179825e-06,3.13913324135e-06
2016,Scotland,3,7.4,30,Full Hybrid Diesel Cars,Motorway (not London),0.000187142431969,1.22325791381e-05,1.01569021353e-05
2016,Scotland,3,7.4,30,Full Hybrid Petrol Cars,Motorway (not London),1.60805848282e-05,4.28528801422e-06,2.60697584054e-06
2016,Scotland,3,7.4,30,Full Hybrid Petrol LGV,Motorway (not London),9.44911244005e-06,5.42490988664e-06,3.34026572091e-06
2016,Scotland,3,7.4,30,Hybrid Bus,Motorway (not London),0.000891491537914,2.81504526356e-05,1.98588131752e-05
2016,Scotland,3,7.4,30,LGV,Motorway (not London),0.000287894217763,1.75908153324e-05,1.4897876099e-05
2016,Scotland,3,7.4,30,LPG Cars,Motorway (not London),2.1111110982e-05,4.28132671004e-06,2.60321235146e-06
2016,Scotland,3,7.4,30,LPG LGV,Motorway (not London),3.15816469083e-05,5.42490988664e-06,3.34026572091e-06
2016,Scotland,3,7.4,30,Motorcycle,Motorway (not London),1.63466556842e-05,2.54074529948e-06,1.79528831268e-06
2016,Scotland,3,7.4,30,Petrol Car,Motorway (not London),3.21611696563e-05,4.28528801422e-06,2.60697584054e-06
2016,Scotland,3,7.4,30,Plug-In Hybrid Petrol Cars,Motorway (not London),4.85508753627e-05,4.12286863138e-06,2.4526773359e-06
2016,Scotland,3,7.4,30,Plug-In Hybrid Petrol LGV,Motorway (not London),9.98912291834e-05,5.22968684891e-06,3.15480383506e-06
2016,Scotland,3,7.4,30,Rigid HGV,Motorway (not London),0.00182422285434,6.02013460593e-05,5.05927528138e-05
2016,Scotland,3,7.4,35,Artic HGV,Motorway (not London),0.00280642998405,8.12054713606e-05,6.94325281074e-05
2016,Scotland,3,7.4,35,B100 Artic HGV,Motorway (not London),0.00308707286604,5.42458110431e-05,4.38208517153e-05
2016,Scotland,3,7.4,35,B100 Bus,Motorway (not London),0.00214426103048,3.86298561352e-05,2.98142476822e-05
2016,Scotland,3,7.4,35,B100 Coach,Motorway (not London),0.00279073463753,3.2034367905e-05,2.35485331359e-05
2016,Scotland,3,7.4,35,B100 Rigid HGV,Motorway (not London),0.00185201468412,3.81604295399e-05,2.96538801194e-05
2016,Scotland,3,7.4,35,Battery EV Cars,Motorway (not London),0.0,4.0696081669e-06,2.40208009927e-06
2016,Scotland,3,7.4,35,Battery EV LGV,Motorway (not London),0.0,5.21319179825e-06,3.13913324135e-06
2016,Scotland,3,7.4,35,Biogas Bus,Motorway (not London),0.00069444446126,1.93561409105e-05,1.15042184916e-05
2016,Scotland,3,7.4,35,Biomethane Bus,Motorway (not London),0.00069444446126,1.93561409105e-05,1.15042184916e-05
2016,Scotland,3,7.4,35,Bus and Coach,Motorway (not London),0.00253703142516,7.75988301029e-05,6.68347711326e-05
2016,Scotland,3,7.4,35,CNG Bus,Motorway (not London),0.00069444446126,1.93561409105e-05,1.15042184916e-05
2016,Scotland,3,7.4,35,Diesel Car,Motorway (not London),0.00020687871438,9.89423460851e-06,7.93547496869e-06
2016,Scotland,3,7.4,35,E85 Bioethanol Cars,Motorway (not London),3.09343449771e-05,4.24215204475e-06,2.56599673776e-06
2016,Scotland,3,7.4,35,E85 Bioethanol LGV,Motorway (not London),4.02517798648e-05,5.3857356761e-06,3.30305010721e-06
2016,Scotland,3,7.4,35,FCEV Bus,Motorway (not London),0.0,1.79672515515e-05,1.018477451e-05
2016,Scotland,3,7.4,35,FCEV Cars,Motorway (not London),0.0,4.0696081669e-06,2.40208009927e-06
2016,Scotland,3,7.4,35,FCEV LGV,Motorway (not London),0.0,5.21319179825e-06,3.13913324135e-06
2016,Scotland,3,7.4,35,Full Hybrid Diesel Cars,Motorway (not London),0.000175001594471,1.1833139979e-05,9.77743457042e-06
2016,Scotland,3,7.4,35,Full Hybrid Petrol Cars,Motorway (not London),1.54671724886e-05,4.28528801422e-06,2.60697584054e-06
2016,Scotland,3,7.4,35,Full Hybrid Petrol LGV,Motorway (not London),8.56738734001e-06,5.42490988664e-06,3.34026572091e-06
2016,Scotland,3,7.4,35,Hybrid Bus,Motorway (not London),0.000753102242015,2.72254346783e-05,1.89800466615e-05
2016,Scotland,3,7.4,35,LGV,Motorway (not London),0.000270050455583,1.62250817084e-05,1.36004291562e-05
2016,Scotland,3,7.4,35,LPG Cars,Motorway (not London),2.1111110982e-05,4.28132671004e-06,2.60321235146e-06
2016,Scotland,3,7.4,35,LPG LGV,Motorway (not London),2.96652269753e-05,5.42490988664e-06,3.34026572091e-06
2016,Scotland,3,7.4,35,Motorcycle,Motorway (not London),1.5171850464e-05,2.54074529948e-06,1.79528831268e-06
2016,Scotland,3,7.4,35,Petrol Car,Motorway (not London),3.09343449771e-05,4.28528801422e-06,2.60697584054e-06
2016,Scotland,3,7.4,35,Plug-In Hybrid Petrol Cars,Motorway (not London),5.01495742355e-05,4.12286863138e-06,2.4526773359e-06
2016,Scotland,3,7.4,35,Plug-In Hybrid Petrol LGV,Motorway (not London),0.000103919868707,5.23078142578e-06,3.15584361488e-06
2016,Scotland,3,7.4,35,Rigid HGV,Motorway (not London),0.00168364972342,5.56056038477e-05,4.62267962575e-05
2016,Scotland,3,7.4,40,Artic HGV,Motorway (not London),0.00261853635311,7.58713213145e-05,6.43650855636e-05
2016,Scotland,3,7.4,40,B100 Artic HGV,Motorway (not London),0.00288039003499,5.13120321557e-05,4.10337597714e-05
2016,Scotland,3,7.4,40,B100 Bus,Motorway (not London),0.0019624219276,3.7157045881e-05,2.8415077395e-05
2016,Scotland,3,7.4,40,B100 Coach,Motorway (not London),0.00253002019599,3.07308146148e-05,2.2310156055e-05
2016,Scotland,3,7.4,40,B100 Rigid HGV,Motorway (not London),0.00173821498174,3.62489372492e-05,2.7837964808e-05
2016,Scotland,3,7.4,40,Battery EV Cars,Motorway (not London),0.0,4.0696081669e-06,2.40208009927e-06
2016,Scotland,3,7.4,40,Battery EV LGV,Motorway (not London),0.0,5.21319179825e-06,3.13913324135e-06
2016,Scotland,3,7.4,40,Biogas Bus,Motorway (not London),0.00069444446126,1.93561409105e-05,1.15042184916e-05
2016,Scotland,3,7.4,40,Biomethane Bus,Motorway (not London),0.00069444446126,1.93561409105e-05,1.15042184916e-05
2016,Scotland,3,7.4,40,Bus and Coach,Motorway (not London),0.00230001844466,7.14425987098e-05,6.09863491263e-05
2016,Scotland,3,7.4,40,CNG Bus,Motorway (not London),0.00069444446126,1.93561409105e-05,1.15042184916e-05
2016,Scotland,3,7.4,40,Diesel Car,Motorway (not London),0.000199464440811,9.63670936471e-06,7.69082635088e-06
2016,Scotland,3,7.4,40,E85 Bioethanol Cars,Motorway (not London),2.97394963127e-05,4.24215204475e-06,2.56599673776e-06
2016,Scotland,3,7.4,40,E85 Bioethanol LGV,Motorway (not London),3.80429191864e-05,5.3857356761e-06,3.30305010721e-06
2016,Scotland,3,7.4,40,FCEV Bus,Motorway (not London),0.0,1.79672515515e-05,1.018477451e-05
2016,Scotland,3,7.4,40,FCEV Cars,Motorway (not London),0.0,4.0696081669e-06,2.40208009927e-06
2016,Scotland,3,7.4,40,FCEV LGV,Motorway (not London),0.0,5.21319179825e-06,3.13913324135e-06
2016,Scotland,3,7.4,40,Full Hybrid Diesel Cars,Motorway (not London),0.000164784520166,1.14781396405e-05,9.44018484006e-06
2016,Scotland,3,7.4,40,Full Hybrid Petrol Cars,Motorway (not London),1.48697481563e-05,4.28528801422e-06,2.60697584054e-06
2016,Scotland,3,7.4,40,Full Hybrid Petrol LGV,Motorway (not London),7.79362380854e-06,5.42490988664e-06,3.34026572091e-06
2016,Scotland,3,7.4,40,Hybrid Bus,Motorway (not London),0.00064565485809,2.64966711256e-05,1.82877229236e-05
2016,Scotland,3,7.4,40,LGV,Motorway (not London),0.000254943064647,1.51729327627e-05,1.2600887203e-05
2016,Scotland,3,7.4,40,LPG Cars,Motorway (not London),2.1111110982e-05,4.28132671004e-06,2.60321235146e-06
2016,Scotland,3,7.4,40,LPG LGV,Motorway (not London),2.80579770333e-05,5.42490988664e-06,3.34026572091e-06
2016,Scotland,3,7.4,40,Motorcycle,Motorway (not London),1.48130411617e-05,2.54074529948e-06,1.79528831268e-06
2016,Scotland,3,7.4,40,Petrol Car,Motorway (not London),2.97394963127e-05,4.28528801422e-06,2.60697584054e-06
2016,Scotland,3,7.4,40,Plug-In Hybrid Petrol Cars,Motorway (not London),5.18905908393e-05,4.12286863138e-06,2.4526773359e-06
2016,Scotland,3,7.4,40,Plug-In Hybrid Petrol LGV,Motorway (not London),0.000108032785647,5.23216885995e-06,3.15716170007e-06
2016,Scotland,3,7.4,40,Rigid HGV,Motorway (not London),0.00158019550145,5.21301662957e-05,4.29251304013e-05
2016,Scotland,3,7.4,45,Artic HGV,Motorway (not London),0.00246645207517,7.17331131455e-05,6.04337874393e-05
2016,Scotland,3,7.4,45,B100 Artic HGV,Motorway (not London),0.00271309749223,4.90360143885e-05,3.88715452573e-05
2016,Scotland,3,7.4,45,B100 Bus,Motorway (not London),0.00181791197974,3.60290869139e-05,2.73435161944e-05
2016,Scotland,3,7.4,45,B100 Coach,Motorway (not London),0.00233232998289,2.97014812531e-05,2.13322909985e-05
2016,Scotland,3,7.4,45,B100 Rigid HGV,Motorway (not London),0.00165241200011,3.47598033841e-05,2.64232876361e-05
2016,Scotland,3,7.4,45,Battery EV Cars,Motorway (not London),0.0,4.0696081669e-06,2.40208009927e-06
2016,Scotland,3,7.4,45,Battery EV LGV,Motorway (not London),0.0,5.21319179825e-06,3.13913324135e-06
2016,Scotland,3,7.4,45,Biogas Bus,Motorway (not London),0.00069444446126,1.93561409105e-05,1.15042184916e-05
2016,Scotland,3,7.4,45,Biomethane Bus,Motorway (not London),0.00069444446126,1.93561409105e-05,1.15042184916e-05
2016,Scotland,3,7.4,45,Bus and Coach,Motorway (not London),0.00212029996328,6.65680126986e-05,5.63554967812e-05
2016,Scotland,3,7.4,45,CNG Bus,Motorway (not London),0.00069444446126,1.93561409105e-05,1.15042184916e-05
2016,Scotland,3,7.4,45,Diesel Car,Motorway (not London),0.000194046791876,9.4563474704e-06,7.51948209654e-06
2016,Scotland,3,7.4,45,E85 Bioethanol Cars,Motorway (not London),2.85803434963e-05,4.24215204475e-06,2.56599673776e-06
2016,Scotland,3,7.4,45,E85 Bioethanol LGV,Motorway (not London),3.61461788998e-05,5.3857356761e-06,3.30305010721e-06
2016,Scotland,3,7.4,45,FCEV Bus,Motorway (not London),0.0,1.79672515515e-05,1.018477451e-05
2016,Scotland,3,7.4,45,FCEV Cars,Motorway (not London),0.0,4.0696081669e-06,2.40208009927e-06
2016,Scotland,3,7.4,45,FCEV LGV,Motorway (not London),0.0,5.21319179825e-06,3.13913324135e-06
2016,Scotland,3,7.4,45,Full Hybrid Diesel Cars,Motorway (not London),0.000156213005539,1.11675772132e-05,9.14515112527e-06
2016,Scotland,3,7.4,45,Full Hybrid Petrol Cars,Motorway (not London),1.42901717481e-05,4.28528801422e-06,2.60697584054e-06
2016,Scotland,3,7.4,45,Full Hybrid Petrol LGV,Motorway (not London),7.1188687798e-06,5.42490988664e-06,3.34026572091e-06
2016,Scotland,3,7.4,45,Hybrid Bus,Motorway (not London),0.000561089836992,2.59208809439e-05,1.77407200681e-05
2016,Scotland,3,7.4,45,LGV,Motorway (not London),0.00024252559524,1.44343675856e-05,1.18992502394e-05
2016,Scotland,3,7.4,45,LPG Cars,Motorway (not London),2.1111110982e-05,4.28132671004e-06,2.60321235146e-06
2016,Scotland,3,7.4,45,LPG LGV,Motorway (not London),2.67456980509e-05,5.42490988664e-06,3.34026572091e-06
2016,Scotland,3,7.4,45,Motorcycle,Motorway (not London),1.52432112372e-05,2.54074529948e-06,1.79528831268e-06
2016,Scotland,3,7.4,45,Petrol Car,Motorway (not London),2.85803434963e-05,4.28528801422e-06,2.60697584054e-06
2016,Scotland,3,7.4,45,Plug-In Hybrid Petrol Cars,Motorway (not London),5.3773928812e-05,4.12286863138e-06,2.4526773359e-06
2016,Scotland,3,7.4,45,Plug-In Hybrid Petrol LGV,Motorway (not London),0.000112229980004,5.23379458173e-06,3.15870624945e-06
2016,Scotland,3,7.4,45,Rigid HGV,Motorway (not London),0.00150219269563,4.94226478622e-05,4.03529884352e-05
2016,Scotland,3,7.4,50,Artic HGV,Motorway (not London),0.00234060292132,6.84441984049e-05,5.73093166167e-05
2016,Scotland,3,7.4,50,B100 Artic HGV,Motorway (not London),0.00257466337644,4.72271131002e-05,3.71530877601e-05
2016,Scotland,3,7.4,50,B100 Bus,Motorway (not London),0.00169964833185,3.51521484845e-05,2.65104263235e-05
2016,Scotland,3,7.4,50,B100 Coach,Motorway (not London),0.00217862799764,2.88685696432e-05,2.0541025151e-05
2016,Scotland,3,7.4,50,B100 Rigid HGV,Motorway (not London),0.00158665305935,3.35741315212e-05,2.52968984569e-05
2016,Scotland,3,7.4,50,Battery EV Cars,Motorway (not London),0.0,4.0696081669e-06,2.40208009927e-06
2016,Scotland,3,7.4,50,Battery EV LGV,Motorway (not London),0.0,5.21319179825e-06,3.13913324135e-06
2016,Scotland,3,7.4,50,Biogas Bus,Motorway (not London),0.00069444446126,1.93561409105e-05,1.15042184916e-05
2016,Scotland,3,7.4,50,Biomethane Bus,Motorway (not London),0.00069444446126,1.93561409105e-05,1.15042184916e-05
2016,Scotland,3,7.4,50,Bus and Coach,Motorway (not London),0.00198057084344,6.26127293799e-05,5.25979776285e-05
2016,Scotland,3,7.4,50,CNG Bus,Motorway (not London),0.00069444446126,1.93561409105e-05,1.15042184916e-05
2016,Scotland,3,7.4,50,Diesel Car,Motorway (not London),0.000190154387383,9.35314710659e-06,7.42144175092e-06
2016,Scotland,3,7.4,50,E85 Bioethanol Cars,Motorway (not London),2.74615449598e-05,4.24215204475e-06,2.56599673776e-06
2016,Scotland,3,7.4,50,E85 Bioethanol LGV,Motorway (not London),3.45321059285e-05,5.3857356761e-06,3.30305010721e-06
2016,Scotland,3,7.4,50,FCEV Bus,Motorway (not London),0.0,1.79672515515e-05,1.018477451e-05
2016,Scotland,3,7.4,50,FCEV Cars,Motorway (not London),0.0,4.0696081669e-06,2.40208009927e-06
2016,Scotland,3,7.4,50,FCEV LGV,Motorway (not London),0.0,5.21319179825e-06,3.13913324135e-06
2016,Scotland,3,7.4,50,Full Hybrid Diesel Cars,Motorway (not London),0.000149111278006,1.0901454516e-05,8.89233433554e-06
2016,Scotland,3,7.4,50,Full Hybrid Petrol Cars,Motorway (not London),1.37307724799e-05,4.28528801422e-06,2.60697584054e-06
2016,Scotland,3,7.4,50,Full Hybrid Petrol LGV,Motorway (not London),6.53417146168e-06,5.42490988664e-06,3.34026572091e-06
2016,Scotland,3,7.4,50,Hybrid Bus,Motorway (not London),0.000494284555316,2.54755923379e-05,1.73176977114e-05
2016,Scotland,3,7.4,50,LGV,Motorway (not London),0.000232768885326,1.40093861773e-05,1.14955182653e-05
2016,Scotland,3,7.4,50,LPG Cars,Motorway (not London),2.1111110982e-05,4.28132671004e-06,2.60321235146e-06
2016,Scotland,3,7.4,50,LPG LGV,Motorway (not London),2.57196115854e-05,5.42490988664e-06,3.34026572091e-06
2016,Scotland,3,7.4,50,Motorcycle,Motorway (not London),1.64388093253e-05,2.54074529948e-06,1.79528831268e-06
2016,Scotland,3,7.4,50,Petrol Car,Motorway (not London),2.74615449598e-05,4.28528801422e-06,2.60697584054e-06
2016,Scotland,3,7.4,50,Plug-In Hybrid Petrol Cars,Motorway (not London),5.57995808776e-05,4.12286863138e-06,2.4526773359e-06
2016,Scotland,3,7.4,50,Plug-In Hybrid Petrol LGV,Motorway (not London),0.000116511451779,5.23562493981e-06,3.16044520332e-06
2016,Scotland,3,7.4,50,Rigid HGV,Motorway (not London),0.00144241191447,4.72668798466e-05,3.83050100936e-05
2016,Scotland,3,7.4,60,Artic HGV,Motorway (not London),0.00214409246109,6.35920077912e-05,5.26997391717e-05
2016,Scotland,3,7.4,60,B100 Artic HGV,Motorway (not London),0.00235850177705,4.45584082627e-05,3.46178203472e-05
2016,Scotland,3,7.4,60,B100 Bus,Motorway (not London),0.00151621201076,3.39296457241e-05,2.53490488831e-05
2016,Scotland,3,7.4,60,B100 Coach,Motorway (not London),0.00195913482457,2.76054015558e-05,1.93410160136e-05
2016,Scotland,3,7.4,60,B100 Rigid HGV,Motorway (not London),0.00149625656195,3.18301135849e-05,2.36400810536e-05
2016,Scotland,3,7.4,60,Battery EV Cars,Motorway (not London),0.0,4.0696081669e-06,2.40208009927e-06
2016,Scotland,3,7.4,60,Battery EV LGV,Motorway (not London),0.0,5.21319179825e-06,3.13913324135e-06
2016,Scotland,3,7.4,60,Biogas Bus,Motorway (not London),0.00069444446126,1.93561409105e-05,1.15042184916e-05
2016,Scotland,3,7.4,60,Biomethane Bus,Motorway (not London),0.00069444446126,1.93561409105e-05,1.15042184916e-05
2016,Scotland,3,7.4,60,Bus and Coach,Motorway (not London),0.0017810317222,5.65874506719e-05,4.68739635835e-05
2016,Scotland,3,7.4,60,CNG Bus,Motorway (not London),0.00069444446126,1.93561409105e-05,1.15042184916e-05
2016,Scotland,3,7.4,60,Diesel Car,Motorway (not London),0.00018586171791,9.37823460845e-06,7.44527460483e-06
2016,Scotland,3,7.4,60,E85 Bioethanol Cars,Motorway (not London),2.53698926826e-05,4.18187119067e-06,2.50872972174e-06
2016,Scotland,3,7.4,60,E85 Bioethanol LGV,Motorway (not London),3.20350191032e-05,5.32545482201e-06,3.24578309119e-06
2016,Scotland,3,7.4,60,FCEV Bus,Motorway (not London),0.0,1.79672515515e-05,1.018477451e-05
2016,Scotland,3,7.4,60,FCEV Cars,Motorway (not London),0.0,4.0696081669e-06,2.40208009927e-06
2016,Scotland,3,7.4,60,FCEV LGV,Motorway (not London),0.0,5.21319179825e-06,3.13913324135e-06
2016,Scotland,3,7.4,60,Full Hybrid Diesel Cars,Motorway (not London),0.000138907809742,1.05025264929e-05,8.51335153129e-06
2016,Scotland,3,7.4,60,Full Hybrid Petrol Cars,Motorway (not London),1.77589245141e-05,4.20993683292e-06,2.53539224104e-06
2016,Scotland,3,7.4,60,Full Hybrid Petrol LGV,Motorway (not London),7.8387947724e-06,5.35147000846e-06,3.27049792759e-06
2016,Scotland,3,7.4,60,Hybrid Bus,Motorway (not London),0.000500392750837,2.494016735e-05,1.68090427906e-05
2016,Scotland,3,7.4,60,LGV,Motorway (not London),0.000221169233555,1.40977117553e-05,1.1579427337e-05
2016,Scotland,3,7.4,60,LPG Cars,Motorway (not London),1.94444437511e-05,4.20788683186e-06,2.53344455814e-06
2016,Scotland,3,7.4,60,LPG LGV,Motorway (not London),2.22780308832e-05,5.35147000846e-06,3.27049792759e-06
2016,Scotland,3,7.4,60,Motorcycle,Motorway (not London),2.10512171179e-05,2.54074529948e-06,1.79528831268e-06
2016,Scotland,3,7.4,60,Petrol Car,Motorway (not London),2.53698926826e-05,4.20993683292e-06,2.53539224104e-06
2016,Scotland,3,7.4,60,Plug-In Hybrid Petrol Cars,Motorway (not London),0.000301389227388,4.22178072768e-06,2.54664382737e-06
2016,Scotland,3,7.4,60,Plug-In Hybrid Petrol LGV,Motorway (not London),0.000419149670051,5.34643731953e-06,3.26571671394e-06
2016,Scotland,3,7.4,60,Rigid HGV,Motorway (not London),0.00136023317464,4.40959374828e-05,3.52926144842e-05
2016,Scotland,3,7.4,70,Artic HGV,Motorway (not London),0.00199755630456,6.02465661359e-05,4.9521568144e-05
2016,Scotland,3,7.4,70,B100 Artic HGV,Motorway (not London),0.0021973119583,4.27184168075e-05,3.28698261001e-05
2016,Scotland,3,7.4,70,B100 Bus,Motorway (not London),0.00137915695086,3.32076815539e-05,2.46631843765e-05
2016,Scotland,3,7.4,70,B100 Coach,Motorway (not London),0.00181527622044,2.66958704742e-05,1.84769614862e-05
2016,Scotland,3,7.4,70,B100 Rigid HGV,Motorway (not London),0.00144231552258,3.06488145725e-05,2.25178464461e-05
2016,Scotland,3,7.4,70,Battery EV Cars,Motorway (not London),0.0,4.0696081669e-06,2.40208009927e-06
2016,Scotland,3,7.4,70,Battery EV LGV,Motorway (not London),0.0,5.21319179825e-06,3.13913324135e-06
2016,Scotland,3,7.4,70,Biogas Bus,Motorway (not London),0.00069444446126,1.93561409105e-05,1.15042184916e-05
2016,Scotland,3,7.4,70,Biomethane Bus,Motorway (not London),0.00069444446126,1.93561409105e-05,1.15042184916e-05
2016,Scotland,3,7.4,70,Bus and Coach,Motorway (not London),0.00165025109891,5.22195005033e-05,4.27244085586e-05
2016,Scotland,3,7.4,70,CNG Bus,Motorway (not London),0.00069444446126,1.93561409105e-05,1.15042184916e-05
2016,Scotland,3,7.4,70,Diesel Car,Motorway (not London),0.000185335840797,9.71197187027e-06,7.76232536737e-06
2016,Scotland,3,7.4,70,E85 Bioethanol Cars,Motorway (not London),2.42607056862e-05,4.18187119067e-06,2.50872972174e-06
2016,Scotland,3,7.4,70,E85 Bioethanol LGV,Motorway (not London),3.20598483086e-05,5.32545482201e-06,3.24578309119e-06
2016,Scotland,3,7.4,70,FCEV Bus,Motorway (not London),0.0,1.79672515515e-05,1.018477451e-05
2016,Scotland,3,7.4,70,FCEV Cars,Motorway (not London),0.0,4.0696081669e-06,2.40208009927e-06
2016,Scotland,3,7.4,70,FCEV LGV,Motorway (not London),0.0,5.21319179825e-06,3.13913324135e-06
2016,Scotland,3,7.4,70,Full Hybrid Diesel Cars,Motorway (not London),0.000133727662615,1.02813528429e-05,8.3032373368e-06
2016,Scotland,3,7.4,70,Full Hybrid Petrol Cars,Motorway (not London),1.69824943441e-05,4.20993683292e-06,2.53539224104e-06
2016,Scotland,3,7.4,70,Full Hybrid Petrol LGV,Motorway (not London),7.49118498788e-06,5.35147000846e-06,3.27049792759e-06
2016,Scotland,3,7.4,70,Hybrid Bus,Motorway (not London),0.000441039883299,2.49002441706e-05,1.67711168615e-05
2016,Scotland,3,7.4,70,LGV,Motorway (not London),0.000220118716243,1.54428362293e-05,1.28572955873e-05
2016,Scotland,3,7.4,70,LPG Cars,Motorway (not London),1.94444437511e-05,4.20788683186e-06,2.53344455814e-06
2016,Scotland,3,7.4,70,LPG LGV,Motorway (not London),2.21757763939e-05,5.35147000846e-06,3.27049792759e-06
2016,Scotland,3,7.4,70,Motorcycle,Motorway (not London),2.85425558104e-05,2.54074529948e-06,1.79528831268e-06
2016,Scotland,3,7.4,70,Petrol Car,Motorway (not London),2.42607056862e-05,4.20993683292e-06,2.53539224104e-06
2016,Scotland,3,7.4,70,Plug-In Hybrid Petrol Cars,Motorway (not London),0.000326626905007,4.22178072768e-06,2.54664382737e-06
2016,Scotland,3,7.4,70,Plug-In Hybrid Petrol LGV,Motorway (not London),0.000446366175311,5.37133792022e-06,3.28937221639e-06
2016,Scotland,3,7.4,70,Rigid HGV,Motorway (not London),0.00131119589787,4.19481220888e-05,3.32521885866e-05
2016,Scotland,3,7.4,80,Artic HGV,Motorway (not London),0.00188416801393,5.78665531066e-05,4.72605570394e-05
2016,Scotland,3,7.4,80,B100 Artic HGV,Motorway (not London),0.00207258481532,4.1409410187e-05,3.16262703564e-05
2016,Scotland,3,7.4,80,B100 Bus,Motorway (not London),0.00127189827617,3.28605819959e-05,2.43334379775e-05
2016,Scotland,3,7.4,80,B100 Coach,Motorway (not London),0.00171927420888,2.60645065282e-05,1.78771661012e-05
2016,Scotland,3,7.4,80,B100 Rigid HGV,Motorway (not London),0.00141241110396,2.98448831018e-05,2.17541128222e-05
2016,Scotland,3,7.4,80,Battery EV Cars,Motorway (not London),0.0,4.0696081669e-06,2.40208009927e-06
2016,Scotland,3,7.4,80,Battery EV LGV,Motorway (not London),0.0,5.21319179825e-06,3.13913324135e-06
2016,Scotland,3,7.4,80,Biogas Bus,Motorway (not London),0.00069444446126,1.93561409105e-05,1.15042184916e-05
2016,Scotland,3,7.4,80,Biomethane Bus,Motorway (not London),0.00069444446126,1.93561409105e-05,1.15042184916e-05
2016,Scotland,3,7.4,80,Bus and Coach,Motorway (not London),0.0015629765112,4.8914058425e-05,3.95842398575e-05
2016,Scotland,3,7.4,80,CNG Bus,Motorway (not London),0.00069444446126,1.93561409105e-05,1.15042184916e-05
2016,Scotland,3,7.4,80,Diesel Car,Motorway (not London),0.000188337886357,1.03543588921e-05,8.37259267428e-06
2016,Scotland,3,7.4,80,E85 Bioethanol Cars,Motorway (not London),2.36875021074e-05,4.18187119067e-06,2.50872972174e-06
2016,Scotland,3,7.4,80,E85 Bioethanol LGV,Motorway (not London),3.35582481057e-05,5.32545482201e-06,3.24578309119e-06
2016,Scotland,3,7.4,80,FCEV Bus,Motorway (not London),0.0,1.79672515515e-05,1.018477451e-05
2016,Scotland,3,7.4,80,FCEV Cars,Motorway (not London),0.0,4.0696081669e-06,2.40208009927e-06
2016,Scotland,3,7.4,80,FCEV LGV,Motorway (not London),0.0,5.21319179825e-06,3.13913324135e-06
2016,Scotland,3,7.4,80,Full Hybrid Diesel Cars,Motorway (not London),0.000133586145239,1.02379353848e-05,8.26199084258e-06
2016,Scotland,3,7.4,80,Full Hybrid Petrol Cars,Motorway (not London),1.65812525665e-05,4.20993683292e-06,2.53539224104e-06
2016,Scotland,3,7.4,80,Full Hybrid Petrol LGV,Motorway (not London),7.6952692325e-06,5.35147000846e-06,3.27049792759e-06
2016,Scotland,3,7.4,80,Hybrid Bus,Motorway (not London),0.000435059482697,2.55073027802e-05,1.73478219949e-05
2016,Scotland,3,7.4,80,LGV,Motorway (not London),0.0002295687882,1.80422975973e-05,1.53267828864e-05
2016,Scotland,3,7.4,80,LPG Cars,Motorway (not London),1.94444437511e-05,4.20788683186e-06,2.53344455814e-06
2016,Scotland,3,7.4,80,LPG LGV,Motorway (not London),2.30706555158e-05,5.35147000846e-06,3.27049792759e-06
2016,Scotland,3,7.4,80,Motorcycle,Motorway (not London),3.88797561754e-05,2.54074529948e-06,1.79528831268e-06
2016,Scotland,3,7.4,80,Petrol Car,Motorway (not London),2.36875021074e-05,4.20993683292e-06,2.53539224104e-06
2016,Scotland,3,7.4,80,Plug-In Hybrid Petrol Cars,Motorway (not London),0.000354710937245,4.22178072768e-06,2.54664382737e-06
2016,Scotland,3,7.4,80,Plug-In Hybrid Petrol LGV,Motorway (not London),0.000474054599181,5.40102246305e-06,3.31757269123e-06
2016,Scotland,3,7.4,80,Rigid HGV,Motorway (not London),0.00128401012626,4.04864294978e-05,3.18635793519e-05
2016,Scotland,3,7.4,90,Artic HGV,Motorway (not London),0.00182775605936,5.67707247683e-05,4.62195202999e-05
2016,Scotland,3,7.4,90,B100 Artic HGV,Motorway (not London),0.0020105317235,4.08067062381e-05,3.10536997858e-05
2016,Scotland,3,7.4,90,B100 Bus,Motorway (not London),0.00121778110042,3.28140376951e-05,2.42892201641e-05
2016,Scotland,3,7.4,90,B100 Coach,Motorway (not London),0.00165589840617,2.55033683061e-05,1.73440857907e-05
2016,Scotland,3,7.4,90,B100 Rigid HGV,Motorway (not London),0.00140305655077,2.94998826575e-05,2.14263618545e-05
2016,Scotland,3,7.4,90,Battery EV Cars,Motorway (not London),0.0,4.0696081669e-06,2.40208009927e-06
2016,Scotland,3,7.4,90,Battery EV LGV,Motorway (not London),0.0,5.21319179825e-06,3.13913324135e-06
2016,Scotland,3,7.4,90,Biogas Bus,Motorway (not London),0.00069444446126,1.93561409105e-05,1.15042184916e-05
2016,Scotland,3,7.4,90,Biomethane Bus,Motorway (not London),0.00069444446126,1.93561409105e-05,1.15042184916e-05
2016,Scotland,3,7.4,90,Bus and Coach,Motorway (not London),0.00150536221918,4.63315154775e-05,3.71308233298e-05
2016,Scotland,3,7.4,90,CNG Bus,Motorway (not London),0.00069444446126,1.93561409105e-05,1.15042184916e-05
2016,Scotland,3,7.4,90,Diesel Car,Motorway (not London),0.00019546096155,1.13053956738e-05,9.27607834456e-06
2016,Scotland,3,7.4,90,E85 Bioethanol Cars,Motorway (not London),2.35521492868e-05,4.22823359258e-06,2.55277404904e-06
2016,Scotland,3,7.4,90,E85 Bioethanol LGV,Motorway (not London),3.58308316208e-05,5.37181722393e-06,3.28982741848e-06
2016,Scotland,3,7.4,90,FCEV Bus,Motorway (not London),0.0,1.79672515515e-05,1.018477451e-05
2016,Scotland,3,7.4,90,FCEV Cars,Motorway (not London),0.0,4.0696081669e-06,2.40208009927e-06
2016,Scotland,3,7.4,90,FCEV LGV,Motorway (not London),0.0,5.21319179825e-06,3.13913324135e-06
2016,Scotland,3,7.4,90,Full Hybrid Diesel Cars,Motorway (not London),0.000138910341775,1.03722741187e-05,8.38961204863e-06
2016,Scotland,3,7.4,90,Full Hybrid Petrol Cars,Motorway (not London),2.11969345401e-05,4.26788983532e-06,2.59044759332e-06
2016,Scotland,3,7.4,90,Full Hybrid Petrol LGV,Motorway (not London),1.05265380625e-05,5.41002327736e-06,3.32612353304e-06
2016,Scotland,3,7.4,90,Hybrid Bus,Motorway (not London),0.000455785368104,2.62096600636e-05,1.80150618689e-05
2016,Scotland,3,7.4,90,LGV,Motorway (not London),0.000249532022281,2.18979876081e-05,1.89896891243e-05
2016,Scotland,3,7.4,90,LPG Cars,Motorway (not London),2.16666667257e-05,4.26644010076e-06,2.58907016359e-06
2016,Scotland,3,7.4,90,LPG LGV,Motorway (not London),2.24754403462e-05,5.41002327736e-06,3.32612353304e-06
2016,Scotland,3,7.4,90,Motorcycle,Motorway (not London),5.211397729e-05,2.54074529948e-06,1.79528831268e-06
2016,Scotland,3,7.4,90,Petrol Car,Motorway (not London),2.35521492868e-05,4.26788983532e-06,2.59044759332e-06
2016,Scotland,3,7.4,90,Plug-In Hybrid Petrol Cars,Motorway (not London),0.000694154470693,4.35245055996e-06,2.67078030447e-06
2016,Scotland,3,7.4,90,Plug-In Hybrid Petrol LGV,Motorway (not London),0.000850632844958,5.61682190892e-06,3.52258189196e-06
2016,Scotland,3,7.4,90,Rigid HGV,Motorway (not London),0.001275505987,3.985915464e-05,3.12676711474e-05
2016,Scotland,3,7.4,100,Artic HGV,Motorway (not London),0.00182775605936,5.67707247683e-05,4.62195202999e-05
2016,Scotland,3,7.4,100,B100 Artic HGV,Motorway (not London),0.0020105317235,4.08067062381e-05,3.10536997858e-05
2016,Scotland,3,7.4,100,B100 Bus,Motorway (not London),0.00121778110042,3.28140376951e-05,2.42892201641e-05
2016,Scotland,3,7.4,100,B100 Coach,Motorway (not London),0.00161615037359,2.50951652561e-05,1.69562899828e-05
2016,Scotland,3,7.4,100,B100 Rigid HGV,Motorway (not London),0.00140305655077,2.94998826575e-05,2.14263618545e-05
2016,Scotland,3,7.4,100,Battery EV Cars,Motorway (not London),0.0,4.0696081669e-06,2.40208009927e-06
2016,Scotland,3,7.4,100,Battery EV LGV,Motorway (not London),0.0,5.21319179825e-06,3.13913324135e-06
2016,Scotland,3,7.4,100,Biogas Bus,Motorway (not London),0.00069444446126,1.93561409105e-05,1.15042184916e-05
2016,Scotland,3,7.4,100,Biomethane Bus,Motorway (not London),0.00069444446126,1.93561409105e-05,1.15042184916e-05
2016,Scotland,3,7.4,100,Bus and Coach,Motorway (not London),0.00146922771819,4.42637065134e-05,3.51664057234e-05
2016,Scotland,3,7.4,100,CNG Bus,Motorway (not London),0.00069444446126,1.93561409105e-05,1.15042184916e-05
2016,Scotland,3,7.4,100,Diesel Car,Motorway (not London),0.000208494369872,1.25650822156e-05,1.04727805592e-05
2016,Scotland,3,7.4,100,E85 Bioethanol Cars,Motorway (not London),2.43152353505e-05,4.22823359258e-06,2.55277404904e-06
2016,Scotland,3,7.4,100,E85 Bioethanol LGV,Motorway (not London),3.89555825677e-05,5.37181722393e-06,3.28982741848e-06
2016,Scotland,3,7.4,100,FCEV Bus,Motorway (not London),0.0,1.79672515515e-05,1.018477451e-05
2016,Scotland,3,7.4,100,FCEV Cars,Motorway (not London),0.0,4.0696081669e-06,2.40208009927e-06
2016,Scotland,3,7.4,100,FCEV LGV,Motorway (not London),0.0,5.21319179825e-06,3.13913324135e-06
2016,Scotland,3,7.4,100,Full Hybrid Diesel Cars,Motorway (not London),0.000150619103806,1.06843681351e-05,8.68610186444e-06
2016,Scotland,3,7.4,100,Full Hybrid Petrol Cars,Motorway (not London),2.18837103603e-05,4.26788983532e-06,2.59044759332e-06
2016,Scotland,3,7.4,100,Full Hybrid Petrol LGV,Motorway (not London),1.15293833005e-05,5.41002327736e-06,3.32612353304e-06
2016,Scotland,3,7.4,100,Hybrid Bus,Motorway (not London),0.000455785368104,2.62096600636e-05,1.80150618689e-05
2016,Scotland,3,7.4,100,LGV,Motorway (not London),0.000280117848888,2.70061191259e-05,2.38424145209e-05
2016,Scotland,3,7.4,100,LPG Cars,Motorway (not London),2.16666667257e-05,4.26644010076e-06,2.58907016359e-06
2016,Scotland,3,7.4,100,LPG LGV,Motorway (not London),2.51210149145e-05,5.41002327736e-06,3.32612353304e-06
2016,Scotland,3,7.4,100,Motorcycle,Motorway (not London),6.83902253513e-05,2.54074529948e-06,1.79528831268e-06
2016,Scotland,3,7.4,100,Petrol Car,Motorway (not London),2.43152353505e-05,4.26788983532e-06,2.59044759332e-06
2016,Scotland,3,7.4,100,Plug-In Hybrid Petrol Cars,Motorway (not London),0.000754952663556,4.35245055996e-06,2.67078030447e-06
2016,Scotland,3,7.4,100,Plug-In Hybrid Petrol LGV,Motorway (not London),0.000897733261809,5.69998655919e-06,3.60158855983e-06
2016,Scotland,3,7.4,100,Rigid HGV,Motorway (not London),0.001275505987,3.985915464e-05,3.12676711474e-05
2016,Scotland,3,7.4,110,Artic HGV,Motorway (not London),0.00182775605936,5.67707247683e-05,4.62195202999e-05
2016,Scotland,3,7.4,110,B100 Artic HGV,Motorway (not London),0.0020105317235,4.08067062381e-05,3.10536997858e-05
2016,Scotland,3,7.4,110,B100 Bus,Motorway (not London),0.00121778110042,3.28140376951e-05,2.42892201641e-05
2016,Scotland,3,7.4,110,B100 Coach,Motorway (not London),0.00160329439677,2.5001792892e-05,1.68675887835e-05
2016,Scotland,3,7.4,110,B100 Rigid HGV,Motorway (not London),0.00140305655077,2.94998826575e-05,2.14263618545e-05
2016,Scotland,3,7.4,110,Battery EV Cars,Motorway (not London),0.0,4.0696081669e-06,2.40208009927e-06
2016,Scotland,3,7.4,110,Battery EV LGV,Motorway (not London),0.0,5.21319179825e-06,3.13913324135e-06
2016,Scotland,3,7.4,110,Biogas Bus,Motorway (not London),0.00069444446126,1.93561409105e-05,1.15042184916e-05
2016,Scotland,3,7.4,110,Biomethane Bus,Motorway (not London),0.00069444446126,1.93561409105e-05,1.15042184916e-05
2016,Scotland,3,7.4,110,Bus and Coach,Motorway (not London),0.00145754031837,4.33787754446e-05,3.43257197528e-05
2016,Scotland,3,7.4,110,CNG Bus,Motorway (not London),0.00069444446126,1.93561409105e-05,1.15042184916e-05
2016,Scotland,3,7.4,110,Diesel Car,Motorway (not London),0.000231843077927,1.41334194268e-05,1.19627002277e-05
2016,Scotland,3,7.4,110,E85 Bioethanol Cars,Motorway (not London),2.68251442321e-05,4.22823359258e-06,2.55277404904e-06
2016,Scotland,3,7.4,110,E85 Bioethanol LGV,Motorway (not London),4.30761465395e-05,5.37181722393e-06,3.28982741848e-06
2016,Scotland,3,7.4,110,FCEV Bus,Motorway (not London),0.0,1.79672515515e-05,1.018477451e-05
2016,Scotland,3,7.4,110,FCEV Cars,Motorway (not London),0.0,4.0696081669e-06,2.40208009927e-06
2016,Scotland,3,7.4,110,FCEV LGV,Motorway (not London),0.0,5.21319179825e-06,3.13913324135e-06
2016,Scotland,3,7.4,110,Full Hybrid Diesel Cars,Motorway (not London),0.000170342624187,1.1174217434e-05,9.15145938052e-06
2016,Scotland,3,7.4,110,Full Hybrid Petrol Cars,Motorway (not London),2.4142629627e-05,4.26788983532e-06,2.59044759332e-06
2016,Scotland,3,7.4,110,Full Hybrid Petrol LGV,Motorway (not London),1.29024547277e-05,5.41002327736e-06,3.32612353304e-06
2016,Scotland,3,7.4,110,Hybrid Bus,Motorway (not London),0.000455785368104,2.62096600636e-05,1.80150618689e-05
2016,Scotland,3,7.4,110,LGV,Motorway (not London),0.000321594096022,3.33685857186e-05,2.98867580568e-05
2016,Scotland,3,7.4,110,LPG Cars,Motorway (not London),2.16666667257e-05,4.26644010076e-06,2.58907016359e-06
2016,Scotland,3,7.4,110,LPG LGV,Motorway (not London),2.87674374704e-05,5.41002327736e-06,3.32612353304e-06
2016,Scotland,3,7.4,110,Motorcycle,Motorway (not London),8.79569415702e-05,2.54074529948e-06,1.79528831268e-06
2016,Scotland,3,7.4,110,Petrol Car,Motorway (not London),2.68251442321e-05,4.26788983532e-06,2.59044759332e-06
2016,Scotland,3,7.4,110,Plug-In Hybrid Petrol Cars,Motorway (not London),0.000820874294732,4.35245055996e-06,2.67078030447e-06
2016,Scotland,3,7.4,110,Plug-In Hybrid Petrol LGV,Motorway (not London),0.000945440493524,5.80887763135e-06,3.70503494196e-06
2016,Scotland,3,7.4,110,Rigid HGV,Motorway (not London),0.001275505987,3.985915464e-05,3.12676711474e-05
2016,Scotland,3,7.4,120,Artic HGV,Motorway (not London),0.00182775605936,5.67707247683e-05,4.62195202999e-05
2016,Scotland,3,7.4,120,B100 Artic HGV,Motorway (not London),0.0020105317235,4.08067062381e-05,3.10536997858e-05
2016,Scotland,3,7.4,120,B100 Bus,Motorway (not London),0.00121778110042,3.28140376951e-05,2.42892201641e-05
2016,Scotland,3,7.4,120,B100 Coach,Motorway (not London),0.00160329439677,2.5001792892e-05,1.68675887835e-05
2016,Scotland,3,7.4,120,B100 Rigid HGV,Motorway (not London),0.00140305655077,2.94998826575e-05,2.14263618545e-05
2016,Scotland,3,7.4,120,Battery EV Cars,Motorway (not London),0.0,4.0696081669e-06,2.40208009927e-06
2016,Scotland,3,7.4,120,Battery EV LGV,Motorway (not London),0.0,5.21319179825e-06,3.13913324135e-06
2016,Scotland,3,7.4,120,Biogas Bus,Motorway (not London),0.00069444446126,1.93561409105e-05,1.15042184916e-05
2016,Scotland,3,7.4,120,Biomethane Bus,Motorway (not London),0.00069444446126,1.93561409105e-05,1.15042184916e-05
2016,Scotland,3,7.4,120,Bus and Coach,Motorway (not London),0.00145754031837,4.33787754446e-05,3.43257197528e-05
2016,Scotland,3,7.4,120,CNG Bus,Motorway (not London),0.00069444446126,1.93561409105e-05,1.15042184916e-05
2016,Scotland,3,7.4,120,Diesel Car,Motorway (not London),0.000277828337857,1.6010406398e-05,1.37458373501e-05
2016,Scotland,3,7.4,120,E85 Bioethanol Cars,Motorway (not London),3.25310611515e-05,4.22823359258e-06,2.55277404904e-06
2016,Scotland,3,7.4,120,E85 Bioethanol LGV,Motorway (not London),4.79439731862e-05,5.37181722393e-06,3.28982741848e-06
2016,Scotland,3,7.4,120,FCEV Bus,Motorway (not London),0.0,1.79672515515e-05,1.018477451e-05
2016,Scotland,3,7.4,120,FCEV Cars,Motorway (not London),0.0,4.0696081669e-06,2.40208009927e-06
2016,Scotland,3,7.4,120,FCEV LGV,Motorway (not London),0.0,5.21319179825e-06,3.13913324135e-06
2016,Scotland,3,7.4,120,Full Hybrid Diesel Cars,Motorway (not London),0.000200883136131,1.18418229249e-05,9.78568459686e-06
2016,Scotland,3,7.4,120,Full Hybrid Petrol Cars,Motorway (not London),2.92779568554e-05,4.26788983532e-06,2.59044759332e-06
2016,Scotland,3,7.4,120,Full Hybrid Petrol LGV,Motorway (not London),1.46457514347e-05,5.41002327736e-06,3.32612353304e-06
2016,Scotland,3,7.4,120,Hybrid Bus,Motorway (not London),0.000455785368104,2.62096600636e-05,1.80150618689e-05
2016,Scotland,3,7.4,120,LGV,Motorway (not London),0.0003245001717,3.35014447046e-05,3.00129759125e-05
2016,Scotland,3,7.4,120,LPG Cars,Motorway (not London),2.16666667257e-05,4.26644010076e-06,2.58907016359e-06
2016,Scotland,3,7.4,120,LPG LGV,Motorway (not London),2.94681594823e-05,5.41002327736e-06,3.32612353304e-06
2016,Scotland,3,7.4,120,Motorcycle,Motorway (not London),0.000111175591883,2.54074529948e-06,1.79528831268e-06
2016,Scotland,3,7.4,120,Petrol Car,Motorway (not London),3.25310611515e-05,4.26788983532e-06,2.59044759332e-06
2016,Scotland,3,7.4,120,Plug-In Hybrid Petrol Cars,Motorway (not London),0.000891919422429,4.35245055996e-06,2.67078030447e-06
2016,Scotland,3,7.4,120,Plug-In Hybrid Petrol LGV,Motorway (not London),0.000957748328801,5.9550898186e-06,3.84393661079e-06
2016,Scotland,3,7.4,120,Rigid HGV,Motorway (not London),0.001275505987,3.985915464e-05,3.12676711474e-05
2016,Scotland,3,7.4,130,Artic HGV,Motorway (not London),0.00182775605936,5.67707247683e-05,4.62195202999e-05
2016,Scotland,3,7.4,130,B100 Artic HGV,Motorway (not London),0.0020105317235,4.08067062381e-05,3.10536997858e-05
2016,Scotland,3,7.4,130,B100 Bus,Motorway (not London),0.00121778110042,3.28140376951e-05,2.42892201641e-05
2016,Scotland,3,7.4,130,B100 Coach,Motorway (not London),0.00160329439677,2.5001792892e-05,1.68675887835e-05
2016,Scotland,3,7.4,130,B100 Rigid HGV,Motorway (not London),0.00140305655077,2.94998826575e-05,2.14263618545e-05
2016,Scotland,3,7.4,130,Battery EV Cars,Motorway (not London),0.0,4.0696081669e-06,2.40208009927e-06
2016,Scotland,3,7.4,130,Battery EV LGV,Motorway (not London),0.0,5.21319179825e-06,3.13913324135e-06
2016,Scotland,3,7.4,130,Biogas Bus,Motorway (not London),0.00069444446126,1.93561409105e-05,1.15042184916e-05
2016,Scotland,3,7.4,130,Biomethane Bus,Motorway (not London),0.00069444446126,1.93561409105e-05,1.15042184916e-05
2016,Scotland,3,7.4,130,Bus and Coach,Motorway (not London),0.00145754031837,4.33787754446e-05,3.43257197528e-05
2016,Scotland,3,7.4,130,CNG Bus,Motorway (not London),0.00069444446126,1.93561409105e-05,1.15042184916e-05
2016,Scotland,3,7.4,130,Diesel Car,Motorway (not London),0.000277828337857,1.81960422196e-05,1.58221919264e-05
2016,Scotland,3,7.4,130,E85 Bioethanol Cars,Motorway (not London),4.34945104644e-05,4.22823359258e-06,2.55277404904e-06
2016,Scotland,3,7.4,130,E85 Bioethanol LGV,Motorway (not London),4.98004555993e-05,5.37181722393e-06,3.28982741848e-06
2016,Scotland,3,7.4,130,FCEV Bus,Motorway (not London),0.0,1.79672515515e-05,1.018477451e-05
2016,Scotland,3,7.4,130,FCEV Cars,Motorway (not London),0.0,4.0696081669e-06,2.40208009927e-06
2016,Scotland,3,7.4,130,FCEV LGV,Motorway (not London),0.0,5.21319179825e-06,3.13913324135e-06
2016,Scotland,3,7.4,130,Full Hybrid Diesel Cars,Motorway (not London),0.000247190648224,1.26871846078e-05,1.05887775135e-05
2016,Scotland,3,7.4,130,Full Hybrid Petrol Cars,Motorway (not London),3.91450594179e-05,4.26788983532e-06,2.59044759332e-06
2016,Scotland,3,7.4,130,Full Hybrid Petrol LGV,Motorway (not London),1.47275250129e-05,5.41002327736e-06,3.32612353304e-06
2016,Scotland,3,7.4,130,Hybrid Bus,Motorway (not London),0.000455785368104,2.62096600636e-05,1.80150618689e-05
2016,Scotland,3,7.4,130,LGV,Motorway (not London),0.000324560853187,3.36561533913e-05,3.01599466184e-05
2016,Scotland,3,7.4,130,LPG Cars,Motorway (not London),2.16666667257e-05,4.26644010076e-06,2.58907016359e-06
2016,Scotland,3,7.4,130,LPG LGV,Motorway (not London),2.94681594823e-05,5.41002327736e-06,3.32612353304e-06
2016,Scotland,3,7.4,130,Motorcycle,Motorway (not London),0.000138530289405,2.54074529948e-06,1.79528831268e-06
2016,Scotland,3,7.4,130,Petrol Car,Motorway (not London),4.34945104644e-05,4.26788983532e-06,2.59044759332e-06
2016,Scotland,3,7.4,130,Plug-In Hybrid Petrol Cars,Motorway (not London),0.00096808798844,4.35245055996e-06,2.67078030447e-06
2016,Scotland,3,7.4,130,Plug-In Hybrid Petrol LGV,Motorway (not London),0.000970662920736,6.15544786342e-06,4.03427657147e-06
2016,Scotland,3,7.4,130,Rigid HGV,Motorway (not London),0.001275505987,3.985915464e-05,3.12676711474e-05
2016,Scotland,3,7.4,140,Artic HGV,Motorway (not London),0.00182775605936,5.67707247683e-05,4.62195202999e-05
2016,Scotland,3,7.4,140,B100 Artic HGV,Motorway (not London),0.0020105317235,4.08067062381e-05,3.10536997858e-05
2016,Scotland,3,7.4,140,B100 Bus,Motorway (not London),0.00121778110042,3.28140376951e-05,2.42892201641e-05
2016,Scotland,3,7.4,140,B100 Coach,Motorway (not London),0.00160329439677,2.5001792892e-05,1.68675887835e-05
2016,Scotland,3,7.4,140,B100 Rigid HGV,Motorway (not London),0.00140305655077,2.94998826575e-05,2.14263618545e-05
2016,Scotland,3,7.4,140,Battery EV Cars,Motorway (not London),0.0,4.0696081669e-06,2.40208009927e-06
2016,Scotland,3,7.4,140,Battery EV LGV,Motorway (not London),0.0,5.21319179825e-06,3.13913324135e-06
2016,Scotland,3,7.4,140,Biogas Bus,Motorway (not London),0.00069444446126,1.93561409105e-05,1.15042184916e-05
2016,Scotland,3,7.4,140,Biomethane Bus,Motorway (not London),0.00069444446126,1.93561409105e-05,1.15042184916e-05
2016,Scotland,3,7.4,140,Bus and Coach,Motorway (not London),0.00145754031837,4.33787754446e-05,3.43257197528e-05
2016,Scotland,3,7.4,140,CNG Bus,Motorway (not London),0.00069444446126,1.93561409105e-05,1.15042184916e-05
2016,Scotland,3,7.4,140,Diesel Car,Motorway (not London),0.000277828337857,1.81960422196e-05,1.58221919264e-05
2016,Scotland,3,7.4,140,E85 Bioethanol Cars,Motorway (not London),4.34945104644e-05,4.22823359258e-06,2.55277404904e-06
2016,Scotland,3,7.4,140,E85 Bioethanol LGV,Motorway (not London),4.98004555993e-05,5.37181722393e-06,3.28982741848e-06
2016,Scotland,3,7.4,140,FCEV Bus,Motorway (not London),0.0,1.79672515515e-05,1.018477451e-05
2016,Scotland,3,7.4,140,FCEV Cars,Motorway (not London),0.0,4.0696081669e-06,2.40208009927e-06
2016,Scotland,3,7.4,140,FCEV LGV,Motorway (not London),0.0,5.21319179825e-06,3.13913324135e-06
2016,Scotland,3,7.4,140,Full Hybrid Diesel Cars,Motorway (not London),0.000247190648224,1.26871846078e-05,1.05887775135e-05
2016,Scotland,3,7.4,140,Full Hybrid Petrol Cars,Motorway (not London),3.91450594179e-05,4.26788983532e-06,2.59044759332e-06
2016,Scotland,3,7.4,140,Full Hybrid Petrol LGV,Motorway (not London),1.47275250129e-05,5.41002327736e-06,3.32612353304e-06
2016,Scotland,3,7.4,140,Hybrid Bus,Motorway (not London),0.000455785368104,2.62096600636e-05,1.80150618689e-05
2016,Scotland,3,7.4,140,LGV,Motorway (not London),0.000324560853187,3.36561533913e-05,3.01599466184e-05
2016,Scotland,3,7.4,140,LPG Cars,Motorway (not London),2.16666667257e-05,4.26644010076e-06,2.58907016359e-06
2016,Scotland,3,7.4,140,LPG LGV,Motorway (not London),2.94681594823e-05,5.41002327736e-06,3.32612353304e-06
2016,Scotland,3,7.4,140,Motorcycle,Motorway (not London),0.00017063737323,2.54074529948e-06,1.79528831268e-06
2016,Scotland,3,7.4,140,Petrol Car,Motorway (not London),4.34945104644e-05,4.26788983532e-06,2.59044759332e-06
2016,Scotland,3,7.4,140,Plug-In Hybrid Petrol Cars,Motorway (not London),0.00096808798844,4.35245055996e-06,2.67078030447e-06
2016,Scotland,3,7.4,140,Plug-In Hybrid Petrol LGV,Motorway (not London),0.000970662920736,6.37060293229e-06,4.23867413701e-06
2016,Scotland,3,7.4,140,Rigid HGV,Motorway (not London),0.001275505987,3.985915464e-05,3.12676711474e-05
2016,Scotland,3,7.4,5,Artic HGV,Rural (not London),0.00507698534057,0.000166235127836,0.000146918129758
2016,Scotland,3,7.4,5,B100 Artic HGV,Rural (not London),0.00558468420058,0.000104133752757,8.79218205228e-05
2016,Scotland,3,7.4,5,B100 Bus,Rural (not London),0.00534284953028,6.72960886732e-05,5.42900270375e-05
2016,Scotland,3,7.4,5,B100 Coach,Rural (not London),0.00711614871398,5.66068811167e-05,4.41352822236e-05
2016,Scotland,3,7.4,5,B100 Rigid HGV,Rural (not London),0.00354241766036,7.15935020708e-05,5.83160108363e-05
2016,Scotland,3,7.4,5,Battery EV Cars,Rural (not London),0.0,5.50764480067e-06,3.06141782858e-06
2016,Scotland,3,7.4,5,Battery EV LGV,Rural (not London),0.0,7.46197929402e-06,4.17151613874e-06
2016,Scotland,3,7.4,5,Biogas Bus,Rural (not London),0.00069444446126,2.41506240855e-05,1.33018365887e-05
2016,Scotland,3,7.4,5,Biomethane Bus,Rural (not London),0.00069444446126,2.41506240855e-05,1.33018365887e-05
2016,Scotland,3,7.4,5,Bus and Coach,Rural (not London),0.00530852098018,0.000120800541481,0.000105119259388
2016,Scotland,3,7.4,5,CNG Bus,Rural (not London),0.00069444446126,2.41506240855e-05,1.33018365887e-05
2016,Scotland,3,7.4,5,Diesel Car,Rural (not London),0.000337644887622,1.37773331517e-05,1.09176216938e-05
2016,Scotland,3,7.4,5,E85 Bioethanol Cars,Rural (not London),3.66074891645e-05,5.68018867853e-06,3.22533469443e-06
2016,Scotland,3,7.4,5,E85 Bioethanol LGV,Rural (not London),5.39200736966e-05,7.63452317187e-06,4.3354330046e-06
2016,Scotland,3,7.4,5,FCEV Bus,Rural (not London),0.0,2.27617347264e-05,1.1982392607e-05
2016,Scotland,3,7.4,5,FCEV Cars,Rural (not London),0.0,5.50764480067e-06,3.06141782858e-06
2016,Scotland,3,7.4,5,FCEV LGV,Rural (not London),0.0,7.46197929402e-06,4.17151613874e-06
2016,Scotland,3,7.4,5,Full Hybrid Diesel Cars,Rural (not London),0.00027608484379,1.57127633429e-05,1.27562807393e-05
2016,Scotland,3,7.4,5,Full Hybrid Petrol Cars,Rural (not London),1.83037445822e-05,5.72332464799e-06,3.26631379721e-06
2016,Scotland,3,7.4,5,Full Hybrid Petrol LGV,Rural (not London),1.35751561174e-05,7.67369783716e-06,4.3726486183e-06
2016,Scotland,3,7.4,5,Hybrid Bus,Rural (not London),0.00397092988715,4.25609287049e-05,3.07916270685e-05
2016,Scotland,3,7.4,5,LGV,Rural (not London),0.000389665394323,2.84377038042e-05,2.40984554694e-05
2016,Scotland,3,7.4,5,LPG Cars,Rural (not London),2.1111110982e-05,5.71936288907e-06,3.26255030814e-06
2016,Scotland,3,7.4,5,LPG LGV,Rural (not London),4.33132554463e-05,7.67369783716e-06,4.3726486183e-06
2016,Scotland,3,7.4,5,Motorcycle,Rural (not London),3.7665511627e-05,3.24010852637e-06,2.11119868254e-06
2016,Scotland,3,7.4,5,Petrol Car,Rural (not London),3.66074891645e-05,5.72332464799e-06,3.26631379721e-06
2016,Scotland,3,7.4,5,Plug-In Hybrid Petrol Cars,Rural (not London),4.35792571807e-05,5.56090526516e-06,3.11201529257e-06
2016,Scotland,3,7.4,5,Plug-In Hybrid Petrol LGV,Rural (not London),8.46194088808e-05,7.48316097088e-06,4.19163870902e-06
2016,Scotland,3,7.4,5,Rigid HGV,Rural (not London),0.00322037981823,0.000111349880171,9.6084564575e-05
2016,Scotland,3,7.4,6,Artic HGV,Rural (not London),0.00507698534057,0.000166235127836,0.000146918129758
2016,Scotland,3,7.4,6,B100 Artic HGV,Rural (not London),0.00558468420058,0.000104133752757,8.79218205228e-05
2016,Scotland,3,7.4,6,B100 Bus,Rural (not London),0.00534284953028,6.72960886732e-05,5.42900270375e-05
2016,Scotland,3,7.4,6,B100 Coach,Rural (not London),0.00711614871398,5.66068811167e-05,4.41352822236e-05
2016,Scotland,3,7.4,6,B100 Rigid HGV,Rural (not London),0.00354241766036,7.15935020708e-05,5.83160108363e-05
2016,Scotland,3,7.4,6,Battery EV Cars,Rural (not London),0.0,5.50764480067e-06,3.06141782858e-06
2016,Scotland,3,7.4,6,Battery EV LGV,Rural (not London),0.0,7.46197929402e-06,4.17151613874e-06
2016,Scotland,3,7.4,6,Biogas Bus,Rural (not London),0.00069444446126,2.41506240855e-05,1.33018365887e-05
2016,Scotland,3,7.4,6,Biomethane Bus,Rural (not London),0.00069444446126,2.41506240855e-05,1.33018365887e-05
2016,Scotland,3,7.4,6,Bus and Coach,Rural (not London),0.00530852098018,0.000120800541481,0.000105119259388
2016,Scotland,3,7.4,6,CNG Bus,Rural (not London),0.00069444446126,2.41506240855e-05,1.33018365887e-05
2016,Scotland,3,7.4,6,Diesel Car,Rural (not London),0.000337644887622,1.37773331517e-05,1.09176216938e-05
2016,Scotland,3,7.4,6,E85 Bioethanol Cars,Rural (not London),3.64797015209e-05,5.68018867853e-06,3.22533469443e-06
2016,Scotland,3,7.4,6,E85 Bioethanol LGV,Rural (not London),5.3895128076e-05,7.63452317187e-06,4.3354330046e-06
2016,Scotland,3,7.4,6,FCEV Bus,Rural (not London),0.0,2.27617347264e-05,1.1982392607e-05
2016,Scotland,3,7.4,6,FCEV Cars,Rural (not London),0.0,5.50764480067e-06,3.06141782858e-06
2016,Scotland,3,7.4,6,FCEV LGV,Rural (not London),0.0,7.46197929402e-06,4.17151613874e-06
2016,Scotland,3,7.4,6,Full Hybrid Diesel Cars,Rural (not London),0.00027608484379,1.57127633429e-05,1.27562807393e-05
2016,Scotland,3,7.4,6,Full Hybrid Petrol Cars,Rural (not London),1.82398507604e-05,5.72332464799e-06,3.26631379721e-06
2016,Scotland,3,7.4,6,Full Hybrid Petrol LGV,Rural (not London),1.35213149406e-05,7.67369783716e-06,4.3726486183e-06
2016,Scotland,3,7.4,6,Hybrid Bus,Rural (not London),0.00343760405667,4.25609287049e-05,3.07916270685e-05
2016,Scotland,3,7.4,6,LGV,Rural (not London),0.000389664579416,2.84377038042e-05,2.40984554694e-05
2016,Scotland,3,7.4,6,LPG Cars,Rural (not London),2.1111110982e-05,5.71936288907e-06,3.26255030814e-06
2016,Scotland,3,7.4,6,LPG LGV,Rural (not London),4.33132554463e-05,7.67369783716e-06,4.3726486183e-06
2016,Scotland,3,7.4,6,Motorcycle,Rural (not London),3.7665511627e-05,3.24010852637e-06,2.11119868254e-06
2016,Scotland,3,7.4,6,Petrol Car,Rural (not London),3.64797015209e-05,5.72332464799e-06,3.26631379721e-06
2016,Scotland,3,7.4,6,Plug-In Hybrid Petrol Cars,Rural (not London),4.35792571807e-05,5.56090526516e-06,3.11201529257e-06
2016,Scotland,3,7.4,6,Plug-In Hybrid Petrol LGV,Rural (not London),8.46194088808e-05,7.48252568883e-06,4.19103525928e-06
2016,Scotland,3,7.4,6,Rigid HGV,Rural (not London),0.00322037981823,0.000111349880171,9.6084564575e-05
2016,Scotland,3,7.4,7,Artic HGV,Rural (not London),0.00507698534057,0.000166235127836,0.000146918129758
2016,Scotland,3,7.4,7,B100 Artic HGV,Rural (not London),0.00558468420058,0.000104133752757,8.79218205228e-05
2016,Scotland,3,7.4,7,B100 Bus,Rural (not London),0.00534284953028,6.72960886732e-05,5.42900270375e-05
2016,Scotland,3,7.4,7,B100 Coach,Rural (not London),0.00711614871398,5.66068811167e-05,4.41352822236e-05
2016,Scotland,3,7.4,7,B100 Rigid HGV,Rural (not London),0.00354241766036,7.15935020708e-05,5.83160108363e-05
2016,Scotland,3,7.4,7,Battery EV Cars,Rural (not London),0.0,5.50764480067e-06,3.06141782858e-06
2016,Scotland,3,7.4,7,Battery EV LGV,Rural (not London),0.0,7.46197929402e-06,4.17151613874e-06
2016,Scotland,3,7.4,7,Biogas Bus,Rural (not London),0.00069444446126,2.41506240855e-05,1.33018365887e-05
2016,Scotland,3,7.4,7,Biomethane Bus,Rural (not London),0.00069444446126,2.41506240855e-05,1.33018365887e-05
2016,Scotland,3,7.4,7,Bus and Coach,Rural (not London),0.00530852098018,0.000120800541481,0.000105119259388
2016,Scotland,3,7.4,7,CNG Bus,Rural (not London),0.00069444446126,2.41506240855e-05,1.33018365887e-05
2016,Scotland,3,7.4,7,Diesel Car,Rural (not London),0.000337644887622,1.37773331517e-05,1.09176216938e-05
2016,Scotland,3,7.4,7,E85 Bioethanol Cars,Rural (not London),3.63508333976e-05,5.68018867853e-06,3.22533469443e-06
2016,Scotland,3,7.4,7,E85 Bioethanol LGV,Rural (not London),5.38699678145e-05,7.63452317187e-06,4.3354330046e-06
2016,Scotland,3,7.4,7,FCEV Bus,Rural (not London),0.0,2.27617347264e-05,1.1982392607e-05
2016,Scotland,3,7.4,7,FCEV Cars,Rural (not London),0.0,5.50764480067e-06,3.06141782858e-06
2016,Scotland,3,7.4,7,FCEV LGV,Rural (not London),0.0,7.46197929402e-06,4.17151613874e-06
2016,Scotland,3,7.4,7,Full Hybrid Diesel Cars,Rural (not London),0.00027608484379,1.57127633429e-05,1.27562807393e-05
2016,Scotland,3,7.4,7,Full Hybrid Petrol Cars,Rural (not London),1.81754166988e-05,5.72332464799e-06,3.26631379721e-06
2016,Scotland,3,7.4,7,Full Hybrid Petrol LGV,Rural (not London),1.34679821713e-05,7.67369783716e-06,4.3726486183e-06
2016,Scotland,3,7.4,7,Hybrid Bus,Rural (not London),0.00304097239859,4.25609287049e-05,3.07916270685e-05
2016,Scotland,3,7.4,7,LGV,Rural (not London),0.000389663764508,2.84377038042e-05,2.40984554694e-05
2016,Scotland,3,7.4,7,LPG Cars,Rural (not London),2.1111110982e-05,5.71936288907e-06,3.26255030814e-06
2016,Scotland,3,7.4,7,LPG LGV,Rural (not London),4.33132554463e-05,7.67369783716e-06,4.3726486183e-06
2016,Scotland,3,7.4,7,Motorcycle,Rural (not London),3.7665511627e-05,3.24010852637e-06,2.11119868254e-06
2016,Scotland,3,7.4,7,Petrol Car,Rural (not London),3.63508333976e-05,5.72332464799e-06,3.26631379721e-06
2016,Scotland,3,7.4,7,Plug-In Hybrid Petrol Cars,Rural (not London),4.35792571807e-05,5.56090526516e-06,3.11201529257e-06
2016,Scotland,3,7.4,7,Plug-In Hybrid Petrol LGV,Rural (not London),8.46194088808e-05,7.4818176472e-06,4.19036268795e-06
2016,Scotland,3,7.4,7,Rigid HGV,Rural (not London),0.00322037981823,0.000111349880171,9.6084564575e-05
2016,Scotland,3,7.4,8,Artic HGV,Rural (not London),0.00507698534057,0.000166235127836,0.000146918129758
2016,Scotland,3,7.4,8,B100 Artic HGV,Rural (not London),0.00558468420058,0.000104133752757,8.79218205228e-05
2016,Scotland,3,7.4,8,B100 Bus,Rural (not London),0.00534284953028,6.72960886732e-05,5.42900270375e-05
2016,Scotland,3,7.4,8,B100 Coach,Rural (not London),0.00711614871398,5.66068811167e-05,4.41352822236e-05
2016,Scotland,3,7.4,8,B100 Rigid HGV,Rural (not London),0.00354241766036,7.15935020708e-05,5.83160108363e-05
2016,Scotland,3,7.4,8,Battery EV Cars,Rural (not London),0.0,5.50764480067e-06,3.06141782858e-06
2016,Scotland,3,7.4,8,Battery EV LGV,Rural (not London),0.0,7.46197929402e-06,4.17151613874e-06
2016,Scotland,3,7.4,8,Biogas Bus,Rural (not London),0.00069444446126,2.41506240855e-05,1.33018365887e-05
2016,Scotland,3,7.4,8,Biomethane Bus,Rural (not London),0.00069444446126,2.41506240855e-05,1.33018365887e-05
2016,Scotland,3,7.4,8,Bus and Coach,Rural (not London),0.00530852098018,0.000120800541481,0.000105119259388
2016,Scotland,3,7.4,8,CNG Bus,Rural (not London),0.00069444446126,2.41506240855e-05,1.33018365887e-05
2016,Scotland,3,7.4,8,Diesel Car,Rural (not London),0.000337644887622,1.37773331517e-05,1.09176216938e-05
2016,Scotland,3,7.4,8,E85 Bioethanol Cars,Rural (not London),3.62208738807e-05,5.68018867853e-06,3.22533469443e-06
2016,Scotland,3,7.4,8,E85 Bioethanol LGV,Rural (not London),5.38445965503e-05,7.63452317187e-06,4.3354330046e-06
2016,Scotland,3,7.4,8,FCEV Bus,Rural (not London),0.0,2.27617347264e-05,1.1982392607e-05
2016,Scotland,3,7.4,8,FCEV Cars,Rural (not London),0.0,5.50764480067e-06,3.06141782858e-06
2016,Scotland,3,7.4,8,FCEV LGV,Rural (not London),0.0,7.46197929402e-06,4.17151613874e-06
2016,Scotland,3,7.4,8,Full Hybrid Diesel Cars,Rural (not London),0.00027608484379,1.57127633429e-05,1.27562807393e-05
2016,Scotland,3,7.4,8,Full Hybrid Petrol Cars,Rural (not London),1.81104369403e-05,5.72332464799e-06,3.26631379721e-06
2016,Scotland,3,7.4,8,Full Hybrid Petrol LGV,Rural (not London),1.3415158719e-05,7.67369783716e-06,4.3726486183e-06
2016,Scotland,3,7.4,8,Hybrid Bus,Rural (not London),0.00274155149236,4.25609287049e-05,3.07916270685e-05
2016,Scotland,3,7.4,8,LGV,Rural (not London),0.000389662920497,2.84377038042e-05,2.40984554694e-05
2016,Scotland,3,7.4,8,LPG Cars,Rural (not London),2.1111110982e-05,5.71936288907e-06,3.26255030814e-06
2016,Scotland,3,7.4,8,LPG LGV,Rural (not London),4.33132554463e-05,7.67369783716e-06,4.3726486183e-06
2016,Scotland,3,7.4,8,Motorcycle,Rural (not London),3.7665511627e-05,3.24010852637e-06,2.11119868254e-06
2016,Scotland,3,7.4,8,Petrol Car,Rural (not London),3.62208738807e-05,5.72332464799e-06,3.26631379721e-06
2016,Scotland,3,7.4,8,Plug-In Hybrid Petrol Cars,Rural (not London),4.35792571807e-05,5.56090526516e-06,3.11201529257e-06
2016,Scotland,3,7.4,8,Plug-In Hybrid Petrol LGV,Rural (not London),8.46194088808e-05,7.4811741797e-06,4.18975105276e-06
2016,Scotland,3,7.4,8,Rigid HGV,Rural (not London),0.00322037981823,0.000111349880171,9.6084564575e-05
2016,Scotland,3,7.4,9,Artic HGV,Rural (not London),0.00507698534057,0.000166235127836,0.000146918129758
2016,Scotland,3,7.4,9,B100 Artic HGV,Rural (not London),0.00558468420058,0.000104133752757,8.79218205228e-05
2016,Scotland,3,7.4,9,B100 Bus,Rural (not London),0.00534284953028,6.72960886732e-05,5.42900270375e-05
2016,Scotland,3,7.4,9,B100 Coach,Rural (not London),0.00711614871398,5.66068811167e-05,4.41352822236e-05
2016,Scotland,3,7.4,9,B100 Rigid HGV,Rural (not London),0.00354241766036,7.15935020708e-05,5.83160108363e-05
2016,Scotland,3,7.4,9,Battery EV Cars,Rural (not London),0.0,5.50764480067e-06,3.06141782858e-06
2016,Scotland,3,7.4,9,Battery EV LGV,Rural (not London),0.0,7.46197929402e-06,4.17151613874e-06
2016,Scotland,3,7.4,9,Biogas Bus,Rural (not London),0.00069444446126,2.41506240855e-05,1.33018365887e-05
2016,Scotland,3,7.4,9,Biomethane Bus,Rural (not London),0.00069444446126,2.41506240855e-05,1.33018365887e-05
2016,Scotland,3,7.4,9,Bus and Coach,Rural (not London),0.00530852098018,0.000120800541481,0.000105119259388
2016,Scotland,3,7.4,9,CNG Bus,Rural (not London),0.00069444446126,2.41506240855e-05,1.33018365887e-05
2016,Scotland,3,7.4,9,Diesel Car,Rural (not London),0.000337644887622,1.37773331517e-05,1.09176216938e-05
2016,Scotland,3,7.4,9,E85 Bioethanol Cars,Rural (not London),3.60898193321e-05,5.68018867853e-06,3.22533469443e-06
2016,Scotland,3,7.4,9,E85 Bioethanol LGV,Rural (not London),5.38190106454e-05,7.63452317187e-06,4.3354330046e-06
2016,Scotland,3,7.4,9,FCEV Bus,Rural (not London),0.0,2.27617347264e-05,1.1982392607e-05
2016,Scotland,3,7.4,9,FCEV Cars,Rural (not London),0.0,5.50764480067e-06,3.06141782858e-06
2016,Scotland,3,7.4,9,FCEV LGV,Rural (not London),0.0,7.46197929402e-06,4.17151613874e-06
2016,Scotland,3,7.4,9,Full Hybrid Diesel Cars,Rural (not London),0.00027608484379,1.57127633429e-05,1.27562807393e-05
2016,Scotland,3,7.4,9,Full Hybrid Petrol Cars,Rural (not London),1.80449096661e-05,5.72332464799e-06,3.26631379721e-06
2016,Scotland,3,7.4,9,Full Hybrid Petrol LGV,Rural (not London),1.33628445838e-05,7.67369783716e-06,4.3726486183e-06
2016,Scotland,3,7.4,9,Hybrid Bus,Rural (not London),0.00250743003562,4.25609287049e-05,3.07916270685e-05
2016,Scotland,3,7.4,9,LGV,Rural (not London),0.00038966210559,2.84377038042e-05,2.40984554694e-05
2016,Scotland,3,7.4,9,LPG Cars,Rural (not London),2.1111110982e-05,5.71936288907e-06,3.26255030814e-06
2016,Scotland,3,7.4,9,LPG LGV,Rural (not London),4.33132554463e-05,7.67369783716e-06,4.3726486183e-06
2016,Scotland,3,7.4,9,Motorcycle,Rural (not London),3.7665511627e-05,3.24010852637e-06,2.11119868254e-06
2016,Scotland,3,7.4,9,Petrol Car,Rural (not London),3.60898193321e-05,5.72332464799e-06,3.26631379721e-06
2016,Scotland,3,7.4,9,Plug-In Hybrid Petrol Cars,Rural (not London),4.35792571807e-05,5.56090526516e-06,3.11201529257e-06
2016,Scotland,3,7.4,9,Plug-In Hybrid Petrol LGV,Rural (not London),8.46194088808e-05,7.48062757339e-06,4.18923218604e-06
2016,Scotland,3,7.4,9,Rigid HGV,Rural (not London),0.00322037981823,0.000111349880171,9.6084564575e-05
2016,Scotland,3,7.4,10,Artic HGV,Rural (not London),0.00507698534057,0.000166235127836,0.000146918129758
2016,Scotland,3,7.4,10,B100 Artic HGV,Rural (not London),0.00558468420058,0.000104133752757,8.79218205228e-05
2016,Scotland,3,7.4,10,B100 Bus,Rural (not London),0.00534284953028,6.72960886732e-05,5.42900270375e-05
2016,Scotland,3,7.4,10,B100 Coach,Rural (not London),0.00711614871398,5.66068811167e-05,4.41352822236e-05
2016,Scotland,3,7.4,10,B100 Rigid HGV,Rural (not London),0.00354241766036,7.15935020708e-05,5.83160108363e-05
2016,Scotland,3,7.4,10,Battery EV Cars,Rural (not London),0.0,5.50764480067e-06,3.06141782858e-06
2016,Scotland,3,7.4,10,Battery EV LGV,Rural (not London),0.0,7.46197929402e-06,4.17151613874e-06
2016,Scotland,3,7.4,10,Biogas Bus,Rural (not London),0.00069444446126,2.41506240855e-05,1.33018365887e-05
2016,Scotland,3,7.4,10,Biomethane Bus,Rural (not London),0.00069444446126,2.41506240855e-05,1.33018365887e-05
2016,Scotland,3,7.4,10,Bus and Coach,Rural (not London),0.00530852098018,0.000120800541481,0.000105119259388
2016,Scotland,3,7.4,10,CNG Bus,Rural (not London),0.00069444446126,2.41506240855e-05,1.33018365887e-05
2016,Scotland,3,7.4,10,Diesel Car,Rural (not London),0.000337644887622,1.37773331517e-05,1.09176216938e-05
2016,Scotland,3,7.4,10,E85 Bioethanol Cars,Rural (not London),3.5957662476e-05,5.68018867853e-06,3.22533469443e-06
2016,Scotland,3,7.4,10,E85 Bioethanol LGV,Rural (not London),5.37932100997e-05,7.63452317187e-06,4.3354330046e-06
2016,Scotland,3,7.4,10,FCEV Bus,Rural (not London),0.0,2.27617347264e-05,1.1982392607e-05
2016,Scotland,3,7.4,10,FCEV Cars,Rural (not London),0.0,5.50764480067e-06,3.06141782858e-06
2016,Scotland,3,7.4,10,FCEV LGV,Rural (not London),0.0,7.46197929402e-06,4.17151613874e-06
2016,Scotland,3,7.4,10,Full Hybrid Diesel Cars,Rural (not London),0.00027608484379,1.57127633429e-05,1.27562807393e-05
2016,Scotland,3,7.4,10,Full Hybrid Petrol Cars,Rural (not London),1.7978831238e-05,5.72332464799e-06,3.26631379721e-06
2016,Scotland,3,7.4,10,Full Hybrid Petrol LGV,Rural (not London),1.3311038856e-05,7.67369783716e-06,4.3726486183e-06
2016,Scotland,3,7.4,10,Hybrid Bus,Rural (not London),0.00231695338152,4.25609287049e-05,3.07916270685e-05
2016,Scotland,3,7.4,10,LGV,Rural (not London),0.000389661261579,2.84377038042e-05,2.40984554694e-05
2016,Scotland,3,7.4,10,LPG Cars,Rural (not London),2.1111110982e-05,5.71936288907e-06,3.26255030814e-06
2016,Scotland,3,7.4,10,LPG LGV,Rural (not London),4.33132554463e-05,7.67369783716e-06,4.3726486183e-06
2016,Scotland,3,7.4,10,Motorcycle,Rural (not London),3.7665511627e-05,3.24010852637e-06,2.11119868254e-06
2016,Scotland,3,7.4,10,Petrol Car,Rural (not London),3.5957662476e-05,5.72332464799e-06,3.26631379721e-06
2016,Scotland,3,7.4,10,Plug-In Hybrid Petrol Cars,Rural (not London),4.35792571807e-05,5.56090526516e-06,3.11201529257e-06
2016,Scotland,3,7.4,10,Plug-In Hybrid Petrol LGV,Rural (not London),8.46194088808e-05,7.48017964725e-06,4.18880608777e-06
2016,Scotland,3,7.4,10,Rigid HGV,Rural (not London),0.00322037981823,0.000111349880171,9.6084564575e-05
2016,Scotland,3,7.4,12,Artic HGV,Rural (not London),0.00507698534057,0.000166235127836,0.000146918129758
2016,Scotland,3,7.4,12,B100 Artic HGV,Rural (not London),0.00558468420058,0.000104133752757,8.79218205228e-05
2016,Scotland,3,7.4,12,B100 Bus,Rural (not London),0.00492443563417,6.46264961688e-05,5.17539119755e-05
2016,Scotland,3,7.4,12,B100 Coach,Rural (not London),0.00711614871398,5.46000555914e-05,4.22287957917e-05
2016,Scotland,3,7.4,12,B100 Rigid HGV,Rural (not London),0.00354241766036,7.15935020708e-05,5.83160108363e-05
2016,Scotland,3,7.4,12,Battery EV Cars,Rural (not London),0.0,5.50764480067e-06,3.06141782858e-06
2016,Scotland,3,7.4,12,Battery EV LGV,Rural (not London),0.0,7.46197929402e-06,4.17151613874e-06
2016,Scotland,3,7.4,12,Biogas Bus,Rural (not London),0.00069444446126,2.41506240855e-05,1.33018365887e-05
2016,Scotland,3,7.4,12,Biomethane Bus,Rural (not London),0.00069444446126,2.41506240855e-05,1.33018365887e-05
2016,Scotland,3,7.4,12,Bus and Coach,Rural (not London),0.00503465067595,0.000117305797176,0.00010179925448
2016,Scotland,3,7.4,12,CNG Bus,Rural (not London),0.00069444446126,2.41506240855e-05,1.33018365887e-05
2016,Scotland,3,7.4,12,Diesel Car,Rural (not London),0.00031211937312,1.35107384267e-05,1.06643574327e-05
2016,Scotland,3,7.4,12,E85 Bioethanol Cars,Rural (not London),3.57387325494e-05,5.68018867853e-06,3.22533469443e-06
2016,Scotland,3,7.4,12,E85 Bioethanol LGV,Rural (not London),5.2824310842e-05,7.63452317187e-06,4.3354330046e-06
2016,Scotland,3,7.4,12,FCEV Bus,Rural (not London),0.0,2.27617347264e-05,1.1982392607e-05
2016,Scotland,3,7.4,12,FCEV Cars,Rural (not London),0.0,5.50764480067e-06,3.06141782858e-06
2016,Scotland,3,7.4,12,FCEV LGV,Rural (not London),0.0,7.46197929402e-06,4.17151613874e-06
2016,Scotland,3,7.4,12,Full Hybrid Diesel Cars,Rural (not London),0.000260619359324,1.54765530169e-05,1.2531880202e-05
2016,Scotland,3,7.4,12,Full Hybrid Petrol Cars,Rural (not London),1.78693662747e-05,5.72332464799e-06,3.26631379721e-06
2016,Scotland,3,7.4,12,Full Hybrid Petrol LGV,Rural (not London),1.29564023155e-05,7.67369783716e-06,4.3726486183e-06
2016,Scotland,3,7.4,12,Hybrid Bus,Rural (not London),0.00201882841066,4.05311038776e-05,2.8863292755e-05
2016,Scotland,3,7.4,12,LGV,Rural (not London),0.000376840180252,2.73520818155e-05,2.30671139434e-05
2016,Scotland,3,7.4,12,LPG Cars,Rural (not London),2.1111110982e-05,5.71936288907e-06,3.26255030814e-06
2016,Scotland,3,7.4,12,LPG LGV,Rural (not London),4.17036935687e-05,7.67369783716e-06,4.3726486183e-06
2016,Scotland,3,7.4,12,Motorcycle,Rural (not London),3.57602111762e-05,3.24010852637e-06,2.11119868254e-06
2016,Scotland,3,7.4,12,Petrol Car,Rural (not London),3.57387325494e-05,5.72332464799e-06,3.26631379721e-06
2016,Scotland,3,7.4,12,Plug-In Hybrid Petrol Cars,Rural (not London),4.39739524154e-05,5.56090526516e-06,3.11201529257e-06
2016,Scotland,3,7.4,12,Plug-In Hybrid Petrol LGV,Rural (not London),8.60859145178e-05,7.47915555621e-06,4.18783338318e-06
2016,Scotland,3,7.4,12,Rigid HGV,Rural (not London),0.00322037981823,0.000111349880171,9.6084564575e-05
2016,Scotland,3,7.4,14,Artic HGV,Rural (not London),0.00464834924787,0.000149929735926,0.000131428008899
2016,Scotland,3,7.4,14,B100 Artic HGV,Rural (not London),0.00511318445206,9.51657857513e-05,7.94022562332e-05
2016,Scotland,3,7.4,14,B100 Bus,Rural (not London),0.00428952975199,6.03128355579e-05,4.76559362141e-05
2016,Scotland,3,7.4,14,B100 Coach,Rural (not London),0.00614706799388,5.10197496624e-05,3.88275038858e-05
2016,Scotland,3,7.4,14,B100 Rigid HGV,Rural (not London),0.00320052960888,6.59308498143e-05,5.29364879185e-05
2016,Scotland,3,7.4,14,Battery EV Cars,Rural (not London),0.0,5.50764480067e-06,3.06141782858e-06
2016,Scotland,3,7.4,14,Battery EV LGV,Rural (not London),0.0,7.46197929402e-06,4.17151613874e-06
2016,Scotland,3,7.4,14,Biogas Bus,Rural (not London),0.00069444446126,2.41506240855e-05,1.33018365887e-05
2016,Scotland,3,7.4,14,Biomethane Bus,Rural (not London),0.00069444446126,2.41506240855e-05,1.33018365887e-05
2016,Scotland,3,7.4,14,Bus and Coach,Rural (not London),0.00437240023166,0.00010708685295,9.20912571019e-05
2016,Scotland,3,7.4,14,CNG Bus,Rural (not London),0.00069444446126,2.41506240855e-05,1.33018365887e-05
2016,Scotland,3,7.4,14,Diesel Car,Rural (not London),0.000292108335998,1.32564900923e-05,1.04228211057e-05
2016,Scotland,3,7.4,14,E85 Bioethanol Cars,Rural (not London),3.55181146006e-05,5.68018867853e-06,3.22533469443e-06
2016,Scotland,3,7.4,14,E85 Bioethanol LGV,Rural (not London),5.18973283761e-05,7.63452317187e-06,4.3354330046e-06
2016,Scotland,3,7.4,14,FCEV Bus,Rural (not London),0.0,2.27617347264e-05,1.1982392607e-05
2016,Scotland,3,7.4,14,FCEV Cars,Rural (not London),0.0,5.50764480067e-06,3.06141782858e-06
2016,Scotland,3,7.4,14,FCEV LGV,Rural (not London),0.0,7.46197929402e-06,4.17151613874e-06
2016,Scotland,3,7.4,14,Full Hybrid Diesel Cars,Rural (not London),0.000248000113061,1.5247452211e-05,1.23142344819e-05
2016,Scotland,3,7.4,14,Full Hybrid Petrol Cars,Rural (not London),1.77590573003e-05,5.72332464799e-06,3.26631379721e-06
2016,Scotland,3,7.4,14,Full Hybrid Petrol LGV,Rural (not London),1.261419402e-05,7.67369783716e-06,4.3726486183e-06
2016,Scotland,3,7.4,14,Hybrid Bus,Rural (not London),0.00179031398147,3.89583037759e-05,2.73691330221e-05
2016,Scotland,3,7.4,14,LGV,Rural (not London),0.000364759558579,2.63166311925e-05,2.20834353968e-05
2016,Scotland,3,7.4,14,LPG Cars,Rural (not London),2.1111110982e-05,5.71936288907e-06,3.26255030814e-06
2016,Scotland,3,7.4,14,LPG LGV,Rural (not London),4.02380755986e-05,7.67369783716e-06,4.3726486183e-06
2016,Scotland,3,7.4,14,Motorcycle,Rural (not London),3.41124432452e-05,3.24010852637e-06,2.11119868254e-06
2016,Scotland,3,7.4,14,Petrol Car,Rural (not London),3.55181146006e-05,5.72332464799e-06,3.26631379721e-06
2016,Scotland,3,7.4,14,Plug-In Hybrid Petrol Cars,Rural (not London),4.43914141215e-05,5.56090526516e-06,3.11201529257e-06
2016,Scotland,3,7.4,14,Plug-In Hybrid Petrol LGV,Rural (not London),8.75659025041e-05,7.4784456956e-06,4.18715944761e-06
2016,Scotland,3,7.4,14,Rigid HGV,Rural (not London),0.00290957232937,0.000101054138213,8.63036111696e-05
2016,Scotland,3,7.4,16,Artic HGV,Rural (not London),0.00430886726826,0.000137470851769,0.000119592070405
2016,Scotland,3,7.4,16,B100 Artic HGV,Rural (not London),0.00473975390196,8.83134052856e-05,7.28924933355e-05
2016,Scotland,3,7.4,16,B100 Bus,Rural (not London),0.00382941099815,5.69743533561e-05,4.44843826699e-05
2016,Scotland,3,7.4,16,B100 Coach,Rural (not London),0.00542788533494,4.82469258714e-05,3.61933234672e-05
2016,Scotland,3,7.4,16,B100 Rigid HGV,Rural (not London),0.00293398881331,6.16165852989e-05,4.88379373564e-05
2016,Scotland,3,7.4,16,Battery EV Cars,Rural (not London),0.0,5.50764480067e-06,3.06141782858e-06
2016,Scotland,3,7.4,16,Battery EV LGV,Rural (not London),0.0,7.46197929402e-06,4.17151613874e-06
2016,Scotland,3,7.4,16,Biogas Bus,Rural (not London),0.00069444446126,2.41506240855e-05,1.33018365887e-05
2016,Scotland,3,7.4,16,Biomethane Bus,Rural (not London),0.00069444446126,2.41506240855e-05,1.33018365887e-05
2016,Scotland,3,7.4,16,Bus and Coach,Rural (not London),0.00388816720806,9.91514098132e-05,8.45525864861e-05
2016,Scotland,3,7.4,16,CNG Bus,Rural (not London),0.00069444446126,2.41506240855e-05,1.33018365887e-05
2016,Scotland,3,7.4,16,Diesel Car,Rural (not London),0.000276031205431,1.30145881485e-05,1.01930136225e-05
2016,Scotland,3,7.4,16,E85 Bioethanol Cars,Rural (not London),3.52957540599e-05,5.68018867853e-06,3.22533469443e-06
2016,Scotland,3,7.4,16,E85 Bioethanol LGV,Rural (not London),5.10122517881e-05,7.63452317187e-06,4.3354330046e-06
2016,Scotland,3,7.4,16,FCEV Bus,Rural (not London),0.0,2.27617347264e-05,1.1982392607e-05
2016,Scotland,3,7.4,16,FCEV Cars,Rural (not London),0.0,5.50764480067e-06,3.06141782858e-06
2016,Scotland,3,7.4,16,FCEV LGV,Rural (not London),0.0,7.46197929402e-06,4.17151613874e-06
2016,Scotland,3,7.4,16,Full Hybrid Diesel Cars,Rural (not London),0.00023726055224,1.50254618347e-05,1.21033435789e-05
2016,Scotland,3,7.4,16,Full Hybrid Petrol Cars,Rural (not London),1.764787703e-05,5.72332464799e-06,3.26631379721e-06
2016,Scotland,3,7.4,16,Full Hybrid Petrol LGV,Rural (not London),1.22844139696e-05,7.67369783716e-06,4.3726486183e-06
2016,Scotland,3,7.4,16,Hybrid Bus,Rural (not London),0.00160647102166,3.77022042812e-05,2.61758377746e-05
2016,Scotland,3,7.4,16,LGV,Rural (not London),0.000353324925527,2.53313519352e-05,2.11474198295e-05
2016,Scotland,3,7.4,16,LPG Cars,Rural (not London),2.1111110982e-05,5.71936288907e-06,3.26255030814e-06
2016,Scotland,3,7.4,16,LPG LGV,Rural (not London),3.88869702874e-05,7.67369783716e-06,4.3726486183e-06
2016,Scotland,3,7.4,16,Motorcycle,Rural (not London),3.2700401789e-05,3.24010852637e-06,2.11119868254e-06
2016,Scotland,3,7.4,16,Petrol Car,Rural (not London),3.52957540599e-05,5.72332464799e-06,3.26631379721e-06
2016,Scotland,3,7.4,16,Plug-In Hybrid Petrol Cars,Rural (not London),4.48316495749e-05,5.56090526516e-06,3.11201529257e-06
2016,Scotland,3,7.4,16,Plug-In Hybrid Petrol LGV,Rural (not London),8.905937284e-05,7.47797821532e-06,4.18671515945e-06
2016,Scotland,3,7.4,16,Rigid HGV,Rural (not London),0.00266726245172,9.32100228965e-05,7.88517063484e-05
2016,Scotland,3,7.4,18,Artic HGV,Rural (not London),0.00403210707009,0.000127633131342,0.000110246226541
2016,Scotland,3,7.4,18,B100 Artic HGV,Rural (not London),0.00443531759083,8.29026539577e-05,6.77522766637e-05
2016,Scotland,3,7.4,18,B100 Bus,Rural (not London),0.00347940716892,5.43119349459e-05,4.19550815423e-05
2016,Scotland,3,7.4,18,B100 Coach,Rural (not London),0.00487388391048,4.6032051614e-05,3.40891929227e-05
2016,Scotland,3,7.4,18,B100 Rigid HGV,Rural (not London),0.00272046891041,5.82051943638e-05,4.55971166957e-05
2016,Scotland,3,7.4,18,Battery EV Cars,Rural (not London),0.0,5.50764480067e-06,3.06141782858e-06
2016,Scotland,3,7.4,18,Battery EV LGV,Rural (not London),0.0,7.46197929402e-06,4.17151613874e-06
2016,Scotland,3,7.4,18,Biogas Bus,Rural (not London),0.00069444446126,2.41506240855e-05,1.33018365887e-05
2016,Scotland,3,7.4,18,Biomethane Bus,Rural (not London),0.00069444446126,2.41506240855e-05,1.33018365887e-05
2016,Scotland,3,7.4,18,Bus and Coach,Rural (not London),0.00351805519313,9.28026856855e-05,7.85212978371e-05
2016,Scotland,3,7.4,18,CNG Bus,Rural (not London),0.00069444446126,2.41506240855e-05,1.33018365887e-05
2016,Scotland,3,7.4,18,Diesel Car,Rural (not London),0.000262860412477,1.27850316858e-05,9.97493498289e-06
2016,Scotland,3,7.4,18,E85 Bioethanol Cars,Rural (not London),3.50716036337e-05,5.68018867853e-06,3.22533469443e-06
2016,Scotland,3,7.4,18,E85 Bioethanol LGV,Rural (not London),5.0169070164e-05,7.63452317187e-06,4.3354330046e-06
2016,Scotland,3,7.4,18,FCEV Bus,Rural (not London),0.0,2.27617347264e-05,1.1982392607e-05
2016,Scotland,3,7.4,18,FCEV Cars,Rural (not London),0.0,5.50764480067e-06,3.06141782858e-06
2016,Scotland,3,7.4,18,FCEV LGV,Rural (not London),0.0,7.46197929402e-06,4.17151613874e-06
2016,Scotland,3,7.4,18,Full Hybrid Diesel Cars,Rural (not London),0.000227859200095,1.4810581888e-05,1.18992074931e-05
2016,Scotland,3,7.4,18,Full Hybrid Petrol Cars,Rural (not London),1.75358018168e-05,5.72332464799e-06,3.26631379721e-06
2016,Scotland,3,7.4,18,Full Hybrid Petrol LGV,Rural (not London),1.19670639833e-05,7.67369783716e-06,4.3726486183e-06
2016,Scotland,3,7.4,18,Hybrid Bus,Rural (not London),0.00145406892989,3.6672794522e-05,2.51978981396e-05
2016,Scotland,3,7.4,18,LGV,Rural (not London),0.000342474930221,2.43962440436e-05,2.02590690606e-05
2016,Scotland,3,7.4,18,LPG Cars,Rural (not London),2.1111110982e-05,5.71936288907e-06,3.26255030814e-06
2016,Scotland,3,7.4,18,LPG LGV,Rural (not London),3.76312418666e-05,7.67369783716e-06,4.3726486183e-06
2016,Scotland,3,7.4,18,Motorcycle,Rural (not London),3.15040852001e-05,3.24010852637e-06,2.11119868254e-06
2016,Scotland,3,7.4,18,Petrol Car,Rural (not London),3.50716036337e-05,5.72332464799e-06,3.26631379721e-06
2016,Scotland,3,7.4,18,Plug-In Hybrid Petrol Cars,Rural (not London),4.52946551377e-05,5.56090526516e-06,3.11201529257e-06
2016,Scotland,3,7.4,18,Plug-In Hybrid Petrol LGV,Rural (not London),9.05663255253e-05,7.47769990994e-06,4.18645049649e-06
2016,Scotland,3,7.4,18,Rigid HGV,Rural (not London),0.00247315340675,8.70075018611e-05,7.29593084543e-05
2016,Scotland,3,7.4,20,Artic HGV,Rural (not London),0.00380136794411,0.000119665259263,0.000102676756796
2016,Scotland,3,7.4,20,B100 Artic HGV,Rural (not London),0.00418150471523,7.85203228588e-05,6.35890683043e-05
2016,Scotland,3,7.4,20,B100 Bus,Rural (not London),0.00320324138738,5.21387191839e-05,3.98905249313e-05
2016,Scotland,3,7.4,20,B100 Coach,Rural (not London),0.00443466519937,4.42197051598e-05,3.23674612446e-05
2016,Scotland,3,7.4,20,B100 Rigid HGV,Rural (not London),0.00254583731294,5.5433712987e-05,4.29642095696e-05
2016,Scotland,3,7.4,20,Battery EV Cars,Rural (not London),0.0,5.50764480067e-06,3.06141782858e-06
2016,Scotland,3,7.4,20,Battery EV LGV,Rural (not London),0.0,7.46197929402e-06,4.17151613874e-06
2016,Scotland,3,7.4,20,Biogas Bus,Rural (not London),0.00069444446126,2.41506240855e-05,1.33018365887e-05
2016,Scotland,3,7.4,20,Biomethane Bus,Rural (not London),0.00069444446126,2.41506240855e-05,1.33018365887e-05
2016,Scotland,3,7.4,20,Bus and Coach,Rural (not London),0.00322549091652,8.76044214237e-05,7.35829380574e-05
2016,Scotland,3,7.4,20,CNG Bus,Rural (not London),0.00069444446126,2.41506240855e-05,1.33018365887e-05
2016,Scotland,3,7.4,20,Diesel Car,Rural (not London),0.000251899153227,1.25678207041e-05,9.76858518698e-06
2016,Scotland,3,7.4,20,E85 Bioethanol Cars,Rural (not London),3.46993583662e-05,5.68018867853e-06,3.22533469443e-06
2016,Scotland,3,7.4,20,E85 Bioethanol LGV,Rural (not London),4.90477395942e-05,7.63452317187e-06,4.3354330046e-06
2016,Scotland,3,7.4,20,FCEV Bus,Rural (not London),0.0,2.27617347264e-05,1.1982392607e-05
2016,Scotland,3,7.4,20,FCEV Cars,Rural (not London),0.0,5.50764480067e-06,3.06141782858e-06
2016,Scotland,3,7.4,20,FCEV LGV,Rural (not London),0.0,7.46197929402e-06,4.17151613874e-06
2016,Scotland,3,7.4,20,Full Hybrid Diesel Cars,Rural (not London),0.000219467459829,1.46028114614e-05,1.17018262245e-05
2016,Scotland,3,7.4,20,Full Hybrid Petrol Cars,Rural (not London),1.73496791831e-05,5.72332464799e-06,3.26631379721e-06
2016,Scotland,3,7.4,20,Full Hybrid Petrol LGV,Rural (not London),1.15722568808e-05,7.67369783716e-06,4.3726486183e-06
2016,Scotland,3,7.4,20,Hybrid Bus,Rural (not London),0.00132508785464,3.5810713598e-05,2.43789218075e-05
2016,Scotland,3,7.4,20,LGV,Rural (not London),0.000332157476805,2.35113093368e-05,1.9418379452e-05
2016,Scotland,3,7.4,20,LPG Cars,Rural (not London),2.1111110982e-05,5.71936288907e-06,3.26255030814e-06
2016,Scotland,3,7.4,20,LPG LGV,Rural (not London),3.64579063898e-05,7.67369783716e-06,4.3726486183e-06
2016,Scotland,3,7.4,20,Motorcycle,Rural (not London),3.0505210816e-05,3.24010852637e-06,2.11119868254e-06
2016,Scotland,3,7.4,20,Petrol Car,Rural (not London),3.46993583662e-05,5.72332464799e-06,3.26631379721e-06
2016,Scotland,3,7.4,20,Plug-In Hybrid Petrol Cars,Rural (not London),4.57804308098e-05,5.56090526516e-06,3.11201529257e-06
2016,Scotland,3,7.4,20,Plug-In Hybrid Petrol LGV,Rural (not London),9.2086767836e-05,7.47757349018e-06,4.18633044319e-06
2016,Scotland,3,7.4,20,Rigid HGV,Rural (not London),0.00231439759955,8.19684428279e-05,6.81722012814e-05
2016,Scotland,3,7.4,25,Artic HGV,Rural (not London),0.00336093408987,0.000105099927168,8.88396898517e-05
2016,Scotland,3,7.4,25,B100 Artic HGV,Rural (not London),0.00369702745229,7.05093916622e-05,5.59786822123e-05
2016,Scotland,3,7.4,25,B100 Bus,Rural (not London),0.00271093985066,4.81296010548e-05,3.60818667104e-05
2016,Scotland,3,7.4,25,B100 Coach,Rural (not London),0.00365527020767,4.08561863878e-05,2.91721207759e-05
2016,Scotland,3,7.4,25,B100 Rigid HGV,Rural (not London),0.00222415896133,5.03354349348e-05,3.81208483304e-05
2016,Scotland,3,7.4,25,Battery EV Cars,Rural (not London),0.0,5.50764480067e-06,3.06141782858e-06
2016,Scotland,3,7.4,25,Battery EV LGV,Rural (not London),0.0,7.46197929402e-06,4.17151613874e-06
2016,Scotland,3,7.4,25,Biogas Bus,Rural (not London),0.00069444446126,2.41506240855e-05,1.33018365887e-05
2016,Scotland,3,7.4,25,Biomethane Bus,Rural (not London),0.00069444446126,2.41506240855e-05,1.33018365887e-05
2016,Scotland,3,7.4,25,Bus and Coach,Rural (not London),0.00270486576483,7.79646143201e-05,6.44251267659e-05
2016,Scotland,3,7.4,25,CNG Bus,Rural (not London),0.00069444446126,2.41506240855e-05,1.33018365887e-05
2016,Scotland,3,7.4,25,Diesel Car,Rural (not London),0.000231275931583,1.20788081404e-05,9.30402347876e-06
2016,Scotland,3,7.4,25,E85 Bioethanol Cars,Rural (not London),3.34169744747e-05,5.68018867853e-06,3.22533469443e-06
2016,Scotland,3,7.4,25,E85 Bioethanol LGV,Rural (not London),4.57244095742e-05,7.63452317187e-06,4.3354330046e-06
2016,Scotland,3,7.4,25,FCEV Bus,Rural (not London),0.0,2.27617347264e-05,1.1982392607e-05
2016,Scotland,3,7.4,25,FCEV Cars,Rural (not London),0.0,5.50764480067e-06,3.06141782858e-06
2016,Scotland,3,7.4,25,FCEV LGV,Rural (not London),0.0,7.46197929402e-06,4.17151613874e-06
2016,Scotland,3,7.4,25,Full Hybrid Diesel Cars,Rural (not London),0.000201674178243,1.4114494661e-05,1.12379248094e-05
2016,Scotland,3,7.4,25,Full Hybrid Petrol Cars,Rural (not London),1.67084872373e-05,5.72332464799e-06,3.26631379721e-06
2016,Scotland,3,7.4,25,Full Hybrid Petrol LGV,Rural (not London),1.0447751265e-05,7.67369783716e-06,4.3726486183e-06
2016,Scotland,3,7.4,25,Hybrid Bus,Rural (not London),0.00107416033279,3.41514169122e-05,2.28025910474e-05
2016,Scotland,3,7.4,25,LGV,Rural (not London),0.000308544025756,2.15184736589e-05,1.75251843757e-05
2016,Scotland,3,7.4,25,LPG Cars,Rural (not London),2.1111110982e-05,5.71936288907e-06,3.26255030814e-06
2016,Scotland,3,7.4,25,LPG LGV,Rural (not London),3.38312929671e-05,7.67369783716e-06,4.3726486183e-06
2016,Scotland,3,7.4,25,Motorcycle,Rural (not London),2.87666680379e-05,3.24010852637e-06,2.11119868254e-06
2016,Scotland,3,7.4,25,Petrol Car,Rural (not London),3.34169744747e-05,5.72332464799e-06,3.26631379721e-06
2016,Scotland,3,7.4,25,Plug-In Hybrid Petrol Cars,Rural (not London),4.70944942208e-05,5.56090526516e-06,3.11201529257e-06
2016,Scotland,3,7.4,25,Plug-In Hybrid Petrol LGV,Rural (not London),9.59468598012e-05,7.47776084609e-06,4.1865082494e-06
2016,Scotland,3,7.4,25,Rigid HGV,Rural (not London),0.00202196254395,7.26988437236e-05,5.93660879531e-05
2016,Scotland,3,7.4,30,Artic HGV,Rural (not London),0.00304530747235,9.52399859671e-05,7.94727457105e-05
2016,Scotland,3,7.4,30,B100 Artic HGV,Rural (not London),0.00334983831272,6.50864240015e-05,5.0826864026e-05
2016,Scotland,3,7.4,30,B100 Bus,Rural (not London),0.00238219299354,4.53948814538e-05,3.34838805429e-05
2016,Scotland,3,7.4,30,B100 Coach,Rural (not London),0.00314645306207,3.85327002732e-05,2.69648080575e-05
2016,Scotland,3,7.4,30,B100 Rigid HGV,Rural (not London),0.00200664508156,4.68519174319e-05,3.48115027009e-05
2016,Scotland,3,7.4,30,Battery EV Cars,Rural (not London),0.0,5.50764480067e-06,3.06141782858e-06
2016,Scotland,3,7.4,30,Battery EV LGV,Rural (not London),0.0,7.46197929402e-06,4.17151613874e-06
2016,Scotland,3,7.4,30,Biogas Bus,Rural (not London),0.00069444446126,2.41506240855e-05,1.33018365887e-05
2016,Scotland,3,7.4,30,Biomethane Bus,Rural (not London),0.00069444446126,2.41506240855e-05,1.33018365887e-05
2016,Scotland,3,7.4,30,Bus and Coach,Rural (not London),0.00236016884446,7.13335830369e-05,5.81256499572e-05
2016,Scotland,3,7.4,30,CNG Bus,Rural (not London),0.00069444446126,2.41506240855e-05,1.33018365887e-05
2016,Scotland,3,7.4,30,Diesel Car,Rural (not London),0.000217051972868,1.16669589261e-05,8.91276613402e-06
2016,Scotland,3,7.4,30,E85 Bioethanol Cars,Rural (not London),3.21611696563e-05,5.68018867853e-06,3.22533469443e-06
2016,Scotland,3,7.4,30,E85 Bioethanol LGV,Rural (not London),4.28023668064e-05,7.63452317187e-06,4.3354330046e-06
2016,Scotland,3,7.4,30,FCEV Bus,Rural (not London),0.0,2.27617347264e-05,1.1982392607e-05
2016,Scotland,3,7.4,30,FCEV Cars,Rural (not London),0.0,5.50764480067e-06,3.06141782858e-06
2016,Scotland,3,7.4,30,FCEV LGV,Rural (not London),0.0,7.46197929402e-06,4.17151613874e-06
2016,Scotland,3,7.4,30,Full Hybrid Diesel Cars,Rural (not London),0.000187142431969,1.36706157718e-05,1.08162403194e-05
2016,Scotland,3,7.4,30,Full Hybrid Petrol Cars,Rural (not London),1.60805848282e-05,5.72332464799e-06,3.26631379721e-06
2016,Scotland,3,7.4,30,Full Hybrid Petrol LGV,Rural (not London),9.44911244005e-06,7.67369783716e-06,4.3726486183e-06
2016,Scotland,3,7.4,30,Hybrid Bus,Rural (not London),0.000891491537914,3.29449358105e-05,2.16564312723e-05
2016,Scotland,3,7.4,30,LGV,Rural (not London),0.000287886301521,1.98392099264e-05,1.59298851941e-05
2016,Scotland,3,7.4,30,LPG Cars,Rural (not London),2.1111110982e-05,5.71936288907e-06,3.26255030814e-06
2016,Scotland,3,7.4,30,LPG LGV,Rural (not London),3.15816469083e-05,7.67369783716e-06,4.3726486183e-06
2016,Scotland,3,7.4,30,Motorcycle,Rural (not London),2.79448777292e-05,3.24010852637e-06,2.11119868254e-06
2016,Scotland,3,7.4,30,Petrol Car,Rural (not London),3.21611696563e-05,5.72332464799e-06,3.26631379721e-06
2016,Scotland,3,7.4,30,Plug-In Hybrid Petrol Cars,Rural (not London),4.85508753627e-05,5.56090526516e-06,3.11201529257e-06
2016,Scotland,3,7.4,30,Plug-In Hybrid Petrol LGV,Rural (not London),9.98912291834e-05,7.47847479943e-06,4.18718673245e-06
2016,Scotland,3,7.4,30,Rigid HGV,Rural (not London),0.00182422285434,6.63651735522e-05,5.33491001988e-05
2016,Scotland,3,7.4,35,Artic HGV,Rural (not London),0.00280642998405,8.81424202817e-05,7.27300575818e-05
2016,Scotland,3,7.4,35,B100 Artic HGV,Rural (not London),0.00308707286604,6.11827636021e-05,4.71183848276e-05
2016,Scotland,3,7.4,35,B100 Bus,Rural (not London),0.00214426103048,4.34243374912e-05,3.16118639603e-05
2016,Scotland,3,7.4,35,B100 Coach,Rural (not London),0.00279073463753,3.68288492609e-05,2.5346151233e-05
2016,Scotland,3,7.4,35,B100 Rigid HGV,Rural (not London),0.00185201468412,4.43242570327e-05,3.24102293234e-05
2016,Scotland,3,7.4,35,Battery EV Cars,Rural (not London),0.0,5.50764480067e-06,3.06141782858e-06
2016,Scotland,3,7.4,35,Battery EV LGV,Rural (not London),0.0,7.46197929402e-06,4.17151613874e-06
2016,Scotland,3,7.4,35,Biogas Bus,Rural (not London),0.00069444446126,2.41506240855e-05,1.33018365887e-05
2016,Scotland,3,7.4,35,Biomethane Bus,Rural (not London),0.00069444446126,2.41506240855e-05,1.33018365887e-05
2016,Scotland,3,7.4,35,Bus and Coach,Rural (not London),0.00211388501339,6.65078041493e-05,5.3541156376e-05
2016,Scotland,3,7.4,35,CNG Bus,Rural (not London),0.00069444446126,2.41506240855e-05,1.33018365887e-05
2016,Scotland,3,7.4,35,Diesel Car,Rural (not London),0.00020687871438,1.13322712423e-05,8.59481315274e-06
2016,Scotland,3,7.4,35,E85 Bioethanol Cars,Rural (not London),3.09343449771e-05,5.68018867853e-06,3.22533469443e-06
2016,Scotland,3,7.4,35,E85 Bioethanol LGV,Rural (not London),4.02517798648e-05,7.63452317187e-06,4.3354330046e-06
2016,Scotland,3,7.4,35,FCEV Bus,Rural (not London),0.0,2.27617347264e-05,1.1982392607e-05
2016,Scotland,3,7.4,35,FCEV Cars,Rural (not London),0.0,5.50764480067e-06,3.06141782858e-06
2016,Scotland,3,7.4,35,FCEV LGV,Rural (not London),0.0,7.46197929402e-06,4.17151613874e-06
2016,Scotland,3,7.4,35,Full Hybrid Diesel Cars,Rural (not London),0.000175001594471,1.32711766128e-05,1.04367727545e-05
2016,Scotland,3,7.4,35,Full Hybrid Petrol Cars,Rural (not London),1.54671724886e-05,5.72332464799e-06,3.26631379721e-06
2016,Scotland,3,7.4,35,Full Hybrid Petrol LGV,Rural (not London),8.56738734001e-06,7.67369783716e-06,4.3726486183e-06
2016,Scotland,3,7.4,35,Hybrid Bus,Rural (not London),0.000753102242015,3.20199178532e-05,2.07776647585e-05
2016,Scotland,3,7.4,35,LGV,Rural (not London),0.000270043005003,1.84735199582e-05,1.46324809975e-05
2016,Scotland,3,7.4,35,LPG Cars,Rural (not London),2.1111110982e-05,5.71936288907e-06,3.26255030814e-06
2016,Scotland,3,7.4,35,LPG LGV,Rural (not London),2.96652269753e-05,7.67369783716e-06,4.3726486183e-06
2016,Scotland,3,7.4,35,Motorcycle,Rural (not London),2.78772349702e-05,3.24010852637e-06,2.11119868254e-06
2016,Scotland,3,7.4,35,Petrol Car,Rural (not London),3.09343449771e-05,5.72332464799e-06,3.26631379721e-06
2016,Scotland,3,7.4,35,Plug-In Hybrid Petrol Cars,Rural (not London),5.01495742355e-05,5.56090526516e-06,3.11201529257e-06
2016,Scotland,3,7.4,35,Plug-In Hybrid Petrol LGV,Rural (not London),0.000103919868707,7.47956892155e-06,4.1882262849e-06
2016,Scotland,3,7.4,35,Rigid HGV,Rural (not London),0.00168364972342,6.17694313405e-05,4.89831436425e-05
2016,Scotland,3,7.4,40,Artic HGV,Rural (not London),0.00261853635311,8.28082702355e-05,6.7662615038e-05
2016,Scotland,3,7.4,40,B100 Artic HGV,Rural (not London),0.00288039003499,5.82489810768e-05,4.43312928837e-05
2016,Scotland,3,7.4,40,B100 Bus,Rural (not London),0.0019624219276,4.1951527237e-05,3.02126954921e-05
2016,Scotland,3,7.4,40,B100 Coach,Rural (not London),0.00253002019599,3.55252959707e-05,2.41077741521e-05
2016,Scotland,3,7.4,40,B100 Rigid HGV,Rural (not London),0.00173821498174,4.241276838e-05,3.0594314012e-05
2016,Scotland,3,7.4,40,Battery EV Cars,Rural (not London),0.0,5.50764480067e-06,3.06141782858e-06
2016,Scotland,3,7.4,40,Battery EV LGV,Rural (not London),0.0,7.46197929402e-06,4.17151613874e-06
2016,Scotland,3,7.4,40,Biogas Bus,Rural (not London),0.00069444446126,2.41506240855e-05,1.33018365887e-05
2016,Scotland,3,7.4,40,Biomethane Bus,Rural (not London),0.00069444446126,2.41506240855e-05,1.33018365887e-05
2016,Scotland,3,7.4,40,Bus and Coach,Rural (not London),0.00192849955056,6.28560155747e-05,5.00719579577e-05
2016,Scotland,3,7.4,40,CNG Bus,Rural (not London),0.00069444446126,2.41506240855e-05,1.33018365887e-05
2016,Scotland,3,7.4,40,Diesel Car,Rural (not London),0.000199464440811,1.10747459985e-05,8.35016453493e-06
2016,Scotland,3,7.4,40,E85 Bioethanol Cars,Rural (not London),2.97394963127e-05,5.68018867853e-06,3.22533469443e-06
2016,Scotland,3,7.4,40,E85 Bioethanol LGV,Rural (not London),3.80429191864e-05,7.63452317187e-06,4.3354330046e-06
2016,Scotland,3,7.4,40,FCEV Bus,Rural (not London),0.0,2.27617347264e-05,1.1982392607e-05
2016,Scotland,3,7.4,40,FCEV Cars,Rural (not London),0.0,5.50764480067e-06,3.06141782858e-06
2016,Scotland,3,7.4,40,FCEV LGV,Rural (not London),0.0,7.46197929402e-06,4.17151613874e-06
2016,Scotland,3,7.4,40,Full Hybrid Diesel Cars,Rural (not London),0.000164784520166,1.29161753648e-05,1.00995221146e-05
2016,Scotland,3,7.4,40,Full Hybrid Petrol Cars,Rural (not London),1.48697481563e-05,5.72332464799e-06,3.26631379721e-06
2016,Scotland,3,7.4,40,Full Hybrid Petrol LGV,Rural (not London),7.79362380854e-06,7.67369783716e-06,4.3726486183e-06
2016,Scotland,3,7.4,40,Hybrid Bus,Rural (not London),0.00064565485809,3.12911543006e-05,2.00853410206e-05
2016,Scotland,3,7.4,40,LGV,Rural (not London),0.000254936050624,1.74214055733e-05,1.36329708766e-05
2016,Scotland,3,7.4,40,LPG Cars,Rural (not London),2.1111110982e-05,5.71936288907e-06,3.26255030814e-06
2016,Scotland,3,7.4,40,LPG LGV,Rural (not London),2.80579770333e-05,7.67369783716e-06,4.3726486183e-06
2016,Scotland,3,7.4,40,Motorcycle,Rural (not London),2.84494035441e-05,3.24010852637e-06,2.11119868254e-06
2016,Scotland,3,7.4,40,Petrol Car,Rural (not London),2.97394963127e-05,5.72332464799e-06,3.26631379721e-06
2016,Scotland,3,7.4,40,Plug-In Hybrid Petrol Cars,Rural (not London),5.18905908393e-05,5.56090526516e-06,3.11201529257e-06
2016,Scotland,3,7.4,40,Plug-In Hybrid Petrol LGV,Rural (not London),0.000108032785647,7.48095635572e-06,4.18954459747e-06
2016,Scotland,3,7.4,40,Rigid HGV,Rural (not London),0.00158019550145,5.82939974265e-05,4.56814777863e-05
2016,Scotland,3,7.4,45,Artic HGV,Rural (not London),0.00246645207517,7.86700620665e-05,6.37313205516e-05
2016,Scotland,3,7.4,45,B100 Artic HGV,Rural (not London),0.00271309749223,5.59729669476e-05,4.21690783696e-05
2016,Scotland,3,7.4,45,B100 Bus,Rural (not London),0.00181791197974,4.08235682698e-05,2.91411342914e-05
2016,Scotland,3,7.4,45,B100 Coach,Rural (not London),0.00233232998289,3.44959626091e-05,2.31299090956e-05
2016,Scotland,3,7.4,45,B100 Rigid HGV,Rural (not London),0.00165241200011,4.09236345149e-05,2.91796350211e-05
2016,Scotland,3,7.4,45,Battery EV Cars,Rural (not London),0.0,5.50764480067e-06,3.06141782858e-06
2016,Scotland,3,7.4,45,Battery EV LGV,Rural (not London),0.0,7.46197929402e-06,4.17151613874e-06
2016,Scotland,3,7.4,45,Biogas Bus,Rural (not London),0.00069444446126,2.41506240855e-05,1.33018365887e-05
2016,Scotland,3,7.4,45,Biomethane Bus,Rural (not London),0.00069444446126,2.41506240855e-05,1.33018365887e-05
2016,Scotland,3,7.4,45,Bus and Coach,Rural (not London),0.00178359006532,6.00145285716e-05,4.7372544941e-05
2016,Scotland,3,7.4,45,CNG Bus,Rural (not London),0.00069444446126,2.41506240855e-05,1.33018365887e-05
2016,Scotland,3,7.4,45,Diesel Car,Rural (not London),0.000194046791876,1.08943831947e-05,8.17882028059e-06
2016,Scotland,3,7.4,45,E85 Bioethanol Cars,Rural (not London),2.85803434963e-05,5.68018867853e-06,3.22533469443e-06
2016,Scotland,3,7.4,45,E85 Bioethanol LGV,Rural (not London),3.61461788998e-05,7.63452317187e-06,4.3354330046e-06
2016,Scotland,3,7.4,45,FCEV Bus,Rural (not London),0.0,2.27617347264e-05,1.1982392607e-05
2016,Scotland,3,7.4,45,FCEV Cars,Rural (not London),0.0,5.50764480067e-06,3.06141782858e-06
2016,Scotland,3,7.4,45,FCEV LGV,Rural (not London),0.0,7.46197929402e-06,4.17151613874e-06
2016,Scotland,3,7.4,45,Full Hybrid Diesel Cars,Rural (not London),0.000156213005539,1.2605613847e-05,9.80448839982e-06
2016,Scotland,3,7.4,45,Full Hybrid Petrol Cars,Rural (not London),1.42901717481e-05,5.72332464799e-06,3.26631379721e-06
2016,Scotland,3,7.4,45,Full Hybrid Petrol LGV,Rural (not London),7.1188687798e-06,7.67369783716e-06,4.3726486183e-06
2016,Scotland,3,7.4,45,Hybrid Bus,Rural (not London),0.000561089836992,3.07153641188e-05,1.95383381651e-05
2016,Scotland,3,7.4,45,LGV,Rural (not London),0.000242518915911,1.66828631336e-05,1.29313566504e-05
2016,Scotland,3,7.4,45,LPG Cars,Rural (not London),2.1111110982e-05,5.71936288907e-06,3.26255030814e-06
2016,Scotland,3,7.4,45,LPG LGV,Rural (not London),2.67456980509e-05,7.67369783716e-06,4.3726486183e-06
2016,Scotland,3,7.4,45,Motorcycle,Rural (not London),2.95884692605e-05,3.24010852637e-06,2.11119868254e-06
2016,Scotland,3,7.4,45,Petrol Car,Rural (not London),2.85803434963e-05,5.72332464799e-06,3.26631379721e-06
2016,Scotland,3,7.4,45,Plug-In Hybrid Petrol Cars,Rural (not London),5.3773928812e-05,5.56090526516e-06,3.11201529257e-06
2016,Scotland,3,7.4,45,Plug-In Hybrid Petrol LGV,Rural (not London),0.000112229980004,7.48258253225e-06,4.19108891947e-06
2016,Scotland,3,7.4,45,Rigid HGV,Rural (not London),0.00150219269563,5.55864789931e-05,4.31093358202e-05
2016,Scotland,3,7.4,50,Artic HGV,Rural (not London),0.00234060292132,7.5381147326e-05,6.06068460911e-05
2016,Scotland,3,7.4,50,B100 Artic HGV,Rural (not London),0.00257466337644,5.41640620213e-05,4.04506172345e-05
2016,Scotland,3,7.4,50,B100 Bus,Rural (not London),0.00169964833185,3.99466298404e-05,2.83080444206e-05
2016,Scotland,3,7.4,50,B100 Coach,Rural (not London),0.00217862799764,3.36630509992e-05,2.23386432481e-05
2016,Scotland,3,7.4,50,B100 Rigid HGV,Rural (not London),0.00158665305935,3.9737962652e-05,2.80532458419e-05
2016,Scotland,3,7.4,50,Battery EV Cars,Rural (not London),0.0,5.50764480067e-06,3.06141782858e-06
2016,Scotland,3,7.4,50,Battery EV LGV,Rural (not London),0.0,7.46197929402e-06,4.17151613874e-06
2016,Scotland,3,7.4,50,Biogas Bus,Rural (not London),0.00069444446126,2.41506240855e-05,1.33018365887e-05
2016,Scotland,3,7.4,50,Biomethane Bus,Rural (not London),0.00069444446126,2.41506240855e-05,1.33018365887e-05
2016,Scotland,3,7.4,50,Bus and Coach,Rural (not London),0.00166705693118,5.77590617468e-05,4.52298518212e-05
2016,Scotland,3,7.4,50,CNG Bus,Rural (not London),0.00069444446126,2.41506240855e-05,1.33018365887e-05
2016,Scotland,3,7.4,50,Diesel Car,Rural (not London),0.000190154387383,1.07911837404e-05,8.08077948022e-06
2016,Scotland,3,7.4,50,E85 Bioethanol Cars,Rural (not London),2.74615449598e-05,5.68018867853e-06,3.22533469443e-06
2016,Scotland,3,7.4,50,E85 Bioethanol LGV,Rural (not London),3.45321059285e-05,7.63452317187e-06,4.3354330046e-06
2016,Scotland,3,7.4,50,FCEV Bus,Rural (not London),0.0,2.27617347264e-05,1.1982392607e-05
2016,Scotland,3,7.4,50,FCEV Cars,Rural (not London),0.0,5.50764480067e-06,3.06141782858e-06
2016,Scotland,3,7.4,50,FCEV LGV,Rural (not London),0.0,7.46197929402e-06,4.17151613874e-06
2016,Scotland,3,7.4,50,Full Hybrid Diesel Cars,Rural (not London),0.000149111278006,1.23394911498e-05,9.55167251959e-06
2016,Scotland,3,7.4,50,Full Hybrid Petrol Cars,Rural (not London),1.37307724799e-05,5.72332464799e-06,3.26631379721e-06
2016,Scotland,3,7.4,50,Full Hybrid Petrol LGV,Rural (not London),6.53417146168e-06,7.67369783716e-06,4.3726486183e-06
2016,Scotland,3,7.4,50,Hybrid Bus,Rural (not London),0.000494284555316,3.02700755128e-05,1.91153158084e-05
2016,Scotland,3,7.4,50,LGV,Rural (not London),0.000232762482483,1.62578962772e-05,1.25276374092e-05
2016,Scotland,3,7.4,50,LPG Cars,Rural (not London),2.1111110982e-05,5.71936288907e-06,3.26255030814e-06
2016,Scotland,3,7.4,50,LPG LGV,Rural (not London),2.57196115854e-05,7.67369783716e-06,4.3726486183e-06
2016,Scotland,3,7.4,50,Motorcycle,Rural (not London),3.12560732709e-05,3.24010852637e-06,2.11119868254e-06
2016,Scotland,3,7.4,50,Petrol Car,Rural (not London),2.74615449598e-05,5.72332464799e-06,3.26631379721e-06
2016,Scotland,3,7.4,50,Plug-In Hybrid Petrol Cars,Rural (not London),5.57995808776e-05,5.56090526516e-06,3.11201529257e-06
2016,Scotland,3,7.4,50,Plug-In Hybrid Petrol LGV,Rural (not London),0.000116511451779,7.48441289034e-06,4.19282787334e-06
2016,Scotland,3,7.4,50,Rigid HGV,Rural (not London),0.00144241191447,5.34307109774e-05,4.10613574786e-05
2016,Scotland,3,7.4,60,Artic HGV,Rural (not London),0.00214409246109,7.05289567122e-05,5.5997268646e-05
2016,Scotland,3,7.4,60,B100 Artic HGV,Rural (not London),0.00235850177705,5.14953608217e-05,3.79153498216e-05
2016,Scotland,3,7.4,60,B100 Bus,Rural (not London),0.00151621201076,3.8724130718e-05,2.71466669801e-05
2016,Scotland,3,7.4,60,B100 Coach,Rural (not London),0.00195913482457,3.23998865497e-05,2.11386341107e-05
2016,Scotland,3,7.4,60,B100 Rigid HGV,Rural (not London),0.00149625656195,3.79939447157e-05,2.63964302576e-05
2016,Scotland,3,7.4,60,Battery EV Cars,Rural (not London),0.0,5.50764480067e-06,3.06141782858e-06
2016,Scotland,3,7.4,60,Battery EV LGV,Rural (not London),0.0,7.46197929402e-06,4.17151613874e-06
2016,Scotland,3,7.4,60,Biogas Bus,Rural (not London),0.00069444446126,2.41506240855e-05,1.33018365887e-05
2016,Scotland,3,7.4,60,Biomethane Bus,Rural (not London),0.00069444446126,2.41506240855e-05,1.33018365887e-05
2016,Scotland,3,7.4,60,Bus and Coach,Rural (not London),0.00149111857172,5.44716167497e-05,4.21067779826e-05
2016,Scotland,3,7.4,60,CNG Bus,Rural (not London),0.00069444446126,2.41506240855e-05,1.33018365887e-05
2016,Scotland,3,7.4,60,Diesel Car,Rural (not London),0.00018586171791,1.08162703327e-05,8.10461278888e-06
2016,Scotland,3,7.4,60,E85 Bioethanol Cars,Rural (not London),2.53698926826e-05,5.61990782444e-06,3.16806767842e-06
2016,Scotland,3,7.4,60,E85 Bioethanol LGV,Rural (not London),3.20350191032e-05,7.57424231779e-06,4.27816621595e-06
2016,Scotland,3,7.4,60,FCEV Bus,Rural (not London),0.0,2.27617347264e-05,1.1982392607e-05
2016,Scotland,3,7.4,60,FCEV Cars,Rural (not London),0.0,5.50764480067e-06,3.06141782858e-06
2016,Scotland,3,7.4,60,FCEV LGV,Rural (not London),0.0,7.46197929402e-06,4.17151613874e-06
2016,Scotland,3,7.4,60,Full Hybrid Diesel Cars,Rural (not London),0.000138907809742,1.19405622172e-05,9.17268971534e-06
2016,Scotland,3,7.4,60,Full Hybrid Petrol Cars,Rural (not London),1.77589245141e-05,5.64797346669e-06,3.19473019772e-06
2016,Scotland,3,7.4,60,Full Hybrid Petrol LGV,Rural (not London),7.8387947724e-06,7.60025795898e-06,4.30288082498e-06
2016,Scotland,3,7.4,60,Hybrid Bus,Rural (not London),0.000500392750837,2.97346487059e-05,1.86066608876e-05
2016,Scotland,3,7.4,60,LGV,Rural (not London),0.000221163121751,1.63462173077e-05,1.26115419334e-05
2016,Scotland,3,7.4,60,LPG Cars,Rural (not London),1.94444437511e-05,5.64592301089e-06,3.19278251482e-06
2016,Scotland,3,7.4,60,LPG LGV,Rural (not London),2.22780308832e-05,7.60025795898e-06,4.30288082498e-06
2016,Scotland,3,7.4,60,Motorcycle,Rural (not London),3.61551356036e-05,3.24010852637e-06,2.11119868254e-06
2016,Scotland,3,7.4,60,Petrol Car,Rural (not London),2.53698926826e-05,5.64797346669e-06,3.19473019772e-06
2016,Scotland,3,7.4,60,Plug-In Hybrid Petrol Cars,Rural (not London),0.000301389227388,5.65981736145e-06,3.20598178405e-06
2016,Scotland,3,7.4,60,Plug-In Hybrid Petrol LGV,Rural (not London),0.000419149670051,7.5952248153e-06,4.29809961133e-06
2016,Scotland,3,7.4,60,Rigid HGV,Rural (not London),0.00136023317464,5.02597686136e-05,3.80489618692e-05
2016,Scotland,3,7.4,70,Artic HGV,Rural (not London),0.00199755630456,6.7183515057e-05,5.28191012563e-05
2016,Scotland,3,7.4,70,B100 Artic HGV,Rural (not London),0.0021973119583,4.96553657285e-05,3.61673592124e-05
2016,Scotland,3,7.4,70,B100 Bus,Rural (not London),0.00137915695086,3.80021665478e-05,2.64608024736e-05
2016,Scotland,3,7.4,70,B100 Coach,Rural (not London),0.00181527622044,3.14903554681e-05,2.02745795832e-05
2016,Scotland,3,7.4,70,B100 Rigid HGV,Rural (not London),0.00144231552258,3.68126420653e-05,2.52741938311e-05
2016,Scotland,3,7.4,70,Battery EV Cars,Rural (not London),0.0,5.50764480067e-06,3.06141782858e-06
2016,Scotland,3,7.4,70,Battery EV LGV,Rural (not London),0.0,7.46197929402e-06,4.17151613874e-06
2016,Scotland,3,7.4,70,Biogas Bus,Rural (not London),0.00069444446126,2.41506240855e-05,1.33018365887e-05
2016,Scotland,3,7.4,70,Biomethane Bus,Rural (not London),0.00069444446126,2.41506240855e-05,1.33018365887e-05
2016,Scotland,3,7.4,70,Bus and Coach,Rural (not London),0.00136479130015,5.23034759681e-05,4.00470453314e-05
2016,Scotland,3,7.4,70,CNG Bus,Rural (not London),0.00069444446126,2.41506240855e-05,1.33018365887e-05
2016,Scotland,3,7.4,70,Diesel Car,Rural (not London),0.000185335840797,1.11500075946e-05,8.42166264192e-06
2016,Scotland,3,7.4,70,E85 Bioethanol Cars,Rural (not London),2.42607056862e-05,5.61990782444e-06,3.16806767842e-06
2016,Scotland,3,7.4,70,E85 Bioethanol LGV,Rural (not London),3.20598483086e-05,7.57424231779e-06,4.27816621595e-06
2016,Scotland,3,7.4,70,FCEV Bus,Rural (not London),0.0,2.27617347264e-05,1.1982392607e-05
2016,Scotland,3,7.4,70,FCEV Cars,Rural (not London),0.0,5.50764480067e-06,3.06141782858e-06
2016,Scotland,3,7.4,70,FCEV LGV,Rural (not London),0.0,7.46197929402e-06,4.17151613874e-06
2016,Scotland,3,7.4,70,Full Hybrid Diesel Cars,Rural (not London),0.000133727662615,1.17193894766e-05,8.96257552085e-06
2016,Scotland,3,7.4,70,Full Hybrid Petrol Cars,Rural (not London),1.69824943441e-05,5.64797346669e-06,3.19473019772e-06
2016,Scotland,3,7.4,70,Full Hybrid Petrol LGV,Rural (not London),7.49118498788e-06,7.60025795898e-06,4.30288082498e-06
2016,Scotland,3,7.4,70,Hybrid Bus,Rural (not London),0.000441039883299,2.96947273455e-05,1.85687349585e-05
2016,Scotland,3,7.4,70,LGV,Rural (not London),0.000220112633542,1.7691298126e-05,1.3889368347e-05
2016,Scotland,3,7.4,70,LPG Cars,Rural (not London),1.94444437511e-05,5.64592301089e-06,3.19278251482e-06
2016,Scotland,3,7.4,70,LPG LGV,Rural (not London),2.21757763939e-05,7.60025795898e-06,4.30288082498e-06
2016,Scotland,3,7.4,70,Motorcycle,Rural (not London),4.32703454862e-05,3.24010852637e-06,2.11119868254e-06
2016,Scotland,3,7.4,70,Petrol Car,Rural (not London),2.42607056862e-05,5.64797346669e-06,3.19473019772e-06
2016,Scotland,3,7.4,70,Plug-In Hybrid Petrol Cars,Rural (not London),0.000326626905007,5.65981736145e-06,3.20598178405e-06
2016,Scotland,3,7.4,70,Plug-In Hybrid Petrol LGV,Rural (not London),0.000446366175311,7.620125416e-06,4.32175511378e-06
2016,Scotland,3,7.4,70,Rigid HGV,Rural (not London),0.00131119589787,4.81119495817e-05,3.60085359716e-05
2016,Scotland,3,7.4,80,Artic HGV,Rural (not London),0.00188416801393,6.48035056656e-05,5.05580865138e-05
2016,Scotland,3,7.4,80,B100 Artic HGV,Rural (not London),0.00207258481532,4.83463591081e-05,3.49237998307e-05
2016,Scotland,3,7.4,80,B100 Bus,Rural (not London),0.00127189827617,3.76550669898e-05,2.61310560745e-05
2016,Scotland,3,7.4,80,B100 Coach,Rural (not London),0.00171927420888,3.08589878841e-05,1.96747841983e-05
2016,Scotland,3,7.4,80,B100 Rigid HGV,Rural (not London),0.00141241110396,3.60087142326e-05,2.45104602072e-05
2016,Scotland,3,7.4,80,Battery EV Cars,Rural (not London),0.0,5.50764480067e-06,3.06141782858e-06
2016,Scotland,3,7.4,80,Battery EV LGV,Rural (not London),0.0,7.46197929402e-06,4.17151613874e-06
2016,Scotland,3,7.4,80,Biogas Bus,Rural (not London),0.00069444446126,2.41506240855e-05,1.33018365887e-05
2016,Scotland,3,7.4,80,Biomethane Bus,Rural (not London),0.00069444446126,2.41506240855e-05,1.33018365887e-05
2016,Scotland,3,7.4,80,Bus and Coach,Rural (not London),0.0012701486703,5.09235651407e-05,3.87361287721e-05
2016,Scotland,3,7.4,80,CNG Bus,Rural (not London),0.00069444446126,2.41506240855e-05,1.33018365887e-05
2016,Scotland,3,7.4,80,Diesel Car,Rural (not London),0.000188337886357,1.17923946164e-05,9.03193085833e-06
2016,Scotland,3,7.4,80,E85 Bioethanol Cars,Rural (not London),2.36875021074e-05,5.61990782444e-06,3.16806767842e-06
2016,Scotland,3,7.4,80,E85 Bioethanol LGV,Rural (not London),3.35582481057e-05,7.57424231779e-06,4.27816621595e-06
2016,Scotland,3,7.4,80,FCEV Bus,Rural (not London),0.0,2.27617347264e-05,1.1982392607e-05
2016,Scotland,3,7.4,80,FCEV Cars,Rural (not London),0.0,5.50764480067e-06,3.06141782858e-06
2016,Scotland,3,7.4,80,FCEV LGV,Rural (not London),0.0,7.46197929402e-06,4.17151613874e-06
2016,Scotland,3,7.4,80,Full Hybrid Diesel Cars,Rural (not London),0.000133586145239,1.16759720186e-05,8.92132902663e-06
2016,Scotland,3,7.4,80,Full Hybrid Petrol Cars,Rural (not London),1.65812525665e-05,5.64797346669e-06,3.19473019772e-06
2016,Scotland,3,7.4,80,Full Hybrid Petrol LGV,Rural (not London),7.6952692325e-06,7.60025795898e-06,4.30288082498e-06
2016,Scotland,3,7.4,80,Hybrid Bus,Rural (not London),0.000435059482697,3.03017859551e-05,1.9145440092e-05
2016,Scotland,3,7.4,80,LGV,Rural (not London),0.000229562443565,2.02906740014e-05,1.63587756106e-05
2016,Scotland,3,7.4,80,LPG Cars,Rural (not London),1.94444437511e-05,5.64592301089e-06,3.19278251482e-06
2016,Scotland,3,7.4,80,LPG LGV,Rural (not London),2.30706555158e-05,7.60025795898e-06,4.30288082498e-06
2016,Scotland,3,7.4,80,Motorcycle,Rural (not London),5.28395394213e-05,3.24010852637e-06,2.11119868254e-06
2016,Scotland,3,7.4,80,Petrol Car,Rural (not London),2.36875021074e-05,5.64797346669e-06,3.19473019772e-06
2016,Scotland,3,7.4,80,Plug-In Hybrid Petrol Cars,Rural (not London),0.000354710937245,5.65981736145e-06,3.20598178405e-06
2016,Scotland,3,7.4,80,Plug-In Hybrid Petrol LGV,Rural (not London),0.000474054599181,7.64980995882e-06,4.349955816e-06
2016,Scotland,3,7.4,80,Rigid HGV,Rural (not London),0.00128401012626,4.66502569907e-05,3.46199267369e-05
2016,Scotland,3,7.4,90,Artic HGV,Rural (not London),0.00182775605936,6.37076736894e-05,4.95170534123e-05
2016,Scotland,3,7.4,90,B100 Artic HGV,Rural (not London),0.0020105317235,4.77436551591e-05,3.43512328982e-05
2016,Scotland,3,7.4,90,B100 Bus,Rural (not London),0.00121778110042,3.7608519051e-05,2.60868382611e-05
2016,Scotland,3,7.4,90,B100 Coach,Rural (not London),0.00165589840617,3.0297851481e-05,1.91417038877e-05
2016,Scotland,3,7.4,90,B100 Rigid HGV,Rural (not London),0.00140305655077,3.56637137884e-05,2.41827110585e-05
2016,Scotland,3,7.4,90,Battery EV Cars,Rural (not London),0.0,5.50764480067e-06,3.06141782858e-06
2016,Scotland,3,7.4,90,Battery EV LGV,Rural (not London),0.0,7.46197929402e-06,4.17151613874e-06
2016,Scotland,3,7.4,90,Biogas Bus,Rural (not London),0.00069444446126,2.41506240855e-05,1.33018365887e-05
2016,Scotland,3,7.4,90,Biomethane Bus,Rural (not London),0.00069444446126,2.41506240855e-05,1.33018365887e-05
2016,Scotland,3,7.4,90,Bus and Coach,Rural (not London),0.00121859449428,5.01395225001e-05,3.79912889912e-05
2016,Scotland,3,7.4,90,CNG Bus,Rural (not London),0.00069444446126,2.41506240855e-05,1.33018365887e-05
2016,Scotland,3,7.4,90,Diesel Car,Rural (not London),0.00019546096155,1.27434323076e-05,9.93541561911e-06
2016,Scotland,3,7.4,90,E85 Bioethanol Cars,Rural (not London),2.35521492868e-05,5.66627022636e-06,3.21211200571e-06
2016,Scotland,3,7.4,90,E85 Bioethanol LGV,Rural (not London),3.58308316208e-05,7.6206047197e-06,4.32221031588e-06
2016,Scotland,3,7.4,90,FCEV Bus,Rural (not London),0.0,2.27617347264e-05,1.1982392607e-05
2016,Scotland,3,7.4,90,FCEV Cars,Rural (not London),0.0,5.50764480067e-06,3.06141782858e-06
2016,Scotland,3,7.4,90,FCEV LGV,Rural (not London),0.0,7.46197929402e-06,4.17151613874e-06
2016,Scotland,3,7.4,90,Full Hybrid Diesel Cars,Rural (not London),0.000138910341775,1.18103107525e-05,9.04895023268e-06
2016,Scotland,3,7.4,90,Full Hybrid Petrol Cars,Rural (not London),2.11969345401e-05,5.70592646909e-06,3.24978555e-06
2016,Scotland,3,7.4,90,Full Hybrid Petrol LGV,Rural (not London),1.05265380625e-05,7.65881122788e-06,4.35850643044e-06
2016,Scotland,3,7.4,90,Hybrid Bus,Rural (not London),0.000455785368104,3.10041432385e-05,1.9812679966e-05
2016,Scotland,3,7.4,90,LGV,Rural (not London),0.000249525124673,2.414624214e-05,2.00215654331e-05
2016,Scotland,3,7.4,90,LPG Cars,Rural (not London),2.16666667257e-05,5.70447627979e-06,3.24840812027e-06
2016,Scotland,3,7.4,90,LPG LGV,Rural (not London),2.24754403462e-05,7.65881122788e-06,4.35850643044e-06
2016,Scotland,3,7.4,90,Motorcycle,Rural (not London),6.4995190769e-05,3.24010852637e-06,2.11119868254e-06
2016,Scotland,3,7.4,90,Petrol Car,Rural (not London),2.35521492868e-05,5.70592646909e-06,3.24978555e-06
2016,Scotland,3,7.4,90,Plug-In Hybrid Petrol Cars,Rural (not London),0.000694154470693,5.79048719374e-06,3.33011826115e-06
2016,Scotland,3,7.4,90,Plug-In Hybrid Petrol LGV,Rural (not London),0.000850632844958,7.86560940469e-06,4.55496456198e-06
2016,Scotland,3,7.4,90,Rigid HGV,Rural (not London),0.001275505987,4.60229857708e-05,3.40240185324e-05
2016,Scotland,3,7.4,100,Artic HGV,Rural (not London),0.00182775605936,6.37076736894e-05,4.95170534123e-05
2016,Scotland,3,7.4,100,B100 Artic HGV,Rural (not London),0.0020105317235,4.77436551591e-05,3.43512328982e-05
2016,Scotland,3,7.4,100,B100 Bus,Rural (not London),0.00121778110042,3.7608519051e-05,2.60868382611e-05
2016,Scotland,3,7.4,100,B100 Coach,Rural (not London),0.00161615037359,2.9889646612e-05,1.87539080798e-05
2016,Scotland,3,7.4,100,B100 Rigid HGV,Rural (not London),0.00140305655077,3.56637137884e-05,2.41827110585e-05
2016,Scotland,3,7.4,100,Battery EV Cars,Rural (not London),0.0,5.50764480067e-06,3.06141782858e-06
2016,Scotland,3,7.4,100,Battery EV LGV,Rural (not London),0.0,7.46197929402e-06,4.17151613874e-06
2016,Scotland,3,7.4,100,Biogas Bus,Rural (not London),0.00069444446126,2.41506240855e-05,1.33018365887e-05
2016,Scotland,3,7.4,100,Biomethane Bus,Rural (not London),0.00069444446126,2.41506240855e-05,1.33018365887e-05
2016,Scotland,3,7.4,100,Bus and Coach,Rural (not London),0.00120847683866,4.9560534535e-05,3.74412520614e-05
2016,Scotland,3,7.4,100,CNG Bus,Rural (not London),0.00069444446126,2.41506240855e-05,1.33018365887e-05
2016,Scotland,3,7.4,100,Diesel Car,Rural (not London),0.000208494369872,1.40031188494e-05,1.11321187433e-05
2016,Scotland,3,7.4,100,E85 Bioethanol Cars,Rural (not London),2.43152353505e-05,5.66627022636e-06,3.21211200571e-06
2016,Scotland,3,7.4,100,E85 Bioethanol LGV,Rural (not London),3.89555825677e-05,7.6206047197e-06,4.32221031588e-06
2016,Scotland,3,7.4,100,FCEV Bus,Rural (not London),0.0,2.27617347264e-05,1.1982392607e-05
2016,Scotland,3,7.4,100,FCEV Cars,Rural (not London),0.0,5.50764480067e-06,3.06141782858e-06
2016,Scotland,3,7.4,100,FCEV LGV,Rural (not London),0.0,7.46197929402e-06,4.17151613874e-06
2016,Scotland,3,7.4,100,Full Hybrid Diesel Cars,Rural (not London),0.000150619103806,1.21224047689e-05,9.34544004849e-06
2016,Scotland,3,7.4,100,Full Hybrid Petrol Cars,Rural (not London),2.18837103603e-05,5.70592646909e-06,3.24978555e-06
2016,Scotland,3,7.4,100,Full Hybrid Petrol LGV,Rural (not London),1.15293833005e-05,7.65881122788e-06,4.35850643044e-06
2016,Scotland,3,7.4,100,Hybrid Bus,Rural (not London),0.000455785368104,3.10041432385e-05,1.9812679966e-05
2016,Scotland,3,7.4,100,LGV,Rural (not London),0.000280110049061,2.92542081297e-05,2.48741325777e-05
2016,Scotland,3,7.4,100,LPG Cars,Rural (not London),2.16666667257e-05,5.70447627979e-06,3.24840812027e-06
2016,Scotland,3,7.4,100,LPG LGV,Rural (not London),2.51210149145e-05,7.65881122788e-06,4.35850643044e-06
2016,Scotland,3,7.4,100,Motorcycle,Rural (not London),7.95449668658e-05,3.24010852637e-06,2.11119868254e-06
2016,Scotland,3,7.4,100,Petrol Car,Rural (not London),2.43152353505e-05,5.70592646909e-06,3.24978555e-06
2016,Scotland,3,7.4,100,Plug-In Hybrid Petrol Cars,Rural (not London),0.000754952663556,5.79048719374e-06,3.33011826115e-06
2016,Scotland,3,7.4,100,Plug-In Hybrid Petrol LGV,Rural (not London),0.000897733261809,7.94877450971e-06,4.63397145722e-06
2016,Scotland,3,7.4,100,Rigid HGV,Rural (not London),0.001275505987,4.60229857708e-05,3.40240185324e-05
2016,Scotland,3,7.4,110,Artic HGV,Rural (not London),0.00182775605936,6.37076736894e-05,4.95170534123e-05
2016,Scotland,3,7.4,110,B100 Artic HGV,Rural (not London),0.0020105317235,4.77436551591e-05,3.43512328982e-05
2016,Scotland,3,7.4,110,B100 Bus,Rural (not London),0.00121778110042,3.7608519051e-05,2.60868382611e-05
2016,Scotland,3,7.4,110,B100 Coach,Rural (not London),0.00160329439677,2.97962760669e-05,1.86652068805e-05
2016,Scotland,3,7.4,110,B100 Rigid HGV,Rural (not London),0.00140305655077,3.56637137884e-05,2.41827110585e-05
2016,Scotland,3,7.4,110,Battery EV Cars,Rural (not London),0.0,5.50764480067e-06,3.06141782858e-06
2016,Scotland,3,7.4,110,Battery EV LGV,Rural (not London),0.0,7.46197929402e-06,4.17151613874e-06
2016,Scotland,3,7.4,110,Biogas Bus,Rural (not London),0.00069444446126,2.41506240855e-05,1.33018365887e-05
2016,Scotland,3,7.4,110,Biomethane Bus,Rural (not London),0.00069444446126,2.41506240855e-05,1.33018365887e-05
2016,Scotland,3,7.4,110,Bus and Coach,Rural (not London),0.00120520440396,4.93127554364e-05,3.72058602807e-05
2016,Scotland,3,7.4,110,CNG Bus,Rural (not London),0.00069444446126,2.41506240855e-05,1.33018365887e-05
2016,Scotland,3,7.4,110,Diesel Car,Rural (not London),0.000231843077927,1.55714551511e-05,1.26220384118e-05
2016,Scotland,3,7.4,110,E85 Bioethanol Cars,Rural (not London),2.68251442321e-05,5.66627022636e-06,3.21211200571e-06
2016,Scotland,3,7.4,110,E85 Bioethanol LGV,Rural (not London),4.30761465395e-05,7.6206047197e-06,4.32221031588e-06
2016,Scotland,3,7.4,110,FCEV Bus,Rural (not London),0.0,2.27617347264e-05,1.1982392607e-05
2016,Scotland,3,7.4,110,FCEV Cars,Rural (not London),0.0,5.50764480067e-06,3.06141782858e-06
2016,Scotland,3,7.4,110,FCEV LGV,Rural (not London),0.0,7.46197929402e-06,4.17151613874e-06
2016,Scotland,3,7.4,110,Full Hybrid Diesel Cars,Rural (not London),0.000170342624187,1.26122540678e-05,9.81079665507e-06
2016,Scotland,3,7.4,110,Full Hybrid Petrol Cars,Rural (not London),2.4142629627e-05,5.70592646909e-06,3.24978555e-06
2016,Scotland,3,7.4,110,Full Hybrid Petrol LGV,Rural (not London),1.29024547277e-05,7.65881122788e-06,4.35850643044e-06
2016,Scotland,3,7.4,110,Hybrid Bus,Rural (not London),0.000455785368104,3.10041432385e-05,1.9812679966e-05
2016,Scotland,3,7.4,110,LGV,Rural (not London),0.000321585102938,3.56164709956e-05,3.09182833007e-05
2016,Scotland,3,7.4,110,LPG Cars,Rural (not London),2.16666667257e-05,5.70447627979e-06,3.24840812027e-06
2016,Scotland,3,7.4,110,LPG LGV,Rural (not London),2.87674374704e-05,7.65881122788e-06,4.35850643044e-06
2016,Scotland,3,7.4,110,Motorcycle,Rural (not London),8.92860043678e-05,3.24010852637e-06,2.11119868254e-06
2016,Scotland,3,7.4,110,Petrol Car,Rural (not London),2.68251442321e-05,5.70592646909e-06,3.24978555e-06
2016,Scotland,3,7.4,110,Plug-In Hybrid Petrol Cars,Rural (not London),0.000820874294732,5.79048719374e-06,3.33011826115e-06
2016,Scotland,3,7.4,110,Plug-In Hybrid Petrol LGV,Rural (not London),0.000945440493524,8.05766558187e-06,4.73741783935e-06
2016,Scotland,3,7.4,110,Rigid HGV,Rural (not London),0.001275505987,4.60229857708e-05,3.40240185324e-05
2016,Scotland,3,7.4,120,Artic HGV,Rural (not London),0.00182775605936,6.37076736894e-05,4.95170534123e-05
2016,Scotland,3,7.4,120,B100 Artic HGV,Rural (not London),0.0020105317235,4.77436551591e-05,3.43512328982e-05
2016,Scotland,3,7.4,120,B100 Bus,Rural (not London),0.00121778110042,3.7608519051e-05,2.60868382611e-05
2016,Scotland,3,7.4,120,B100 Coach,Rural (not London),0.00160329439677,2.97962760669e-05,1.86652068805e-05
2016,Scotland,3,7.4,120,B100 Rigid HGV,Rural (not London),0.00140305655077,3.56637137884e-05,2.41827110585e-05
2016,Scotland,3,7.4,120,Battery EV Cars,Rural (not London),0.0,5.50764480067e-06,3.06141782858e-06
2016,Scotland,3,7.4,120,Battery EV LGV,Rural (not London),0.0,7.46197929402e-06,4.17151613874e-06
2016,Scotland,3,7.4,120,Biogas Bus,Rural (not London),0.00069444446126,2.41506240855e-05,1.33018365887e-05
2016,Scotland,3,7.4,120,Biomethane Bus,Rural (not London),0.00069444446126,2.41506240855e-05,1.33018365887e-05
2016,Scotland,3,7.4,120,Bus and Coach,Rural (not London),0.00120520440396,4.93127554364e-05,3.72058602807e-05
2016,Scotland,3,7.4,120,CNG Bus,Rural (not London),0.00069444446126,2.41506240855e-05,1.33018365887e-05
2016,Scotland,3,7.4,120,Diesel Car,Rural (not London),0.000277828337857,1.74484430318e-05,1.44051755342e-05
2016,Scotland,3,7.4,120,E85 Bioethanol Cars,Rural (not London),3.25310611515e-05,5.66627022636e-06,3.21211200571e-06
2016,Scotland,3,7.4,120,E85 Bioethanol LGV,Rural (not London),4.79439731862e-05,7.6206047197e-06,4.32221031588e-06
2016,Scotland,3,7.4,120,FCEV Bus,Rural (not London),0.0,2.27617347264e-05,1.1982392607e-05
2016,Scotland,3,7.4,120,FCEV Cars,Rural (not London),0.0,5.50764480067e-06,3.06141782858e-06
2016,Scotland,3,7.4,120,FCEV LGV,Rural (not London),0.0,7.46197929402e-06,4.17151613874e-06
2016,Scotland,3,7.4,120,Full Hybrid Diesel Cars,Rural (not London),0.000200883136131,1.32798595587e-05,1.04450218714e-05
2016,Scotland,3,7.4,120,Full Hybrid Petrol Cars,Rural (not London),2.92779568554e-05,5.70592646909e-06,3.24978555e-06
2016,Scotland,3,7.4,120,Full Hybrid Petrol LGV,Rural (not London),1.46457514347e-05,7.65881122788e-06,4.35850643044e-06
2016,Scotland,3,7.4,120,Hybrid Bus,Rural (not London),0.000455785368104,3.10041432385e-05,1.9812679966e-05
2016,Scotland,3,7.4,120,LGV,Rural (not London),0.000324491207721,3.57493263436e-05,3.10444956995e-05
2016,Scotland,3,7.4,120,LPG Cars,Rural (not London),2.16666667257e-05,5.70447627979e-06,3.24840812027e-06
2016,Scotland,3,7.4,120,LPG LGV,Rural (not London),2.94681594823e-05,7.65881122788e-06,4.35850643044e-06
2016,Scotland,3,7.4,120,Motorcycle,Rural (not London),0.000100774988823,3.24010852637e-06,2.11119868254e-06
2016,Scotland,3,7.4,120,Petrol Car,Rural (not London),3.25310611515e-05,5.70592646909e-06,3.24978555e-06
2016,Scotland,3,7.4,120,Plug-In Hybrid Petrol Cars,Rural (not London),0.000891919422429,5.79048719374e-06,3.33011826115e-06
2016,Scotland,3,7.4,120,Plug-In Hybrid Petrol LGV,Rural (not London),0.000957748328801,8.20387776912e-06,4.87631950818e-06
2016,Scotland,3,7.4,120,Rigid HGV,Rural (not London),0.001275505987,4.60229857708e-05,3.40240185324e-05
2016,Scotland,3,7.4,130,Artic HGV,Rural (not London),0.00182775605936,6.37076736894e-05,4.95170534123e-05
2016,Scotland,3,7.4,130,B100 Artic HGV,Rural (not London),0.0020105317235,4.77436551591e-05,3.43512328982e-05
2016,Scotland,3,7.4,130,B100 Bus,Rural (not London),0.00121778110042,3.7608519051e-05,2.60868382611e-05
2016,Scotland,3,7.4,130,B100 Coach,Rural (not London),0.00160329439677,2.97962760669e-05,1.86652068805e-05
2016,Scotland,3,7.4,130,B100 Rigid HGV,Rural (not London),0.00140305655077,3.56637137884e-05,2.41827110585e-05
2016,Scotland,3,7.4,130,Battery EV Cars,Rural (not London),0.0,5.50764480067e-06,3.06141782858e-06
2016,Scotland,3,7.4,130,Battery EV LGV,Rural (not London),0.0,7.46197929402e-06,4.17151613874e-06
2016,Scotland,3,7.4,130,Biogas Bus,Rural (not London),0.00069444446126,2.41506240855e-05,1.33018365887e-05
2016,Scotland,3,7.4,130,Biomethane Bus,Rural (not London),0.00069444446126,2.41506240855e-05,1.33018365887e-05
2016,Scotland,3,7.4,130,Bus and Coach,Rural (not London),0.00120520440396,4.93127554364e-05,3.72058602807e-05
2016,Scotland,3,7.4,130,CNG Bus,Rural (not London),0.00069444446126,2.41506240855e-05,1.33018365887e-05
2016,Scotland,3,7.4,130,Diesel Car,Rural (not London),0.000277828337857,1.96340788534e-05,1.64815301105e-05
2016,Scotland,3,7.4,130,E85 Bioethanol Cars,Rural (not London),4.34945104644e-05,5.66627022636e-06,3.21211200571e-06
2016,Scotland,3,7.4,130,E85 Bioethanol LGV,Rural (not London),4.98004555993e-05,7.6206047197e-06,4.32221031588e-06
2016,Scotland,3,7.4,130,FCEV Bus,Rural (not London),0.0,2.27617347264e-05,1.1982392607e-05
2016,Scotland,3,7.4,130,FCEV Cars,Rural (not London),0.0,5.50764480067e-06,3.06141782858e-06
2016,Scotland,3,7.4,130,FCEV LGV,Rural (not London),0.0,7.46197929402e-06,4.17151613874e-06
2016,Scotland,3,7.4,130,Full Hybrid Diesel Cars,Rural (not London),0.000247190648224,1.41252212416e-05,1.12481156975e-05
2016,Scotland,3,7.4,130,Full Hybrid Petrol Cars,Rural (not London),3.91450594179e-05,5.70592646909e-06,3.24978555e-06
2016,Scotland,3,7.4,130,Full Hybrid Petrol LGV,Rural (not London),1.47275250129e-05,7.65881122788e-06,4.35850643044e-06
2016,Scotland,3,7.4,130,Hybrid Bus,Rural (not London),0.000455785368104,3.10041432385e-05,1.9812679966e-05
2016,Scotland,3,7.4,130,LGV,Rural (not London),0.000324551947415,3.59040277544e-05,3.11914627673e-05
2016,Scotland,3,7.4,130,LPG Cars,Rural (not London),2.16666667257e-05,5.70447627979e-06,3.24840812027e-06
2016,Scotland,3,7.4,130,LPG LGV,Rural (not London),2.94681594823e-05,7.65881122788e-06,4.35850643044e-06
2016,Scotland,3,7.4,130,Motorcycle,Rural (not London),0.000114116330224,3.24010852637e-06,2.11119868254e-06
2016,Scotland,3,7.4,130,Petrol Car,Rural (not London),4.34945104644e-05,5.70592646909e-06,3.24978555e-06
2016,Scotland,3,7.4,130,Plug-In Hybrid Petrol Cars,Rural (not London),0.00096808798844,5.79048719374e-06,3.33011826115e-06
2016,Scotland,3,7.4,130,Plug-In Hybrid Petrol LGV,Rural (not London),0.000970662920736,8.40423581394e-06,5.06665946887e-06
2016,Scotland,3,7.4,130,Rigid HGV,Rural (not London),0.001275505987,4.60229857708e-05,3.40240185324e-05
2016,Scotland,3,7.4,140,Artic HGV,Rural (not London),0.00182775605936,6.37076736894e-05,4.95170534123e-05
2016,Scotland,3,7.4,140,B100 Artic HGV,Rural (not London),0.0020105317235,4.77436551591e-05,3.43512328982e-05
2016,Scotland,3,7.4,140,B100 Bus,Rural (not London),0.00121778110042,3.7608519051e-05,2.60868382611e-05
2016,Scotland,3,7.4,140,B100 Coach,Rural (not London),0.00160329439677,2.97962760669e-05,1.86652068805e-05
2016,Scotland,3,7.4,140,B100 Rigid HGV,Rural (not London),0.00140305655077,3.56637137884e-05,2.41827110585e-05
2016,Scotland,3,7.4,140,Battery EV Cars,Rural (not London),0.0,5.50764480067e-06,3.06141782858e-06
2016,Scotland,3,7.4,140,Battery EV LGV,Rural (not London),0.0,7.46197929402e-06,4.17151613874e-06
2016,Scotland,3,7.4,140,Biogas Bus,Rural (not London),0.00069444446126,2.41506240855e-05,1.33018365887e-05
2016,Scotland,3,7.4,140,Biomethane Bus,Rural (not London),0.00069444446126,2.41506240855e-05,1.33018365887e-05
2016,Scotland,3,7.4,140,Bus and Coach,Rural (not London),0.00120520440396,4.93127554364e-05,3.72058602807e-05
2016,Scotland,3,7.4,140,CNG Bus,Rural (not London),0.00069444446126,2.41506240855e-05,1.33018365887e-05
2016,Scotland,3,7.4,140,Diesel Car,Rural (not London),0.000277828337857,1.96340788534e-05,1.64815301105e-05
2016,Scotland,3,7.4,140,E85 Bioethanol Cars,Rural (not London),4.34945104644e-05,5.66627022636e-06,3.21211200571e-06
2016,Scotland,3,7.4,140,E85 Bioethanol LGV,Rural (not London),4.98004555993e-05,7.6206047197e-06,4.32221031588e-06
2016,Scotland,3,7.4,140,FCEV Bus,Rural (not London),0.0,2.27617347264e-05,1.1982392607e-05
2016,Scotland,3,7.4,140,FCEV Cars,Rural (not London),0.0,5.50764480067e-06,3.06141782858e-06
2016,Scotland,3,7.4,140,FCEV LGV,Rural (not London),0.0,7.46197929402e-06,4.17151613874e-06
2016,Scotland,3,7.4,140,Full Hybrid Diesel Cars,Rural (not London),0.000247190648224,1.41252212416e-05,1.12481156975e-05
2016,Scotland,3,7.4,140,Full Hybrid Petrol Cars,Rural (not London),3.91450594179e-05,5.70592646909e-06,3.24978555e-06
2016,Scotland,3,7.4,140,Full Hybrid Petrol LGV,Rural (not London),1.47275250129e-05,7.65881122788e-06,4.35850643044e-06
2016,Scotland,3,7.4,140,Hybrid Bus,Rural (not London),0.000455785368104,3.10041432385e-05,1.9812679966e-05
2016,Scotland,3,7.4,140,LGV,Rural (not London),0.000324551947415,3.59040277544e-05,3.11914627673e-05
2016,Scotland,3,7.4,140,LPG Cars,Rural (not London),2.16666667257e-05,5.70447627979e-06,3.24840812027e-06
2016,Scotland,3,7.4,140,LPG LGV,Rural (not London),2.94681594823e-05,7.65881122788e-06,4.35850643044e-06
2016,Scotland,3,7.4,140,Motorcycle,Rural (not London),0.000129376232508,3.24010852637e-06,2.11119868254e-06
2016,Scotland,3,7.4,140,Petrol Car,Rural (not London),4.34945104644e-05,5.70592646909e-06,3.24978555e-06
2016,Scotland,3,7.4,140,Plug-In Hybrid Petrol Cars,Rural (not London),0.00096808798844,5.79048719374e-06,3.33011826115e-06
2016,Scotland,3,7.4,140,Plug-In Hybrid Petrol LGV,Rural (not London),0.000970662920736,8.61939042807e-06,5.27105703441e-06
2016,Scotland,3,7.4,140,Rigid HGV,Rural (not London),0.001275505987,4.60229857708e-05,3.40240185324e-05
2016,Scotland,3,7.4,5,Artic HGV,Urban (not London),0.00507698534057,0.000175265959115,0.000151248052134
2016,Scotland,3,7.4,5,B100 Artic HGV,Urban (not London),0.00558468420058,0.000113164591312,9.2251742899e-05
2016,Scotland,3,7.4,5,B100 Bus,Urban (not London),0.00534284953028,7.59113681852e-05,5.81164276809e-05
2016,Scotland,3,7.4,5,B100 Coach,Urban (not London),0.00711614871398,6.52221642667e-05,4.7961682867e-05
2016,Scotland,3,7.4,5,B100 Rigid HGV,Urban (not London),0.00354241766036,7.93443978182e-05,6.17499681539e-05
2016,Scotland,3,7.4,5,Battery EV Cars,Urban (not London),0.0,7.75497937866e-06,4.12188956034e-06
2016,Scotland,3,7.4,5,Battery EV LGV,Urban (not London),0.0,1.09782886284e-05,5.83317932978e-06
2016,Scotland,3,7.4,5,Biogas Bus,Urban (not London),0.00069444446126,3.27659035975e-05,1.71282354131e-05
2016,Scotland,3,7.4,5,Biomethane Bus,Urban (not London),0.00069444446126,3.27659035975e-05,1.71282354131e-05
2016,Scotland,3,7.4,5,Bus and Coach,Urban (not London),0.00530852098018,0.000129415828269,0.000108945656393
2016,Scotland,3,7.4,5,CNG Bus,Urban (not London),0.00069444446126,3.27659035975e-05,1.71282354131e-05
2016,Scotland,3,7.4,5,Diesel Car,Urban (not London),0.000337644887622,1.60246672749e-05,1.19780934256e-05
2016,Scotland,3,7.4,5,E85 Bioethanol Cars,Urban (not London),3.66074891645e-05,7.92752325651e-06,4.2858064262e-06
2016,Scotland,3,7.4,5,E85 Bioethanol LGV,Urban (not London),5.39200736966e-05,1.11508325062e-05,5.9970957409e-06
2016,Scotland,3,7.4,5,FCEV Bus,Urban (not London),0.0,3.13770142384e-05,1.58087914315e-05
2016,Scotland,3,7.4,5,FCEV Cars,Urban (not London),0.0,7.75497937866e-06,4.12188956034e-06
2016,Scotland,3,7.4,5,FCEV LGV,Urban (not London),0.0,1.09782886284e-05,5.83317932978e-06
2016,Scotland,3,7.4,5,Full Hybrid Diesel Cars,Urban (not London),0.00027608484379,1.79600974661e-05,1.3816752471e-05
2016,Scotland,3,7.4,5,Full Hybrid Petrol Cars,Urban (not London),1.83037445822e-05,7.97065877123e-06,4.32678552897e-06
2016,Scotland,3,7.4,5,Full Hybrid Petrol LGV,Urban (not London),1.35751561174e-05,1.11900071715e-05,6.03431180934e-06
2016,Scotland,3,7.4,5,Hybrid Bus,Urban (not London),0.00397092988715,5.11762082169e-05,3.4618027712e-05
2016,Scotland,3,7.4,5,LGV,Urban (not London),0.000389668188291,3.19541868521e-05,2.57602805505e-05
2016,Scotland,3,7.4,5,LPG Cars,Urban (not London),2.1111110982e-05,7.9666979218e-06,4.3230220399e-06
2016,Scotland,3,7.4,5,LPG LGV,Urban (not London),4.33132554463e-05,1.11900071715e-05,6.03431180934e-06
2016,Scotland,3,7.4,5,Motorcycle,Urban (not London),3.75704403268e-05,4.50232619187e-06,2.78249285657e-06
2016,Scotland,3,7.4,5,Petrol Car,Urban (not London),3.66074891645e-05,7.97065877123e-06,4.32678552897e-06
2016,Scotland,3,7.4,5,Plug-In Hybrid Petrol Cars,Urban (not London),4.35792571807e-05,7.8082393884e-06,4.17248702433e-06
2016,Scotland,3,7.4,5,Plug-In Hybrid Petrol LGV,Urban (not London),8.46194088808e-05,1.09994698505e-05,5.85330190006e-06
2016,Scotland,3,7.4,5,Rigid HGV,Urban (not London),0.00322037981823,0.000119100768643,9.95185255306e-05
2016,Scotland,3,7.4,6,Artic HGV,Urban (not London),0.00507698534057,0.000175265959115,0.000151248052134
2016,Scotland,3,7.4,6,B100 Artic HGV,Urban (not London),0.00558468420058,0.000113164591312,9.2251742899e-05
2016,Scotland,3,7.4,6,B100 Bus,Urban (not London),0.00534284953028,7.59113681852e-05,5.81164276809e-05
2016,Scotland,3,7.4,6,B100 Coach,Urban (not London),0.00711614871398,6.52221642667e-05,4.7961682867e-05
2016,Scotland,3,7.4,6,B100 Rigid HGV,Urban (not London),0.00354241766036,7.93443978182e-05,6.17499681539e-05
2016,Scotland,3,7.4,6,Battery EV Cars,Urban (not London),0.0,7.75497937866e-06,4.12188956034e-06
2016,Scotland,3,7.4,6,Battery EV LGV,Urban (not London),0.0,1.09782886284e-05,5.83317932978e-06
2016,Scotland,3,7.4,6,Biogas Bus,Urban (not London),0.00069444446126,3.27659035975e-05,1.71282354131e-05
2016,Scotland,3,7.4,6,Biomethane Bus,Urban (not London),0.00069444446126,3.27659035975e-05,1.71282354131e-05
2016,Scotland,3,7.4,6,Bus and Coach,Urban (not London),0.00530852098018,0.000129415828269,0.000108945656393
2016,Scotland,3,7.4,6,CNG Bus,Urban (not London),0.00069444446126,3.27659035975e-05,1.71282354131e-05
2016,Scotland,3,7.4,6,Diesel Car,Urban (not London),0.000337644887622,1.60246672749e-05,1.19780934256e-05
2016,Scotland,3,7.4,6,E85 Bioethanol Cars,Urban (not London),3.64797015209e-05,7.92752325651e-06,4.2858064262e-06
2016,Scotland,3,7.4,6,E85 Bioethanol LGV,Urban (not London),5.3895128076e-05,1.11508325062e-05,5.9970957409e-06
2016,Scotland,3,7.4,6,FCEV Bus,Urban (not London),0.0,3.13770142384e-05,1.58087914315e-05
2016,Scotland,3,7.4,6,FCEV Cars,Urban (not London),0.0,7.75497937866e-06,4.12188956034e-06
2016,Scotland,3,7.4,6,FCEV LGV,Urban (not London),0.0,1.09782886284e-05,5.83317932978e-06
2016,Scotland,3,7.4,6,Full Hybrid Diesel Cars,Urban (not London),0.00027608484379,1.79600974661e-05,1.3816752471e-05
2016,Scotland,3,7.4,6,Full Hybrid Petrol Cars,Urban (not London),1.82398507604e-05,7.97065877123e-06,4.32678552897e-06
2016,Scotland,3,7.4,6,Full Hybrid Petrol LGV,Urban (not London),1.35213149406e-05,1.11900071715e-05,6.03431180934e-06
2016,Scotland,3,7.4,6,Hybrid Bus,Urban (not London),0.00343760405667,5.11762082169e-05,3.4618027712e-05
2016,Scotland,3,7.4,6,LGV,Urban (not London),0.000389667373383,3.19541868521e-05,2.57602805505e-05
2016,Scotland,3,7.4,6,LPG Cars,Urban (not London),2.1111110982e-05,7.9666979218e-06,4.3230220399e-06
2016,Scotland,3,7.4,6,LPG LGV,Urban (not London),4.33132554463e-05,1.11900071715e-05,6.03431180934e-06
2016,Scotland,3,7.4,6,Motorcycle,Urban (not London),3.75704403268e-05,4.50232619187e-06,2.78249285657e-06
2016,Scotland,3,7.4,6,Petrol Car,Urban (not London),3.64797015209e-05,7.97065877123e-06,4.32678552897e-06
2016,Scotland,3,7.4,6,Plug-In Hybrid Petrol Cars,Urban (not London),4.35792571807e-05,7.8082393884e-06,4.17248702433e-06
2016,Scotland,3,7.4,6,Plug-In Hybrid Petrol LGV,Urban (not London),8.46194088808e-05,1.09988350232e-05,5.85269845033e-06
2016,Scotland,3,7.4,6,Rigid HGV,Urban (not London),0.00322037981823,0.000119100768643,9.95185255306e-05
2016,Scotland,3,7.4,7,Artic HGV,Urban (not London),0.00507698534057,0.000175265959115,0.000151248052134
2016,Scotland,3,7.4,7,B100 Artic HGV,Urban (not London),0.00558468420058,0.000113164591312,9.2251742899e-05
2016,Scotland,3,7.4,7,B100 Bus,Urban (not London),0.00534284953028,7.59113681852e-05,5.81164276809e-05
2016,Scotland,3,7.4,7,B100 Coach,Urban (not London),0.00711614871398,6.52221642667e-05,4.7961682867e-05
2016,Scotland,3,7.4,7,B100 Rigid HGV,Urban (not London),0.00354241766036,7.93443978182e-05,6.17499681539e-05
2016,Scotland,3,7.4,7,Battery EV Cars,Urban (not London),0.0,7.75497937866e-06,4.12188956034e-06
2016,Scotland,3,7.4,7,Battery EV LGV,Urban (not London),0.0,1.09782886284e-05,5.83317932978e-06
2016,Scotland,3,7.4,7,Biogas Bus,Urban (not London),0.00069444446126,3.27659035975e-05,1.71282354131e-05
2016,Scotland,3,7.4,7,Biomethane Bus,Urban (not London),0.00069444446126,3.27659035975e-05,1.71282354131e-05
2016,Scotland,3,7.4,7,Bus and Coach,Urban (not London),0.00530852098018,0.000129415828269,0.000108945656393
2016,Scotland,3,7.4,7,CNG Bus,Urban (not London),0.00069444446126,3.27659035975e-05,1.71282354131e-05
2016,Scotland,3,7.4,7,Diesel Car,Urban (not London),0.000337644887622,1.60246672749e-05,1.19780934256e-05
2016,Scotland,3,7.4,7,E85 Bioethanol Cars,Urban (not London),3.63508333976e-05,7.92752325651e-06,4.2858064262e-06
2016,Scotland,3,7.4,7,E85 Bioethanol LGV,Urban (not London),5.38699678145e-05,1.11508325062e-05,5.9970957409e-06
2016,Scotland,3,7.4,7,FCEV Bus,Urban (not London),0.0,3.13770142384e-05,1.58087914315e-05
2016,Scotland,3,7.4,7,FCEV Cars,Urban (not London),0.0,7.75497937866e-06,4.12188956034e-06
2016,Scotland,3,7.4,7,FCEV LGV,Urban (not London),0.0,1.09782886284e-05,5.83317932978e-06
2016,Scotland,3,7.4,7,Full Hybrid Diesel Cars,Urban (not London),0.00027608484379,1.79600974661e-05,1.3816752471e-05
2016,Scotland,3,7.4,7,Full Hybrid Petrol Cars,Urban (not London),1.81754166988e-05,7.97065877123e-06,4.32678552897e-06
2016,Scotland,3,7.4,7,Full Hybrid Petrol LGV,Urban (not London),1.34679821713e-05,1.11900071715e-05,6.03431180934e-06
2016,Scotland,3,7.4,7,Hybrid Bus,Urban (not London),0.00304097239859,5.11762082169e-05,3.4618027712e-05
2016,Scotland,3,7.4,7,LGV,Urban (not London),0.000389666529372,3.19541868521e-05,2.57602805505e-05
2016,Scotland,3,7.4,7,LPG Cars,Urban (not London),2.1111110982e-05,7.9666979218e-06,4.3230220399e-06
2016,Scotland,3,7.4,7,LPG LGV,Urban (not London),4.33132554463e-05,1.11900071715e-05,6.03431180934e-06
2016,Scotland,3,7.4,7,Motorcycle,Urban (not London),3.75704403268e-05,4.50232619187e-06,2.78249285657e-06
2016,Scotland,3,7.4,7,Petrol Car,Urban (not London),3.63508333976e-05,7.97065877123e-06,4.32678552897e-06
2016,Scotland,3,7.4,7,Plug-In Hybrid Petrol Cars,Urban (not London),4.35792571807e-05,7.8082393884e-06,4.17248702433e-06
2016,Scotland,3,7.4,7,Plug-In Hybrid Petrol LGV,Urban (not London),8.46194088808e-05,1.09981274363e-05,5.85202587899e-06
2016,Scotland,3,7.4,7,Rigid HGV,Urban (not London),0.00322037981823,0.000119100768643,9.95185255306e-05
2016,Scotland,3,7.4,8,Artic HGV,Urban (not London),0.00507698534057,0.000175265959115,0.000151248052134
2016,Scotland,3,7.4,8,B100 Artic HGV,Urban (not London),0.00558468420058,0.000113164591312,9.2251742899e-05
2016,Scotland,3,7.4,8,B100 Bus,Urban (not London),0.00534284953028,7.59113681852e-05,5.81164276809e-05
2016,Scotland,3,7.4,8,B100 Coach,Urban (not London),0.00711614871398,6.52221642667e-05,4.7961682867e-05
2016,Scotland,3,7.4,8,B100 Rigid HGV,Urban (not London),0.00354241766036,7.93443978182e-05,6.17499681539e-05
2016,Scotland,3,7.4,8,Battery EV Cars,Urban (not London),0.0,7.75497937866e-06,4.12188956034e-06
2016,Scotland,3,7.4,8,Battery EV LGV,Urban (not London),0.0,1.09782886284e-05,5.83317932978e-06
2016,Scotland,3,7.4,8,Biogas Bus,Urban (not London),0.00069444446126,3.27659035975e-05,1.71282354131e-05
2016,Scotland,3,7.4,8,Biomethane Bus,Urban (not London),0.00069444446126,3.27659035975e-05,1.71282354131e-05
2016,Scotland,3,7.4,8,Bus and Coach,Urban (not London),0.00530852098018,0.000129415828269,0.000108945656393
2016,Scotland,3,7.4,8,CNG Bus,Urban (not London),0.00069444446126,3.27659035975e-05,1.71282354131e-05
2016,Scotland,3,7.4,8,Diesel Car,Urban (not London),0.000337644887622,1.60246672749e-05,1.19780934256e-05
2016,Scotland,3,7.4,8,E85 Bioethanol Cars,Urban (not London),3.62208738807e-05,7.92752325651e-06,4.2858064262e-06
2016,Scotland,3,7.4,8,E85 Bioethanol LGV,Urban (not London),5.38445965503e-05,1.11508325062e-05,5.9970957409e-06
2016,Scotland,3,7.4,8,FCEV Bus,Urban (not London),0.0,3.13770142384e-05,1.58087914315e-05
2016,Scotland,3,7.4,8,FCEV Cars,Urban (not London),0.0,7.75497937866e-06,4.12188956034e-06
2016,Scotland,3,7.4,8,FCEV LGV,Urban (not London),0.0,1.09782886284e-05,5.83317932978e-06
2016,Scotland,3,7.4,8,Full Hybrid Diesel Cars,Urban (not London),0.00027608484379,1.79600974661e-05,1.3816752471e-05
2016,Scotland,3,7.4,8,Full Hybrid Petrol Cars,Urban (not London),1.81104369403e-05,7.97065877123e-06,4.32678552897e-06
2016,Scotland,3,7.4,8,Full Hybrid Petrol LGV,Urban (not London),1.3415158719e-05,1.11900071715e-05,6.03431180934e-06
2016,Scotland,3,7.4,8,Hybrid Bus,Urban (not London),0.00274155149236,5.11762082169e-05,3.4618027712e-05
2016,Scotland,3,7.4,8,LGV,Urban (not London),0.000389665714465,3.19541868521e-05,2.57602805505e-05
2016,Scotland,3,7.4,8,LPG Cars,Urban (not London),2.1111110982e-05,7.9666979218e-06,4.3230220399e-06
2016,Scotland,3,7.4,8,LPG LGV,Urban (not London),4.33132554463e-05,1.11900071715e-05,6.03431180934e-06
2016,Scotland,3,7.4,8,Motorcycle,Urban (not London),3.75704403268e-05,4.50232619187e-06,2.78249285657e-06
2016,Scotland,3,7.4,8,Petrol Car,Urban (not London),3.62208738807e-05,7.97065877123e-06,4.32678552897e-06
2016,Scotland,3,7.4,8,Plug-In Hybrid Petrol Cars,Urban (not London),4.35792571807e-05,7.8082393884e-06,4.17248702433e-06
2016,Scotland,3,7.4,8,Plug-In Hybrid Petrol LGV,Urban (not London),8.46194088808e-05,1.09974835141e-05,5.85141424381e-06
2016,Scotland,3,7.4,8,Rigid HGV,Urban (not London),0.00322037981823,0.000119100768643,9.95185255306e-05
2016,Scotland,3,7.4,9,Artic HGV,Urban (not London),0.00507698534057,0.000175265959115,0.000151248052134
2016,Scotland,3,7.4,9,B100 Artic HGV,Urban (not London),0.00558468420058,0.000113164591312,9.2251742899e-05
2016,Scotland,3,7.4,9,B100 Bus,Urban (not London),0.00534284953028,7.59113681852e-05,5.81164276809e-05
2016,Scotland,3,7.4,9,B100 Coach,Urban (not London),0.00711614871398,6.52221642667e-05,4.7961682867e-05
2016,Scotland,3,7.4,9,B100 Rigid HGV,Urban (not London),0.00354241766036,7.93443978182e-05,6.17499681539e-05
2016,Scotland,3,7.4,9,Battery EV Cars,Urban (not London),0.0,7.75497937866e-06,4.12188956034e-06
2016,Scotland,3,7.4,9,Battery EV LGV,Urban (not London),0.0,1.09782886284e-05,5.83317932978e-06
2016,Scotland,3,7.4,9,Biogas Bus,Urban (not London),0.00069444446126,3.27659035975e-05,1.71282354131e-05
2016,Scotland,3,7.4,9,Biomethane Bus,Urban (not London),0.00069444446126,3.27659035975e-05,1.71282354131e-05
2016,Scotland,3,7.4,9,Bus and Coach,Urban (not London),0.00530852098018,0.000129415828269,0.000108945656393
2016,Scotland,3,7.4,9,CNG Bus,Urban (not London),0.00069444446126,3.27659035975e-05,1.71282354131e-05
2016,Scotland,3,7.4,9,Diesel Car,Urban (not London),0.000337644887622,1.60246672749e-05,1.19780934256e-05
2016,Scotland,3,7.4,9,E85 Bioethanol Cars,Urban (not London),3.60898193321e-05,7.92752325651e-06,4.2858064262e-06
2016,Scotland,3,7.4,9,E85 Bioethanol LGV,Urban (not London),5.38190106454e-05,1.11508325062e-05,5.9970957409e-06
2016,Scotland,3,7.4,9,FCEV Bus,Urban (not London),0.0,3.13770142384e-05,1.58087914315e-05
2016,Scotland,3,7.4,9,FCEV Cars,Urban (not London),0.0,7.75497937866e-06,4.12188956034e-06
2016,Scotland,3,7.4,9,FCEV LGV,Urban (not London),0.0,1.09782886284e-05,5.83317932978e-06
2016,Scotland,3,7.4,9,Full Hybrid Diesel Cars,Urban (not London),0.00027608484379,1.79600974661e-05,1.3816752471e-05
2016,Scotland,3,7.4,9,Full Hybrid Petrol Cars,Urban (not London),1.80449096661e-05,7.97065877123e-06,4.32678552897e-06
2016,Scotland,3,7.4,9,Full Hybrid Petrol LGV,Urban (not London),1.33628445838e-05,1.11900071715e-05,6.03431180934e-06
2016,Scotland,3,7.4,9,Hybrid Bus,Urban (not London),0.00250743003562,5.11762082169e-05,3.4618027712e-05
2016,Scotland,3,7.4,9,LGV,Urban (not London),0.000389664870454,3.19541868521e-05,2.57602805505e-05
2016,Scotland,3,7.4,9,LPG Cars,Urban (not London),2.1111110982e-05,7.9666979218e-06,4.3230220399e-06
2016,Scotland,3,7.4,9,LPG LGV,Urban (not London),4.33132554463e-05,1.11900071715e-05,6.03431180934e-06
2016,Scotland,3,7.4,9,Motorcycle,Urban (not London),3.75704403268e-05,4.50232619187e-06,2.78249285657e-06
2016,Scotland,3,7.4,9,Petrol Car,Urban (not London),3.60898193321e-05,7.97065877123e-06,4.32678552897e-06
2016,Scotland,3,7.4,9,Plug-In Hybrid Petrol Cars,Urban (not London),4.35792571807e-05,7.8082393884e-06,4.17248702433e-06
2016,Scotland,3,7.4,9,Plug-In Hybrid Petrol LGV,Urban (not London),8.46194088808e-05,1.09969369078e-05,5.85089537708e-06
2016,Scotland,3,7.4,9,Rigid HGV,Urban (not London),0.00322037981823,0.000119100768643,9.95185255306e-05
2016,Scotland,3,7.4,10,Artic HGV,Urban (not London),0.00507698534057,0.000175265959115,0.000151248052134
2016,Scotland,3,7.4,10,B100 Artic HGV,Urban (not London),0.00558468420058,0.000113164591312,9.2251742899e-05
2016,Scotland,3,7.4,10,B100 Bus,Urban (not London),0.00534284953028,7.59113681852e-05,5.81164276809e-05
2016,Scotland,3,7.4,10,B100 Coach,Urban (not London),0.00711614871398,6.52221642667e-05,4.7961682867e-05
2016,Scotland,3,7.4,10,B100 Rigid HGV,Urban (not London),0.00354241766036,7.93443978182e-05,6.17499681539e-05
2016,Scotland,3,7.4,10,Battery EV Cars,Urban (not London),0.0,7.75497937866e-06,4.12188956034e-06
2016,Scotland,3,7.4,10,Battery EV LGV,Urban (not London),0.0,1.09782886284e-05,5.83317932978e-06
2016,Scotland,3,7.4,10,Biogas Bus,Urban (not London),0.00069444446126,3.27659035975e-05,1.71282354131e-05
2016,Scotland,3,7.4,10,Biomethane Bus,Urban (not London),0.00069444446126,3.27659035975e-05,1.71282354131e-05
2016,Scotland,3,7.4,10,Bus and Coach,Urban (not London),0.00530852098018,0.000129415828269,0.000108945656393
2016,Scotland,3,7.4,10,CNG Bus,Urban (not London),0.00069444446126,3.27659035975e-05,1.71282354131e-05
2016,Scotland,3,7.4,10,Diesel Car,Urban (not London),0.000337644887622,1.60246672749e-05,1.19780934256e-05
2016,Scotland,3,7.4,10,E85 Bioethanol Cars,Urban (not London),3.5957662476e-05,7.92752325651e-06,4.2858064262e-06
2016,Scotland,3,7.4,10,E85 Bioethanol LGV,Urban (not London),5.37932100997e-05,1.11508325062e-05,5.9970957409e-06
2016,Scotland,3,7.4,10,FCEV Bus,Urban (not London),0.0,3.13770142384e-05,1.58087914315e-05
2016,Scotland,3,7.4,10,FCEV Cars,Urban (not London),0.0,7.75497937866e-06,4.12188956034e-06
2016,Scotland,3,7.4,10,FCEV LGV,Urban (not London),0.0,1.09782886284e-05,5.83317932978e-06
2016,Scotland,3,7.4,10,Full Hybrid Diesel Cars,Urban (not London),0.00027608484379,1.79600974661e-05,1.3816752471e-05
2016,Scotland,3,7.4,10,Full Hybrid Petrol Cars,Urban (not London),1.7978831238e-05,7.97065877123e-06,4.32678552897e-06
2016,Scotland,3,7.4,10,Full Hybrid Petrol LGV,Urban (not London),1.3311038856e-05,1.11900071715e-05,6.03431180934e-06
2016,Scotland,3,7.4,10,Hybrid Bus,Urban (not London),0.00231695338152,5.11762082169e-05,3.4618027712e-05
2016,Scotland,3,7.4,10,LGV,Urban (not London),0.000389664026443,3.19541868521e-05,2.57602805505e-05
2016,Scotland,3,7.4,10,LPG Cars,Urban (not London),2.1111110982e-05,7.9666979218e-06,4.3230220399e-06
2016,Scotland,3,7.4,10,LPG LGV,Urban (not London),4.33132554463e-05,1.11900071715e-05,6.03431180934e-06
2016,Scotland,3,7.4,10,Motorcycle,Urban (not London),3.75704403268e-05,4.50232619187e-06,2.78249285657e-06
2016,Scotland,3,7.4,10,Petrol Car,Urban (not London),3.5957662476e-05,7.97065877123e-06,4.32678552897e-06
2016,Scotland,3,7.4,10,Plug-In Hybrid Petrol Cars,Urban (not London),4.35792571807e-05,7.8082393884e-06,4.17248702433e-06
2016,Scotland,3,7.4,10,Plug-In Hybrid Petrol LGV,Urban (not London),8.46194088808e-05,1.09964885269e-05,5.85046927881e-06
2016,Scotland,3,7.4,10,Rigid HGV,Urban (not London),0.00322037981823,0.000119100768643,9.95185255306e-05
2016,Scotland,3,7.4,12,Artic HGV,Urban (not London),0.00507698534057,0.000175265959115,0.000151248052134
2016,Scotland,3,7.4,12,B100 Artic HGV,Urban (not London),0.00558468420058,0.000113164591312,9.2251742899e-05
2016,Scotland,3,7.4,12,B100 Bus,Urban (not London),0.00492443563417,7.32417756808e-05,5.5580312619e-05
2016,Scotland,3,7.4,12,B100 Coach,Urban (not London),0.00711614871398,6.32153387414e-05,4.60551964352e-05
2016,Scotland,3,7.4,12,B100 Rigid HGV,Urban (not London),0.00354241766036,7.93443978182e-05,6.17499681539e-05
2016,Scotland,3,7.4,12,Battery EV Cars,Urban (not London),0.0,7.75497937866e-06,4.12188956034e-06
2016,Scotland,3,7.4,12,Battery EV LGV,Urban (not London),0.0,1.09782886284e-05,5.83317932978e-06
2016,Scotland,3,7.4,12,Biogas Bus,Urban (not London),0.00069444446126,3.27659035975e-05,1.71282354131e-05
2016,Scotland,3,7.4,12,Biomethane Bus,Urban (not London),0.00069444446126,3.27659035975e-05,1.71282354131e-05
2016,Scotland,3,7.4,12,Bus and Coach,Urban (not London),0.00503465067595,0.000125921083963,0.000105625651486
2016,Scotland,3,7.4,12,CNG Bus,Urban (not London),0.00069444446126,3.27659035975e-05,1.71282354131e-05
2016,Scotland,3,7.4,12,Diesel Car,Urban (not London),0.00031211937312,1.57580725499e-05,1.17248291645e-05
2016,Scotland,3,7.4,12,E85 Bioethanol Cars,Urban (not London),3.57387325494e-05,7.92752325651e-06,4.2858064262e-06
2016,Scotland,3,7.4,12,E85 Bioethanol LGV,Urban (not London),5.2824310842e-05,1.11508325062e-05,5.9970957409e-06
2016,Scotland,3,7.4,12,FCEV Bus,Urban (not London),0.0,3.13770142384e-05,1.58087914315e-05
2016,Scotland,3,7.4,12,FCEV Cars,Urban (not London),0.0,7.75497937866e-06,4.12188956034e-06
2016,Scotland,3,7.4,12,FCEV LGV,Urban (not London),0.0,1.09782886284e-05,5.83317932978e-06
2016,Scotland,3,7.4,12,Full Hybrid Diesel Cars,Urban (not London),0.000260619359324,1.77238871402e-05,1.35923519338e-05
2016,Scotland,3,7.4,12,Full Hybrid Petrol Cars,Urban (not London),1.78693662747e-05,7.97065877123e-06,4.32678552897e-06
2016,Scotland,3,7.4,12,Full Hybrid Petrol LGV,Urban (not London),1.29564023155e-05,1.11900071715e-05,6.03431180934e-06
2016,Scotland,3,7.4,12,Hybrid Bus,Urban (not London),0.00201882841066,4.91463833896e-05,3.26896915794e-05
2016,Scotland,3,7.4,12,LGV,Urban (not London),0.000376842857804,3.08685521304e-05,2.47289317485e-05
2016,Scotland,3,7.4,12,LPG Cars,Urban (not London),2.1111110982e-05,7.9666979218e-06,4.3230220399e-06
2016,Scotland,3,7.4,12,LPG LGV,Urban (not London),4.17036935687e-05,1.11900071715e-05,6.03431180934e-06
2016,Scotland,3,7.4,12,Motorcycle,Urban (not London),3.58252182195e-05,4.50232619187e-06,2.78249285657e-06
2016,Scotland,3,7.4,12,Petrol Car,Urban (not London),3.57387325494e-05,7.97065877123e-06,4.32678552897e-06
2016,Scotland,3,7.4,12,Plug-In Hybrid Petrol Cars,Urban (not London),4.39739524154e-05,7.8082393884e-06,4.17248702433e-06
2016,Scotland,3,7.4,12,Plug-In Hybrid Petrol LGV,Urban (not London),8.60859145178e-05,1.09954644358e-05,5.84949657423e-06
2016,Scotland,3,7.4,12,Rigid HGV,Urban (not London),0.00322037981823,0.000119100768643,9.95185255306e-05
2016,Scotland,3,7.4,14,Artic HGV,Urban (not London),0.00464834924787,0.000158960567205,0.000135757931275
2016,Scotland,3,7.4,14,B100 Artic HGV,Urban (not London),0.00511318445206,0.000104196624306,8.37321786094e-05
2016,Scotland,3,7.4,14,B100 Bus,Urban (not London),0.00428952975199,6.89281150699e-05,5.14823368576e-05
2016,Scotland,3,7.4,14,B100 Coach,Urban (not London),0.00614706799388,5.96350291744e-05,4.26539045293e-05
2016,Scotland,3,7.4,14,B100 Rigid HGV,Urban (not London),0.00320052960888,7.36817382858e-05,5.63704452361e-05
2016,Scotland,3,7.4,14,Battery EV Cars,Urban (not London),0.0,7.75497937866e-06,4.12188956034e-06
2016,Scotland,3,7.4,14,Battery EV LGV,Urban (not London),0.0,1.09782886284e-05,5.83317932978e-06
2016,Scotland,3,7.4,14,Biogas Bus,Urban (not London),0.00069444446126,3.27659035975e-05,1.71282354131e-05
2016,Scotland,3,7.4,14,Biomethane Bus,Urban (not London),0.00069444446126,3.27659035975e-05,1.71282354131e-05
2016,Scotland,3,7.4,14,Bus and Coach,Urban (not London),0.00437240023166,0.000115702132462,9.59176541073e-05
2016,Scotland,3,7.4,14,CNG Bus,Urban (not London),0.00069444446126,3.27659035975e-05,1.71282354131e-05
2016,Scotland,3,7.4,14,Diesel Car,Urban (not London),0.000292108335998,1.55038251251e-05,1.14832928375e-05
2016,Scotland,3,7.4,14,E85 Bioethanol Cars,Urban (not London),3.55181146006e-05,7.92752325651e-06,4.2858064262e-06
2016,Scotland,3,7.4,14,E85 Bioethanol LGV,Urban (not London),5.18973283761e-05,1.11508325062e-05,5.9970957409e-06
2016,Scotland,3,7.4,14,FCEV Bus,Urban (not London),0.0,3.13770142384e-05,1.58087914315e-05
2016,Scotland,3,7.4,14,FCEV Cars,Urban (not London),0.0,7.75497937866e-06,4.12188956034e-06
2016,Scotland,3,7.4,14,FCEV LGV,Urban (not London),0.0,1.09782886284e-05,5.83317932978e-06
2016,Scotland,3,7.4,14,Full Hybrid Diesel Cars,Urban (not London),0.000248000113061,1.74947872438e-05,1.33747062137e-05
2016,Scotland,3,7.4,14,Full Hybrid Petrol Cars,Urban (not London),1.77590573003e-05,7.97065877123e-06,4.32678552897e-06
2016,Scotland,3,7.4,14,Full Hybrid Petrol LGV,Urban (not London),1.261419402e-05,1.11900071715e-05,6.03431180934e-06
2016,Scotland,3,7.4,14,Hybrid Bus,Urban (not London),0.00179031398147,4.75735869259e-05,3.11955336656e-05
2016,Scotland,3,7.4,14,LGV,Urban (not London),0.00036476214882,2.98330942314e-05,2.3745244107e-05
2016,Scotland,3,7.4,14,LPG Cars,Urban (not London),2.1111110982e-05,7.9666979218e-06,4.3230220399e-06
2016,Scotland,3,7.4,14,LPG LGV,Urban (not London),4.02380755986e-05,1.11900071715e-05,6.03431180934e-06
2016,Scotland,3,7.4,14,Motorcycle,Urban (not London),3.43174251611e-05,4.50232619187e-06,2.78249285657e-06
2016,Scotland,3,7.4,14,Petrol Car,Urban (not London),3.55181146006e-05,7.97065877123e-06,4.32678552897e-06
2016,Scotland,3,7.4,14,Plug-In Hybrid Petrol Cars,Urban (not London),4.43914141215e-05,7.8082393884e-06,4.17248702433e-06
2016,Scotland,3,7.4,14,Plug-In Hybrid Petrol LGV,Urban (not London),8.75659025041e-05,1.099475503e-05,5.84882218391e-06
2016,Scotland,3,7.4,14,Rigid HGV,Urban (not London),0.00290957232937,0.00010880503396,8.97375721252e-05
2016,Scotland,3,7.4,16,Artic HGV,Urban (not London),0.00430886726826,0.0001465016976,0.000123921985505
2016,Scotland,3,7.4,16,B100 Artic HGV,Urban (not London),0.00473975390196,9.73442438408e-05,7.72224157117e-05
2016,Scotland,3,7.4,16,B100 Bus,Urban (not London),0.00382941099815,6.5589636506e-05,4.83107796754e-05
2016,Scotland,3,7.4,16,B100 Coach,Urban (not London),0.00542788533494,5.68622053834e-05,4.00197241106e-05
2016,Scotland,3,7.4,16,B100 Rigid HGV,Urban (not London),0.00293398881331,6.93674737704e-05,5.2271894674e-05
2016,Scotland,3,7.4,16,Battery EV Cars,Urban (not London),0.0,7.75497937866e-06,4.12188956034e-06
2016,Scotland,3,7.4,16,Battery EV LGV,Urban (not London),0.0,1.09782886284e-05,5.83317932978e-06
2016,Scotland,3,7.4,16,Biogas Bus,Urban (not London),0.00069444446126,3.27659035975e-05,1.71282354131e-05
2016,Scotland,3,7.4,16,Biomethane Bus,Urban (not London),0.00069444446126,3.27659035975e-05,1.71282354131e-05
2016,Scotland,3,7.4,16,Bus and Coach,Urban (not London),0.00388816720806,0.000107766689325,8.83789834916e-05
2016,Scotland,3,7.4,16,CNG Bus,Urban (not London),0.00069444446126,3.27659035975e-05,1.71282354131e-05
2016,Scotland,3,7.4,16,Diesel Car,Urban (not London),0.000276031205431,1.52619231812e-05,1.12534853542e-05
2016,Scotland,3,7.4,16,E85 Bioethanol Cars,Urban (not London),3.52957540599e-05,7.92752325651e-06,4.2858064262e-06
2016,Scotland,3,7.4,16,E85 Bioethanol LGV,Urban (not London),5.10122517881e-05,1.11508325062e-05,5.9970957409e-06
2016,Scotland,3,7.4,16,FCEV Bus,Urban (not London),0.0,3.13770142384e-05,1.58087914315e-05
2016,Scotland,3,7.4,16,FCEV Cars,Urban (not London),0.0,7.75497937866e-06,4.12188956034e-06
2016,Scotland,3,7.4,16,FCEV LGV,Urban (not London),0.0,1.09782886284e-05,5.83317932978e-06
2016,Scotland,3,7.4,16,Full Hybrid Diesel Cars,Urban (not London),0.00023726055224,1.7272795958e-05,1.31638162202e-05
2016,Scotland,3,7.4,16,Full Hybrid Petrol Cars,Urban (not London),1.764787703e-05,7.97065877123e-06,4.32678552897e-06
2016,Scotland,3,7.4,16,Full Hybrid Petrol LGV,Urban (not London),1.22844139696e-05,1.11900071715e-05,6.03431180934e-06
2016,Scotland,3,7.4,16,Hybrid Bus,Urban (not London),0.00160647102166,4.63174837932e-05,3.00022365991e-05
2016,Scotland,3,7.4,16,LGV,Urban (not London),0.000353327428456,2.88478076982e-05,2.28092212637e-05
2016,Scotland,3,7.4,16,LPG Cars,Urban (not London),2.1111110982e-05,7.9666979218e-06,4.3230220399e-06
2016,Scotland,3,7.4,16,LPG LGV,Urban (not London),3.88869702874e-05,1.11900071715e-05,6.03431180934e-06
2016,Scotland,3,7.4,16,Motorcycle,Urban (not London),3.30268485413e-05,4.50232619187e-06,2.78249285657e-06
2016,Scotland,3,7.4,16,Petrol Car,Urban (not London),3.52957540599e-05,7.97065877123e-06,4.32678552897e-06
2016,Scotland,3,7.4,16,Plug-In Hybrid Petrol Cars,Urban (not London),4.48316495749e-05,7.8082393884e-06,4.17248702433e-06
2016,Scotland,3,7.4,16,Plug-In Hybrid Petrol LGV,Urban (not London),8.905937284e-05,1.09942875497e-05,5.84837789575e-06
2016,Scotland,3,7.4,16,Rigid HGV,Urban (not London),0.00266726245172,0.000100960918644,8.2285660028e-05
2016,Scotland,3,7.4,18,Artic HGV,Urban (not London),0.00403210707009,0.000136663962621,0.000114576148917
2016,Scotland,3,7.4,18,B100 Artic HGV,Urban (not London),0.00443531759083,9.19334925129e-05,7.20821990399e-05
2016,Scotland,3,7.4,18,B100 Bus,Urban (not London),0.00347940716892,6.29272180959e-05,4.57814821857e-05
2016,Scotland,3,7.4,18,B100 Coach,Urban (not London),0.00487388391048,5.4647334764e-05,3.79155935661e-05
2016,Scotland,3,7.4,18,B100 Rigid HGV,Urban (not London),0.00272046891041,6.59560901113e-05,4.90310776513e-05
2016,Scotland,3,7.4,18,Battery EV Cars,Urban (not London),0.0,7.75497937866e-06,4.12188956034e-06
2016,Scotland,3,7.4,18,Battery EV LGV,Urban (not London),0.0,1.09782886284e-05,5.83317932978e-06
2016,Scotland,3,7.4,18,Biogas Bus,Urban (not London),0.00069444446126,3.27659035975e-05,1.71282354131e-05
2016,Scotland,3,7.4,18,Biomethane Bus,Urban (not London),0.00069444446126,3.27659035975e-05,1.71282354131e-05
2016,Scotland,3,7.4,18,Bus and Coach,Urban (not London),0.00351805519313,0.000101417965197,8.23476948426e-05
2016,Scotland,3,7.4,18,CNG Bus,Urban (not London),0.00069444446126,3.27659035975e-05,1.71282354131e-05
2016,Scotland,3,7.4,18,Diesel Car,Urban (not London),0.000262860412477,1.5032365809e-05,1.10354067147e-05
2016,Scotland,3,7.4,18,E85 Bioethanol Cars,Urban (not London),3.50716036337e-05,7.92752325651e-06,4.2858064262e-06
2016,Scotland,3,7.4,18,E85 Bioethanol LGV,Urban (not London),5.0169070164e-05,1.11508325062e-05,5.9970957409e-06
2016,Scotland,3,7.4,18,FCEV Bus,Urban (not London),0.0,3.13770142384e-05,1.58087914315e-05
2016,Scotland,3,7.4,18,FCEV Cars,Urban (not London),0.0,7.75497937866e-06,4.12188956034e-06
2016,Scotland,3,7.4,18,FCEV LGV,Urban (not London),0.0,1.09782886284e-05,5.83317932978e-06
2016,Scotland,3,7.4,18,Full Hybrid Diesel Cars,Urban (not London),0.000227859200095,1.70579169207e-05,1.29596801344e-05
2016,Scotland,3,7.4,18,Full Hybrid Petrol Cars,Urban (not London),1.75358018168e-05,7.97065877123e-06,4.32678552897e-06
2016,Scotland,3,7.4,18,Full Hybrid Petrol LGV,Urban (not London),1.19670639833e-05,1.11900071715e-05,6.03431180934e-06
2016,Scotland,3,7.4,18,Hybrid Bus,Urban (not London),0.00145406892989,4.5288074034e-05,2.90242969641e-05
2016,Scotland,3,7.4,18,LGV,Urban (not London),0.000342477345839,2.79126925307e-05,2.19208632188e-05
2016,Scotland,3,7.4,18,LPG Cars,Urban (not London),2.1111110982e-05,7.9666979218e-06,4.3230220399e-06
2016,Scotland,3,7.4,18,LPG LGV,Urban (not London),3.76312418666e-05,1.11900071715e-05,6.03431180934e-06
2016,Scotland,3,7.4,18,Motorcycle,Urban (not London),3.19349419442e-05,4.50232619187e-06,2.78249285657e-06
2016,Scotland,3,7.4,18,Petrol Car,Urban (not London),3.50716036337e-05,7.97065877123e-06,4.32678552897e-06
2016,Scotland,3,7.4,18,Plug-In Hybrid Petrol Cars,Urban (not London),4.52946551377e-05,7.8082393884e-06,4.17248702433e-06
2016,Scotland,3,7.4,18,Plug-In Hybrid Petrol LGV,Urban (not London),9.05663255253e-05,1.09940092443e-05,5.84811368753e-06
2016,Scotland,3,7.4,18,Rigid HGV,Urban (not London),0.00247315340675,9.47583903326e-05,7.63932621339e-05
2016,Scotland,3,7.4,20,Artic HGV,Urban (not London),0.00380136794411,0.000128696090542,0.000107006671897
2016,Scotland,3,7.4,20,B100 Artic HGV,Urban (not London),0.00418150471523,8.7551161414e-05,6.79189906805e-05
2016,Scotland,3,7.4,20,B100 Bus,Urban (not London),0.00320324138738,6.07539986959e-05,4.37169255747e-05
2016,Scotland,3,7.4,20,B100 Coach,Urban (not London),0.00443466519937,5.28349846718e-05,3.6193861888e-05
2016,Scotland,3,7.4,20,B100 Rigid HGV,Urban (not London),0.00254583731294,6.31846050965e-05,4.63981705252e-05
2016,Scotland,3,7.4,20,Battery EV Cars,Urban (not London),0.0,7.75497937866e-06,4.12188956034e-06
2016,Scotland,3,7.4,20,Battery EV LGV,Urban (not London),0.0,1.09782886284e-05,5.83317932978e-06
2016,Scotland,3,7.4,20,Biogas Bus,Urban (not London),0.00069444446126,3.27659035975e-05,1.71282354131e-05
2016,Scotland,3,7.4,20,Biomethane Bus,Urban (not London),0.00069444446126,3.27659035975e-05,1.71282354131e-05
2016,Scotland,3,7.4,20,Bus and Coach,Urban (not London),0.00322549091652,9.62197009358e-05,7.74093423388e-05
2016,Scotland,3,7.4,20,CNG Bus,Urban (not London),0.00069444446126,3.27659035975e-05,1.71282354131e-05
2016,Scotland,3,7.4,20,Diesel Car,Urban (not London),0.000251899153227,1.48151557369e-05,1.08290569187e-05
2016,Scotland,3,7.4,20,E85 Bioethanol Cars,Urban (not London),3.46993583662e-05,7.92752325651e-06,4.2858064262e-06
2016,Scotland,3,7.4,20,E85 Bioethanol LGV,Urban (not London),4.90477395942e-05,1.11508325062e-05,5.9970957409e-06
2016,Scotland,3,7.4,20,FCEV Bus,Urban (not London),0.0,3.13770142384e-05,1.58087914315e-05
2016,Scotland,3,7.4,20,FCEV Cars,Urban (not London),0.0,7.75497937866e-06,4.12188956034e-06
2016,Scotland,3,7.4,20,FCEV LGV,Urban (not London),0.0,1.09782886284e-05,5.83317932978e-06
2016,Scotland,3,7.4,20,Full Hybrid Diesel Cars,Urban (not London),0.000219467459829,1.68501464941e-05,1.27622979562e-05
2016,Scotland,3,7.4,20,Full Hybrid Petrol Cars,Urban (not London),1.73496791831e-05,7.97065877123e-06,4.32678552897e-06
2016,Scotland,3,7.4,20,Full Hybrid Petrol LGV,Urban (not London),1.15722568808e-05,1.11900071715e-05,6.03431180934e-06
2016,Scotland,3,7.4,20,Hybrid Bus,Urban (not London),0.00132508785464,4.44259931101e-05,2.8205320632e-05
2016,Scotland,3,7.4,20,LGV,Urban (not London),0.000332159805112,2.70277505479e-05,2.10801681533e-05
2016,Scotland,3,7.4,20,LPG Cars,Urban (not London),2.1111110982e-05,7.9666979218e-06,4.3230220399e-06
2016,Scotland,3,7.4,20,LPG LGV,Urban (not London),3.64579063898e-05,1.11900071715e-05,6.03431180934e-06
2016,Scotland,3,7.4,20,Motorcycle,Urban (not London),3.10247487505e-05,4.50232619187e-06,2.78249285657e-06
2016,Scotland,3,7.4,20,Petrol Car,Urban (not London),3.46993583662e-05,7.97065877123e-06,4.32678552897e-06
2016,Scotland,3,7.4,20,Plug-In Hybrid Petrol Cars,Urban (not London),4.57804308098e-05,7.8082393884e-06,4.17248702433e-06
2016,Scotland,3,7.4,20,Plug-In Hybrid Petrol LGV,Urban (not London),9.2086767836e-05,1.09938828246e-05,5.84799363423e-06
2016,Scotland,3,7.4,20,Rigid HGV,Urban (not London),0.00231439759955,8.97193312994e-05,7.1606162237e-05
2016,Scotland,3,7.4,25,Artic HGV,Urban (not London),0.00336093408987,0.000114130765724,9.3169604952e-05
2016,Scotland,3,7.4,25,B100 Artic HGV,Urban (not London),0.00369702745229,7.95402302174e-05,6.03086009505e-05
2016,Scotland,3,7.4,25,B100 Bus,Urban (not London),0.00271093985066,5.67448805668e-05,3.99082637159e-05
2016,Scotland,3,7.4,25,B100 Coach,Urban (not London),0.00365527020767,4.94714658998e-05,3.29985196004e-05
2016,Scotland,3,7.4,25,B100 Rigid HGV,Urban (not London),0.00222415896133,5.80863306823e-05,4.1554805648e-05
2016,Scotland,3,7.4,25,Battery EV Cars,Urban (not London),0.0,7.75497937866e-06,4.12188956034e-06
2016,Scotland,3,7.4,25,Battery EV LGV,Urban (not London),0.0,1.09782886284e-05,5.83317932978e-06
2016,Scotland,3,7.4,25,Biogas Bus,Urban (not London),0.00069444446126,3.27659035975e-05,1.71282354131e-05
2016,Scotland,3,7.4,25,Biomethane Bus,Urban (not London),0.00069444446126,3.27659035975e-05,1.71282354131e-05
2016,Scotland,3,7.4,25,Bus and Coach,Urban (not London),0.00270486576483,8.65798938321e-05,6.82515310473e-05
2016,Scotland,3,7.4,25,CNG Bus,Urban (not London),0.00069444446126,3.27659035975e-05,1.71282354131e-05
2016,Scotland,3,7.4,25,Diesel Car,Urban (not London),0.000231275931583,1.43261431731e-05,1.03644952105e-05
2016,Scotland,3,7.4,25,E85 Bioethanol Cars,Urban (not London),3.34169744747e-05,7.92752325651e-06,4.2858064262e-06
2016,Scotland,3,7.4,25,E85 Bioethanol LGV,Urban (not London),4.57244095742e-05,1.11508325062e-05,5.9970957409e-06
2016,Scotland,3,7.4,25,FCEV Bus,Urban (not London),0.0,3.13770142384e-05,1.58087914315e-05
2016,Scotland,3,7.4,25,FCEV Cars,Urban (not London),0.0,7.75497937866e-06,4.12188956034e-06
2016,Scotland,3,7.4,25,FCEV LGV,Urban (not London),0.0,1.09782886284e-05,5.83317932978e-06
2016,Scotland,3,7.4,25,Full Hybrid Diesel Cars,Urban (not London),0.000201674178243,1.63618296938e-05,1.22983965412e-05
2016,Scotland,3,7.4,25,Full Hybrid Petrol Cars,Urban (not London),1.67084872373e-05,7.97065877123e-06,4.32678552897e-06
2016,Scotland,3,7.4,25,Full Hybrid Petrol LGV,Urban (not London),1.0447751265e-05,1.11900071715e-05,6.03431180934e-06
2016,Scotland,3,7.4,25,Hybrid Bus,Urban (not London),0.00107416033279,4.27667000622e-05,2.66289898718e-05
2016,Scotland,3,7.4,25,LGV,Urban (not London),0.00030854617944,2.50348966802e-05,1.91869567061e-05
2016,Scotland,3,7.4,25,LPG Cars,Urban (not London),2.1111110982e-05,7.9666979218e-06,4.3230220399e-06
2016,Scotland,3,7.4,25,LPG LGV,Urban (not London),3.38312929671e-05,1.11900071715e-05,6.03431180934e-06
2016,Scotland,3,7.4,25,Motorcycle,Urban (not London),2.94465553452e-05,4.50232619187e-06,2.78249285657e-06
2016,Scotland,3,7.4,25,Petrol Car,Urban (not London),3.34169744747e-05,7.97065877123e-06,4.32678552897e-06
2016,Scotland,3,7.4,25,Plug-In Hybrid Petrol Cars,Urban (not London),4.70944942208e-05,7.8082393884e-06,4.17248702433e-06
2016,Scotland,3,7.4,25,Plug-In Hybrid Petrol LGV,Urban (not London),9.59468598012e-05,1.09940701805e-05,5.84817144045e-06
2016,Scotland,3,7.4,25,Rigid HGV,Urban (not London),0.00202196254395,8.04497394711e-05,6.28000489087e-05
2016,Scotland,3,7.4,30,Artic HGV,Urban (not London),0.00304530747235,0.000104270824522,8.38026680867e-05
2016,Scotland,3,7.4,30,B100 Artic HGV,Urban (not London),0.00334983831272,7.41172625567e-05,5.51567827642e-05
2016,Scotland,3,7.4,30,B100 Bus,Urban (not London),0.00238219299354,5.40101609658e-05,3.73102775484e-05
2016,Scotland,3,7.4,30,B100 Coach,Urban (not London),0.00314645306207,4.71479797852e-05,3.0791208701e-05
2016,Scotland,3,7.4,30,B100 Rigid HGV,Urban (not London),0.00200664508156,5.46028095414e-05,3.82454636565e-05
2016,Scotland,3,7.4,30,Battery EV Cars,Urban (not London),0.0,7.75497937866e-06,4.12188956034e-06
2016,Scotland,3,7.4,30,Battery EV LGV,Urban (not London),0.0,1.09782886284e-05,5.83317932978e-06
2016,Scotland,3,7.4,30,Biogas Bus,Urban (not London),0.00069444446126,3.27659035975e-05,1.71282354131e-05
2016,Scotland,3,7.4,30,Biomethane Bus,Urban (not London),0.00069444446126,3.27659035975e-05,1.71282354131e-05
2016,Scotland,3,7.4,30,Bus and Coach,Urban (not London),0.00236016884446,7.99488698249e-05,6.19520506007e-05
2016,Scotland,3,7.4,30,CNG Bus,Urban (not London),0.00069444446126,3.27659035975e-05,1.71282354131e-05
2016,Scotland,3,7.4,30,Diesel Car,Urban (not London),0.000217051972868,1.39142930493e-05,9.97323786578e-06
2016,Scotland,3,7.4,30,E85 Bioethanol Cars,Urban (not London),3.21611696563e-05,7.92752325651e-06,4.2858064262e-06
2016,Scotland,3,7.4,30,E85 Bioethanol LGV,Urban (not London),4.28023668064e-05,1.11508325062e-05,5.9970957409e-06
2016,Scotland,3,7.4,30,FCEV Bus,Urban (not London),0.0,3.13770142384e-05,1.58087914315e-05
2016,Scotland,3,7.4,30,FCEV Cars,Urban (not London),0.0,7.75497937866e-06,4.12188956034e-06
2016,Scotland,3,7.4,30,FCEV LGV,Urban (not London),0.0,1.09782886284e-05,5.83317932978e-06
2016,Scotland,3,7.4,30,Full Hybrid Diesel Cars,Urban (not London),0.000187142431969,1.59179508046e-05,1.18767120512e-05
2016,Scotland,3,7.4,30,Full Hybrid Petrol Cars,Urban (not London),1.60805848282e-05,7.97065877123e-06,4.32678552897e-06
2016,Scotland,3,7.4,30,Full Hybrid Petrol LGV,Urban (not London),9.44911244005e-06,1.11900071715e-05,6.03431180934e-06
2016,Scotland,3,7.4,30,Hybrid Bus,Urban (not London),0.000891491537914,4.15602153225e-05,2.54828319157e-05
2016,Scotland,3,7.4,30,LGV,Urban (not London),0.000287888309686,2.33556202147e-05,1.75916429725e-05
2016,Scotland,3,7.4,30,LPG Cars,Urban (not London),2.1111110982e-05,7.9666979218e-06,4.3230220399e-06
2016,Scotland,3,7.4,30,LPG LGV,Urban (not London),3.15816469083e-05,1.11900071715e-05,6.03431180934e-06
2016,Scotland,3,7.4,30,Motorcycle,Urban (not London),2.87091588689e-05,4.50232619187e-06,2.78249285657e-06
2016,Scotland,3,7.4,30,Petrol Car,Urban (not London),3.21611696563e-05,7.97065877123e-06,4.32678552897e-06
2016,Scotland,3,7.4,30,Plug-In Hybrid Petrol Cars,Urban (not London),4.85508753627e-05,7.8082393884e-06,4.17248702433e-06
2016,Scotland,3,7.4,30,Plug-In Hybrid Petrol LGV,Urban (not London),9.98912291834e-05,1.09947841338e-05,5.8488499235e-06
2016,Scotland,3,7.4,30,Rigid HGV,Urban (not London),0.00182422285434,7.41160692996e-05,5.67830575164e-05
2016,Scotland,3,7.4,35,Artic HGV,Urban (not London),0.00280642998405,9.71732588368e-05,7.7059979958e-05
2016,Scotland,3,7.4,35,B100 Artic HGV,Urban (not London),0.00308707286604,7.02136021573e-05,5.14483035658e-05
2016,Scotland,3,7.4,35,B100 Bus,Urban (not London),0.00214426103048,5.20396206412e-05,3.54382646037e-05
2016,Scotland,3,7.4,35,B100 Coach,Urban (not London),0.00279073463753,4.54441287729e-05,2.91725500574e-05
2016,Scotland,3,7.4,35,B100 Rigid HGV,Urban (not London),0.00185201468412,5.20751527802e-05,3.5844186641e-05
2016,Scotland,3,7.4,35,Battery EV Cars,Urban (not London),0.0,7.75497937866e-06,4.12188956034e-06
2016,Scotland,3,7.4,35,Battery EV LGV,Urban (not London),0.0,1.09782886284e-05,5.83317932978e-06
2016,Scotland,3,7.4,35,Biogas Bus,Urban (not London),0.00069444446126,3.27659035975e-05,1.71282354131e-05
2016,Scotland,3,7.4,35,Biomethane Bus,Urban (not London),0.00069444446126,3.27659035975e-05,1.71282354131e-05
2016,Scotland,3,7.4,35,Bus and Coach,Urban (not London),0.00211388501339,7.51230836613e-05,5.73675570195e-05
2016,Scotland,3,7.4,35,CNG Bus,Urban (not London),0.00069444446126,3.27659035975e-05,1.71282354131e-05
2016,Scotland,3,7.4,35,Diesel Car,Urban (not London),0.00020687871438,1.35796053655e-05,9.6552848845e-06
2016,Scotland,3,7.4,35,E85 Bioethanol Cars,Urban (not London),3.09343449771e-05,7.92752325651e-06,4.2858064262e-06
2016,Scotland,3,7.4,35,E85 Bioethanol LGV,Urban (not London),4.02517798648e-05,1.11508325062e-05,5.9970957409e-06
2016,Scotland,3,7.4,35,FCEV Bus,Urban (not London),0.0,3.13770142384e-05,1.58087914315e-05
2016,Scotland,3,7.4,35,FCEV Cars,Urban (not London),0.0,7.75497937866e-06,4.12188956034e-06
2016,Scotland,3,7.4,35,FCEV LGV,Urban (not London),0.0,1.09782886284e-05,5.83317932978e-06
2016,Scotland,3,7.4,35,Full Hybrid Diesel Cars,Urban (not London),0.000175001594471,1.55185116455e-05,1.14972444862e-05
2016,Scotland,3,7.4,35,Full Hybrid Petrol Cars,Urban (not London),1.54671724886e-05,7.97065877123e-06,4.32678552897e-06
2016,Scotland,3,7.4,35,Full Hybrid Petrol LGV,Urban (not London),8.56738734001e-06,1.11900071715e-05,6.03431180934e-06
2016,Scotland,3,7.4,35,Hybrid Bus,Urban (not London),0.000753102242015,4.06351973652e-05,2.46040654019e-05
2016,Scotland,3,7.4,35,LGV,Urban (not London),0.000270044925855,2.19899193326e-05,1.62942287716e-05
2016,Scotland,3,7.4,35,LPG Cars,Urban (not London),2.1111110982e-05,7.9666979218e-06,4.3230220399e-06
2016,Scotland,3,7.4,35,LPG LGV,Urban (not London),2.96652269753e-05,1.11900071715e-05,6.03431180934e-06
2016,Scotland,3,7.4,35,Motorcycle,Urban (not London),2.86609974864e-05,4.50232619187e-06,2.78249285657e-06
2016,Scotland,3,7.4,35,Petrol Car,Urban (not London),3.09343449771e-05,7.97065877123e-06,4.32678552897e-06
2016,Scotland,3,7.4,35,Plug-In Hybrid Petrol Cars,Urban (not London),5.01495742355e-05,7.8082393884e-06,4.17248702433e-06
2016,Scotland,3,7.4,35,Plug-In Hybrid Petrol LGV,Urban (not London),0.000103919868707,1.09958782559e-05,5.84988947594e-06
2016,Scotland,3,7.4,35,Rigid HGV,Urban (not London),0.00168364972342,6.9520327088e-05,5.24171009602e-05
2016,Scotland,3,7.4,40,Artic HGV,Urban (not London),0.00261853635311,9.18391087907e-05,7.19925374142e-05
2016,Scotland,3,7.4,40,B100 Artic HGV,Urban (not London),0.00288039003499,6.72798196319e-05,4.86612116219e-05
2016,Scotland,3,7.4,40,B100 Bus,Urban (not London),0.0019624219276,5.0566806749e-05,3.40390943165e-05
2016,Scotland,3,7.4,40,B100 Coach,Urban (not London),0.00253002019599,4.41405754827e-05,2.79341747955e-05
2016,Scotland,3,7.4,40,B100 Rigid HGV,Urban (not London),0.00173821498174,5.01636604895e-05,3.40282713296e-05
2016,Scotland,3,7.4,40,Battery EV Cars,Urban (not London),0.0,7.75497937866e-06,4.12188956034e-06
2016,Scotland,3,7.4,40,Battery EV LGV,Urban (not London),0.0,1.09782886284e-05,5.83317932978e-06
2016,Scotland,3,7.4,40,Biogas Bus,Urban (not London),0.00069444446126,3.27659035975e-05,1.71282354131e-05
2016,Scotland,3,7.4,40,Biomethane Bus,Urban (not London),0.00069444446126,3.27659035975e-05,1.71282354131e-05
2016,Scotland,3,7.4,40,Bus and Coach,Urban (not London),0.00192849955056,7.14712950867e-05,5.38983549632e-05
2016,Scotland,3,7.4,40,CNG Bus,Urban (not London),0.00069444446126,3.27659035975e-05,1.71282354131e-05
2016,Scotland,3,7.4,40,Diesel Car,Urban (not London),0.000199464440811,1.33220810312e-05,9.41063626669e-06
2016,Scotland,3,7.4,40,E85 Bioethanol Cars,Urban (not London),2.97394963127e-05,7.92752325651e-06,4.2858064262e-06
2016,Scotland,3,7.4,40,E85 Bioethanol LGV,Urban (not London),3.80429191864e-05,1.11508325062e-05,5.9970957409e-06
2016,Scotland,3,7.4,40,FCEV Bus,Urban (not London),0.0,3.13770142384e-05,1.58087914315e-05
2016,Scotland,3,7.4,40,FCEV Cars,Urban (not London),0.0,7.75497937866e-06,4.12188956034e-06
2016,Scotland,3,7.4,40,FCEV LGV,Urban (not London),0.0,1.09782886284e-05,5.83317932978e-06
2016,Scotland,3,7.4,40,Full Hybrid Diesel Cars,Urban (not London),0.000164784520166,1.51635103975e-05,1.11599938464e-05
2016,Scotland,3,7.4,40,Full Hybrid Petrol Cars,Urban (not London),1.48697481563e-05,7.97065877123e-06,4.32678552897e-06
2016,Scotland,3,7.4,40,Full Hybrid Petrol LGV,Urban (not London),7.79362380854e-06,1.11900071715e-05,6.03431180934e-06
2016,Scotland,3,7.4,40,Hybrid Bus,Urban (not London),0.00064565485809,3.99064338126e-05,2.39117398451e-05
2016,Scotland,3,7.4,40,LGV,Urban (not London),0.000254937855061,2.09377958527e-05,1.52947104652e-05
2016,Scotland,3,7.4,40,LPG Cars,Urban (not London),2.1111110982e-05,7.9666979218e-06,4.3230220399e-06
2016,Scotland,3,7.4,40,LPG LGV,Urban (not London),2.80579770333e-05,1.11900071715e-05,6.03431180934e-06
2016,Scotland,3,7.4,40,Motorcycle,Urban (not London),2.91951255349e-05,4.50232619187e-06,2.78249285657e-06
2016,Scotland,3,7.4,40,Petrol Car,Urban (not London),2.97394963127e-05,7.97065877123e-06,4.32678552897e-06
2016,Scotland,3,7.4,40,Plug-In Hybrid Petrol Cars,Urban (not London),5.18905908393e-05,7.8082393884e-06,4.17248702433e-06
2016,Scotland,3,7.4,40,Plug-In Hybrid Petrol LGV,Urban (not London),0.000108032785647,1.09972661448e-05,5.85120733376e-06
2016,Scotland,3,7.4,40,Rigid HGV,Urban (not London),0.00158019550145,6.6044885898e-05,4.91154387419e-05
2016,Scotland,3,7.4,45,Artic HGV,Urban (not London),0.00246645207517,8.77009006217e-05,6.80612356518e-05
2016,Scotland,3,7.4,45,B100 Artic HGV,Urban (not London),0.00271309749223,6.50038055028e-05,4.64989971078e-05
2016,Scotland,3,7.4,45,B100 Bus,Urban (not London),0.00181791197974,4.94388477819e-05,3.29675349349e-05
2016,Scotland,3,7.4,45,B100 Coach,Urban (not London),0.00233232998289,4.31112421211e-05,2.695630792e-05
2016,Scotland,3,7.4,45,B100 Rigid HGV,Urban (not London),0.00165241200011,4.86745266244e-05,3.26135923387e-05
2016,Scotland,3,7.4,45,Battery EV Cars,Urban (not London),0.0,7.75497937866e-06,4.12188956034e-06
2016,Scotland,3,7.4,45,Battery EV LGV,Urban (not London),0.0,1.09782886284e-05,5.83317932978e-06
2016,Scotland,3,7.4,45,Biogas Bus,Urban (not London),0.00069444446126,3.27659035975e-05,1.71282354131e-05
2016,Scotland,3,7.4,45,Biomethane Bus,Urban (not London),0.00069444446126,3.27659035975e-05,1.71282354131e-05
2016,Scotland,3,7.4,45,Bus and Coach,Urban (not London),0.00178359006532,6.86298080836e-05,5.11989455845e-05
2016,Scotland,3,7.4,45,CNG Bus,Urban (not London),0.00069444446126,3.27659035975e-05,1.71282354131e-05
2016,Scotland,3,7.4,45,Diesel Car,Urban (not London),0.000194046791876,1.31417182274e-05,9.23929201235e-06
2016,Scotland,3,7.4,45,E85 Bioethanol Cars,Urban (not London),2.85803434963e-05,7.92752325651e-06,4.2858064262e-06
2016,Scotland,3,7.4,45,E85 Bioethanol LGV,Urban (not London),3.61461788998e-05,1.11508325062e-05,5.9970957409e-06
2016,Scotland,3,7.4,45,FCEV Bus,Urban (not London),0.0,3.13770142384e-05,1.58087914315e-05
2016,Scotland,3,7.4,45,FCEV Cars,Urban (not London),0.0,7.75497937866e-06,4.12188956034e-06
2016,Scotland,3,7.4,45,FCEV LGV,Urban (not London),0.0,1.09782886284e-05,5.83317932978e-06
2016,Scotland,3,7.4,45,Full Hybrid Diesel Cars,Urban (not London),0.000156213005539,1.48529488797e-05,1.08649601316e-05
2016,Scotland,3,7.4,45,Full Hybrid Petrol Cars,Urban (not London),1.42901717481e-05,7.97065877123e-06,4.32678552897e-06
2016,Scotland,3,7.4,45,Full Hybrid Petrol LGV,Urban (not London),7.1188687798e-06,1.11900071715e-05,6.03431180934e-06
2016,Scotland,3,7.4,45,Hybrid Bus,Urban (not London),0.000561089836992,3.93306436308e-05,2.33647388086e-05
2016,Scotland,3,7.4,45,LGV,Urban (not London),0.000242520633037,2.0199247956e-05,1.45930898725e-05
2016,Scotland,3,7.4,45,LPG Cars,Urban (not London),2.1111110982e-05,7.9666979218e-06,4.3230220399e-06
2016,Scotland,3,7.4,45,LPG LGV,Urban (not London),2.67456980509e-05,1.11900071715e-05,6.03431180934e-06
2016,Scotland,3,7.4,45,Motorcycle,Urban (not London),3.02429580188e-05,4.50232619187e-06,2.78249285657e-06
2016,Scotland,3,7.4,45,Petrol Car,Urban (not London),2.85803434963e-05,7.97065877123e-06,4.32678552897e-06
2016,Scotland,3,7.4,45,Plug-In Hybrid Petrol Cars,Urban (not London),5.3773928812e-05,7.8082393884e-06,4.17248702433e-06
2016,Scotland,3,7.4,45,Plug-In Hybrid Petrol LGV,Urban (not London),0.000112229980004,1.09988914119e-05,5.85275211051e-06
2016,Scotland,3,7.4,45,Rigid HGV,Urban (not London),0.00150219269563,6.33373711025e-05,4.65432967758e-05
2016,Scotland,3,7.4,50,Artic HGV,Urban (not London),0.00234060292132,8.44119858812e-05,6.49367648293e-05
2016,Scotland,3,7.4,50,B100 Artic HGV,Urban (not London),0.00257466337644,6.31949005765e-05,4.47805396107e-05
2016,Scotland,3,7.4,50,B100 Bus,Urban (not London),0.00169964833185,4.85619129904e-05,3.2134445064e-05
2016,Scotland,3,7.4,50,B100 Coach,Urban (not London),0.00217862799764,4.22783341492e-05,2.61650438915e-05
2016,Scotland,3,7.4,50,B100 Rigid HGV,Urban (not London),0.00158665305935,4.74888547615e-05,3.14872049785e-05
2016,Scotland,3,7.4,50,Battery EV Cars,Urban (not London),0.0,7.75497937866e-06,4.12188956034e-06
2016,Scotland,3,7.4,50,Battery EV LGV,Urban (not London),0.0,1.09782886284e-05,5.83317932978e-06
2016,Scotland,3,7.4,50,Biogas Bus,Urban (not London),0.00069444446126,3.27659035975e-05,1.71282354131e-05
2016,Scotland,3,7.4,50,Biomethane Bus,Urban (not London),0.00069444446126,3.27659035975e-05,1.71282354131e-05
2016,Scotland,3,7.4,50,Bus and Coach,Urban (not London),0.00166705693118,6.63743412588e-05,4.90562524647e-05
2016,Scotland,3,7.4,50,CNG Bus,Urban (not London),0.00069444446126,3.27659035975e-05,1.71282354131e-05
2016,Scotland,3,7.4,50,Diesel Car,Urban (not London),0.000190154387383,1.30385178636e-05,9.14125121199e-06
2016,Scotland,3,7.4,50,E85 Bioethanol Cars,Urban (not London),2.74615449598e-05,7.92752325651e-06,4.2858064262e-06
2016,Scotland,3,7.4,50,E85 Bioethanol LGV,Urban (not London),3.45321059285e-05,1.11508325062e-05,5.9970957409e-06
2016,Scotland,3,7.4,50,FCEV Bus,Urban (not London),0.0,3.13770142384e-05,1.58087914315e-05
2016,Scotland,3,7.4,50,FCEV Cars,Urban (not London),0.0,7.75497937866e-06,4.12188956034e-06
2016,Scotland,3,7.4,50,FCEV LGV,Urban (not London),0.0,1.09782886284e-05,5.83317932978e-06
2016,Scotland,3,7.4,50,Full Hybrid Diesel Cars,Urban (not London),0.000149111278006,1.45868261825e-05,1.06121442514e-05
2016,Scotland,3,7.4,50,Full Hybrid Petrol Cars,Urban (not London),1.37307724799e-05,7.97065877123e-06,4.32678552897e-06
2016,Scotland,3,7.4,50,Full Hybrid Petrol LGV,Urban (not London),6.53417146168e-06,1.11900071715e-05,6.03431180934e-06
2016,Scotland,3,7.4,50,Hybrid Bus,Urban (not London),0.000494284555316,3.88853550248e-05,2.29417146329e-05
2016,Scotland,3,7.4,50,LGV,Urban (not London),0.000232764112297,1.97742756427e-05,1.41893679029e-05
2016,Scotland,3,7.4,50,LPG Cars,Urban (not London),2.1111110982e-05,7.9666979218e-06,4.3230220399e-06
2016,Scotland,3,7.4,50,LPG LGV,Urban (not London),2.57196115854e-05,1.11900071715e-05,6.03431180934e-06
2016,Scotland,3,7.4,50,Motorcycle,Urban (not London),3.17680023727e-05,4.50232619187e-06,2.78249285657e-06
2016,Scotland,3,7.4,50,Petrol Car,Urban (not London),2.74615449598e-05,7.97065877123e-06,4.32678552897e-06
2016,Scotland,3,7.4,50,Plug-In Hybrid Petrol Cars,Urban (not London),5.57995808776e-05,7.8082393884e-06,4.17248702433e-06
2016,Scotland,3,7.4,50,Plug-In Hybrid Petrol LGV,Urban (not London),0.000116511451779,1.10007222247e-05,5.85449106438e-06
2016,Scotland,3,7.4,50,Rigid HGV,Urban (not London),0.00144241191447,6.11815994489e-05,4.44953147962e-05
2016,Scotland,3,7.4,60,Artic HGV,Urban (not London),0.00214409246109,7.95597952674e-05,6.03271910222e-05
2016,Scotland,3,7.4,60,B100 Artic HGV,Urban (not London),0.00235850177705,6.05261993769e-05,4.22452721978e-05
2016,Scotland,3,7.4,60,B100 Bus,Urban (not London),0.00151621201076,4.73394102301e-05,3.09730676236e-05
2016,Scotland,3,7.4,60,B100 Coach,Urban (not London),0.00195913482457,4.10151660617e-05,2.49650347541e-05
2016,Scotland,3,7.4,60,B100 Rigid HGV,Urban (not London),0.00149625656195,4.57448368252e-05,2.98303875752e-05
2016,Scotland,3,7.4,60,Battery EV Cars,Urban (not London),0.0,7.75497937866e-06,4.12188956034e-06
2016,Scotland,3,7.4,60,Battery EV LGV,Urban (not London),0.0,1.09782886284e-05,5.83317932978e-06
2016,Scotland,3,7.4,60,Biogas Bus,Urban (not London),0.00069444446126,3.27659035975e-05,1.71282354131e-05
2016,Scotland,3,7.4,60,Biomethane Bus,Urban (not London),0.00069444446126,3.27659035975e-05,1.71282354131e-05
2016,Scotland,3,7.4,60,Bus and Coach,Urban (not London),0.00149111857172,6.30868962617e-05,4.5933178626e-05
2016,Scotland,3,7.4,60,CNG Bus,Urban (not London),0.00069444446126,3.27659035975e-05,1.71282354131e-05
2016,Scotland,3,7.4,60,Diesel Car,Urban (not London),0.00018586171791,1.30636053655e-05,9.16508452065e-06
2016,Scotland,3,7.4,60,E85 Bioethanol Cars,Urban (not London),2.53698926826e-05,7.86724194768e-06,4.22853963755e-06
2016,Scotland,3,7.4,60,E85 Bioethanol LGV,Urban (not London),3.20350191032e-05,1.10905511974e-05,5.93982895225e-06
2016,Scotland,3,7.4,60,FCEV Bus,Urban (not London),0.0,3.13770142384e-05,1.58087914315e-05
2016,Scotland,3,7.4,60,FCEV Cars,Urban (not London),0.0,7.75497937866e-06,4.12188956034e-06
2016,Scotland,3,7.4,60,FCEV LGV,Urban (not London),0.0,1.09782886284e-05,5.83317932978e-06
2016,Scotland,3,7.4,60,Full Hybrid Diesel Cars,Urban (not London),0.000138907809742,1.41878972499e-05,1.02331614471e-05
2016,Scotland,3,7.4,60,Full Hybrid Petrol Cars,Urban (not London),1.77589245141e-05,7.89530804468e-06,4.25520192948e-06
2016,Scotland,3,7.4,60,Full Hybrid Petrol LGV,Urban (not London),7.8387947724e-06,1.11165672934e-05,5.96454401602e-06
2016,Scotland,3,7.4,60,Hybrid Bus,Urban (not London),0.000500392750837,3.83499318559e-05,2.24330597121e-05
2016,Scotland,3,7.4,60,LGV,Urban (not London),0.000221164678806,1.98625984922e-05,1.42732733366e-05
2016,Scotland,3,7.4,60,LPG Cars,Urban (not London),1.94444437511e-05,7.89325804362e-06,4.25325424658e-06
2016,Scotland,3,7.4,60,LPG LGV,Urban (not London),2.22780308832e-05,1.11165672934e-05,5.96454401602e-06
2016,Scotland,3,7.4,60,Motorcycle,Urban (not London),3.6226658267e-05,4.50232619187e-06,2.78249285657e-06
2016,Scotland,3,7.4,60,Petrol Car,Urban (not London),2.53698926826e-05,7.89530804468e-06,4.25520192948e-06
2016,Scotland,3,7.4,60,Plug-In Hybrid Petrol Cars,Urban (not London),0.000301389227388,7.90715148469e-06,4.26645374318e-06
2016,Scotland,3,7.4,60,Plug-In Hybrid Petrol LGV,Urban (not London),0.000419149670051,1.11115341497e-05,5.95976280238e-06
2016,Scotland,3,7.4,60,Rigid HGV,Urban (not London),0.00136023317464,5.80106607231e-05,4.14829228248e-05
2016,Scotland,3,7.4,70,Artic HGV,Urban (not London),0.00199755630456,7.62143536122e-05,5.71490236325e-05
2016,Scotland,3,7.4,70,B100 Artic HGV,Urban (not London),0.0021973119583,5.86862079217e-05,4.04972779506e-05
2016,Scotland,3,7.4,70,B100 Bus,Urban (not London),0.00137915695086,4.66174460598e-05,3.02872012981e-05
2016,Scotland,3,7.4,70,B100 Coach,Urban (not London),0.00181527622044,4.01056349801e-05,2.41009802266e-05
2016,Scotland,3,7.4,70,B100 Rigid HGV,Urban (not London),0.00144231552258,4.45635378128e-05,2.87081529677e-05
2016,Scotland,3,7.4,70,Battery EV Cars,Urban (not London),0.0,7.75497937866e-06,4.12188956034e-06
2016,Scotland,3,7.4,70,Battery EV LGV,Urban (not London),0.0,1.09782886284e-05,5.83317932978e-06
2016,Scotland,3,7.4,70,Biogas Bus,Urban (not London),0.00069444446126,3.27659035975e-05,1.71282354131e-05
2016,Scotland,3,7.4,70,Biomethane Bus,Urban (not London),0.00069444446126,3.27659035975e-05,1.71282354131e-05
2016,Scotland,3,7.4,70,Bus and Coach,Urban (not London),0.00136479130015,6.09187554801e-05,4.38734423369e-05
2016,Scotland,3,7.4,70,CNG Bus,Urban (not London),0.00069444446126,3.27659035975e-05,1.71282354131e-05
2016,Scotland,3,7.4,70,Diesel Car,Urban (not London),0.000185335840797,1.33973426273e-05,9.48213528318e-06
2016,Scotland,3,7.4,70,E85 Bioethanol Cars,Urban (not London),2.42607056862e-05,7.86724194768e-06,4.22853963755e-06
2016,Scotland,3,7.4,70,E85 Bioethanol LGV,Urban (not London),3.20598483086e-05,1.10905511974e-05,5.93982895225e-06
2016,Scotland,3,7.4,70,FCEV Bus,Urban (not London),0.0,3.13770142384e-05,1.58087914315e-05
2016,Scotland,3,7.4,70,FCEV Cars,Urban (not London),0.0,7.75497937866e-06,4.12188956034e-06
2016,Scotland,3,7.4,70,FCEV LGV,Urban (not London),0.0,1.09782886284e-05,5.83317932978e-06
2016,Scotland,3,7.4,70,Full Hybrid Diesel Cars,Urban (not London),0.000133727662615,1.39667235999e-05,1.00230472526e-05
2016,Scotland,3,7.4,70,Full Hybrid Petrol Cars,Urban (not London),1.69824943441e-05,7.89530804468e-06,4.25520192948e-06
2016,Scotland,3,7.4,70,Full Hybrid Petrol LGV,Urban (not London),7.49118498788e-06,1.11165672934e-05,5.96454401602e-06
2016,Scotland,3,7.4,70,Hybrid Bus,Urban (not London),0.000441039883299,3.83100086765e-05,2.2395133783e-05
2016,Scotland,3,7.4,70,LGV,Urban (not London),0.000220114190597,2.12076902244e-05,1.55511115736e-05
2016,Scotland,3,7.4,70,LPG Cars,Urban (not London),1.94444437511e-05,7.89325804362e-06,4.25325424658e-06
2016,Scotland,3,7.4,70,LPG LGV,Urban (not London),2.21757763939e-05,1.11165672934e-05,5.96454401602e-06
2016,Scotland,3,7.4,70,Motorcycle,Urban (not London),4.26831029472e-05,4.50232619187e-06,2.78249285657e-06
2016,Scotland,3,7.4,70,Petrol Car,Urban (not London),2.42607056862e-05,7.89530804468e-06,4.25520192948e-06
2016,Scotland,3,7.4,70,Plug-In Hybrid Petrol Cars,Urban (not London),0.000326626905007,7.90715148469e-06,4.26645374318e-06
2016,Scotland,3,7.4,70,Plug-In Hybrid Petrol LGV,Urban (not London),0.000446366175311,1.11364352051e-05,5.98341785008e-06
2016,Scotland,3,7.4,70,Rigid HGV,Urban (not London),0.00131119589787,5.58628453291e-05,3.94424932892e-05
2016,Scotland,3,7.4,80,Artic HGV,Urban (not London),0.00188416801393,7.38343442208e-05,5.488800889e-05
2016,Scotland,3,7.4,80,B100 Artic HGV,Urban (not London),0.00207258481532,5.73771976633e-05,3.92537222069e-05
2016,Scotland,3,7.4,80,B100 Bus,Urban (not London),0.00127189827617,4.62703465018e-05,2.9957454899e-05
2016,Scotland,3,7.4,80,B100 Coach,Urban (not London),0.00171927420888,3.94742710341e-05,2.35011830227e-05
2016,Scotland,3,7.4,80,B100 Rigid HGV,Urban (not London),0.00141241110396,4.37596063421e-05,2.79444175248e-05
2016,Scotland,3,7.4,80,Battery EV Cars,Urban (not London),0.0,7.75497937866e-06,4.12188956034e-06
2016,Scotland,3,7.4,80,Battery EV LGV,Urban (not London),0.0,1.09782886284e-05,5.83317932978e-06
2016,Scotland,3,7.4,80,Biogas Bus,Urban (not London),0.00069444446126,3.27659035975e-05,1.71282354131e-05
2016,Scotland,3,7.4,80,Biomethane Bus,Urban (not London),0.00069444446126,3.27659035975e-05,1.71282354131e-05
2016,Scotland,3,7.4,80,Bus and Coach,Urban (not London),0.0012701486703,5.95388446527e-05,4.25625294156e-05
2016,Scotland,3,7.4,80,CNG Bus,Urban (not London),0.00069444446126,3.27659035975e-05,1.71282354131e-05
2016,Scotland,3,7.4,80,Diesel Car,Urban (not London),0.000188337886357,1.40397296491e-05,1.00924025901e-05
2016,Scotland,3,7.4,80,E85 Bioethanol Cars,Urban (not London),2.36875021074e-05,7.86724194768e-06,4.22853963755e-06
2016,Scotland,3,7.4,80,E85 Bioethanol LGV,Urban (not London),3.35582481057e-05,1.10905511974e-05,5.93982895225e-06
2016,Scotland,3,7.4,80,FCEV Bus,Urban (not London),0.0,3.13770142384e-05,1.58087914315e-05
2016,Scotland,3,7.4,80,FCEV Cars,Urban (not London),0.0,7.75497937866e-06,4.12188956034e-06
2016,Scotland,3,7.4,80,FCEV LGV,Urban (not London),0.0,1.09782886284e-05,5.83317932978e-06
2016,Scotland,3,7.4,80,Full Hybrid Diesel Cars,Urban (not London),0.000133586145239,1.39233070513e-05,9.9818007584e-06
2016,Scotland,3,7.4,80,Full Hybrid Petrol Cars,Urban (not London),1.65812525665e-05,7.89530804468e-06,4.25520192948e-06
2016,Scotland,3,7.4,80,Full Hybrid Petrol LGV,Urban (not London),7.6952692325e-06,1.11165672934e-05,5.96454401602e-06
2016,Scotland,3,7.4,80,Hybrid Bus,Urban (not London),0.000435059482697,3.89170672861e-05,2.29718389164e-05
2016,Scotland,3,7.4,80,LGV,Urban (not London),0.000229564073379,2.38070879277e-05,1.8020538846e-05
2016,Scotland,3,7.4,80,LPG Cars,Urban (not London),1.94444437511e-05,7.89325804362e-06,4.25325424658e-06
2016,Scotland,3,7.4,80,LPG LGV,Urban (not London),2.30706555158e-05,1.11165672934e-05,5.96454401602e-06
2016,Scotland,3,7.4,80,Motorcycle,Urban (not London),5.1362101658e-05,4.50232619187e-06,2.78249285657e-06
2016,Scotland,3,7.4,80,Petrol Car,Urban (not London),2.36875021074e-05,7.89530804468e-06,4.25520192948e-06
2016,Scotland,3,7.4,80,Plug-In Hybrid Petrol Cars,Urban (not London),0.000354710937245,7.90715148469e-06,4.26645374318e-06
2016,Scotland,3,7.4,80,Plug-In Hybrid Petrol LGV,Urban (not London),0.000474054599181,1.11661192932e-05,6.01161855229e-06
2016,Scotland,3,7.4,80,Rigid HGV,Urban (not London),0.00128401012626,5.44011491002e-05,3.80538876925e-05
2016,Scotland,3,7.4,90,Artic HGV,Urban (not London),0.00182775605936,7.27385122445e-05,5.38469721505e-05
2016,Scotland,3,7.4,90,B100 Artic HGV,Urban (not London),0.0020105317235,5.67744937143e-05,3.86811516364e-05
2016,Scotland,3,7.4,90,B100 Bus,Urban (not London),0.00121778110042,4.6223802201e-05,2.99132389046e-05
2016,Scotland,3,7.4,90,B100 Coach,Urban (not London),0.00165589840617,3.8913130993e-05,2.29681027122e-05
2016,Scotland,3,7.4,90,B100 Rigid HGV,Urban (not London),0.00140305655077,4.34146058979e-05,2.76166683761e-05
2016,Scotland,3,7.4,90,Battery EV Cars,Urban (not London),0.0,7.75497937866e-06,4.12188956034e-06
2016,Scotland,3,7.4,90,Battery EV LGV,Urban (not London),0.0,1.09782886284e-05,5.83317932978e-06
2016,Scotland,3,7.4,90,Biogas Bus,Urban (not London),0.00069444446126,3.27659035975e-05,1.71282354131e-05
2016,Scotland,3,7.4,90,Biomethane Bus,Urban (not London),0.00069444446126,3.27659035975e-05,1.71282354131e-05
2016,Scotland,3,7.4,90,Bus and Coach,Urban (not London),0.00121859449428,5.87548020121e-05,4.18176896346e-05
2016,Scotland,3,7.4,90,CNG Bus,Urban (not London),0.00069444446126,3.27659035975e-05,1.71282354131e-05
2016,Scotland,3,7.4,90,Diesel Car,Urban (not London),0.00019546096155,1.49907664309e-05,1.09958873509e-05
2016,Scotland,3,7.4,90,E85 Bioethanol Cars,Urban (not London),2.35521492868e-05,7.9136043496e-06,4.27258373747e-06
2016,Scotland,3,7.4,90,E85 Bioethanol LGV,Urban (not London),3.58308316208e-05,1.11369135993e-05,5.98387350692e-06
2016,Scotland,3,7.4,90,FCEV Bus,Urban (not London),0.0,3.13770142384e-05,1.58087914315e-05
2016,Scotland,3,7.4,90,FCEV Cars,Urban (not London),0.0,7.75497937866e-06,4.12188956034e-06
2016,Scotland,3,7.4,90,FCEV LGV,Urban (not London),0.0,1.09782886284e-05,5.83317932978e-06
2016,Scotland,3,7.4,90,Full Hybrid Diesel Cars,Urban (not London),0.000138910341775,1.40576448757e-05,1.01094219644e-05
2016,Scotland,3,7.4,90,Full Hybrid Petrol Cars,Urban (not London),2.11969345401e-05,7.95326104708e-06,4.31025728176e-06
2016,Scotland,3,7.4,90,Full Hybrid Petrol LGV,Urban (not London),1.05265380625e-05,1.11751205623e-05,6.02016962148e-06
2016,Scotland,3,7.4,90,Hybrid Bus,Urban (not London),0.000455785368104,3.96194227505e-05,2.36390787904e-05
2016,Scotland,3,7.4,90,LGV,Urban (not London),0.000249526870903,2.76626869891e-05,2.16833577724e-05
2016,Scotland,3,7.4,90,LPG Cars,Urban (not London),2.16666667257e-05,7.95181131252e-06,4.30887985203e-06
2016,Scotland,3,7.4,90,LPG LGV,Urban (not London),2.24754403462e-05,1.11751205623e-05,6.02016962148e-06
2016,Scotland,3,7.4,90,Motorcycle,Urban (not London),6.24007880106e-05,4.50232619187e-06,2.78249285657e-06
2016,Scotland,3,7.4,90,Petrol Car,Urban (not London),2.35521492868e-05,7.95326104708e-06,4.31025728176e-06
2016,Scotland,3,7.4,90,Plug-In Hybrid Petrol Cars,Urban (not London),0.000694154470693,8.03782131698e-06,4.39058976553e-06
2016,Scotland,3,7.4,90,Plug-In Hybrid Petrol LGV,Urban (not London),0.000850632844958,1.13819187391e-05,6.21662775302e-06
2016,Scotland,3,7.4,90,Rigid HGV,Urban (not London),0.001275505987,5.37738778803e-05,3.745797585e-05
2016,Scotland,3,7.4,100,Artic HGV,Urban (not London),0.00182775605936,7.27385122445e-05,5.38469721505e-05
2016,Scotland,3,7.4,100,B100 Artic HGV,Urban (not London),0.0020105317235,5.67744937143e-05,3.86811516364e-05
2016,Scotland,3,7.4,100,B100 Bus,Urban (not London),0.00121778110042,4.6223802201e-05,2.99132389046e-05
2016,Scotland,3,7.4,100,B100 Coach,Urban (not London),0.00161615037359,3.8504927943e-05,2.25803087233e-05
2016,Scotland,3,7.4,100,B100 Rigid HGV,Urban (not London),0.00140305655077,4.34146058979e-05,2.76166683761e-05
2016,Scotland,3,7.4,100,Battery EV Cars,Urban (not London),0.0,7.75497937866e-06,4.12188956034e-06
2016,Scotland,3,7.4,100,Battery EV LGV,Urban (not London),0.0,1.09782886284e-05,5.83317932978e-06
2016,Scotland,3,7.4,100,Biogas Bus,Urban (not London),0.00069444446126,3.27659035975e-05,1.71282354131e-05
2016,Scotland,3,7.4,100,Biomethane Bus,Urban (not London),0.00069444446126,3.27659035975e-05,1.71282354131e-05
2016,Scotland,3,7.4,100,Bus and Coach,Urban (not London),0.00120847683866,5.8175814047e-05,4.12676527048e-05
2016,Scotland,3,7.4,100,CNG Bus,Urban (not London),0.00069444446126,3.27659035975e-05,1.71282354131e-05
2016,Scotland,3,7.4,100,Diesel Car,Urban (not London),0.000208494369872,1.62504529726e-05,1.2192590475e-05
2016,Scotland,3,7.4,100,E85 Bioethanol Cars,Urban (not London),2.43152353505e-05,7.9136043496e-06,4.27258373747e-06
2016,Scotland,3,7.4,100,E85 Bioethanol LGV,Urban (not London),3.89555825677e-05,1.11369135993e-05,5.98387350692e-06
2016,Scotland,3,7.4,100,FCEV Bus,Urban (not London),0.0,3.13770142384e-05,1.58087914315e-05
2016,Scotland,3,7.4,100,FCEV Cars,Urban (not London),0.0,7.75497937866e-06,4.12188956034e-06
2016,Scotland,3,7.4,100,FCEV LGV,Urban (not London),0.0,1.09782886284e-05,5.83317932978e-06
2016,Scotland,3,7.4,100,Full Hybrid Diesel Cars,Urban (not London),0.000150619103806,1.43697388921e-05,1.04059117803e-05
2016,Scotland,3,7.4,100,Full Hybrid Petrol Cars,Urban (not London),2.18837103603e-05,7.95326104708e-06,4.31025728176e-06
2016,Scotland,3,7.4,100,Full Hybrid Petrol LGV,Urban (not London),1.15293833005e-05,1.11751205623e-05,6.02016962148e-06
2016,Scotland,3,7.4,100,Hybrid Bus,Urban (not London),0.000455785368104,3.96194227505e-05,2.36390787904e-05
2016,Scotland,3,7.4,100,LGV,Urban (not London),0.000280112057226,3.27706948156e-05,2.65359667537e-05
2016,Scotland,3,7.4,100,LPG Cars,Urban (not London),2.16666667257e-05,7.95181131252e-06,4.30887985203e-06
2016,Scotland,3,7.4,100,LPG LGV,Urban (not London),2.51210149145e-05,1.11751205623e-05,6.02016962148e-06
2016,Scotland,3,7.4,100,Motorcycle,Urban (not London),7.56482913857e-05,4.50232619187e-06,2.78249285657e-06
2016,Scotland,3,7.4,100,Petrol Car,Urban (not London),2.43152353505e-05,7.95326104708e-06,4.31025728176e-06
2016,Scotland,3,7.4,100,Plug-In Hybrid Petrol Cars,Urban (not London),0.000754952663556,8.03782131698e-06,4.39058976553e-06
2016,Scotland,3,7.4,100,Plug-In Hybrid Petrol LGV,Urban (not London),0.000897733261809,1.14650838441e-05,6.29563464827e-06
2016,Scotland,3,7.4,100,Rigid HGV,Urban (not London),0.001275505987,5.37738778803e-05,3.745797585e-05
2016,Scotland,3,7.4,110,Artic HGV,Urban (not London),0.00182775605936,7.27385122445e-05,5.38469721505e-05
2016,Scotland,3,7.4,110,B100 Artic HGV,Urban (not London),0.0020105317235,5.67744937143e-05,3.86811516364e-05
2016,Scotland,3,7.4,110,B100 Bus,Urban (not London),0.00121778110042,4.6223802201e-05,2.99132389046e-05
2016,Scotland,3,7.4,110,B100 Coach,Urban (not London),0.00160329439677,3.84115555789e-05,2.2491605705e-05
2016,Scotland,3,7.4,110,B100 Rigid HGV,Urban (not London),0.00140305655077,4.34146058979e-05,2.76166683761e-05
2016,Scotland,3,7.4,110,Battery EV Cars,Urban (not London),0.0,7.75497937866e-06,4.12188956034e-06
2016,Scotland,3,7.4,110,Battery EV LGV,Urban (not London),0.0,1.09782886284e-05,5.83317932978e-06
2016,Scotland,3,7.4,110,Biogas Bus,Urban (not London),0.00069444446126,3.27659035975e-05,1.71282354131e-05
2016,Scotland,3,7.4,110,Biomethane Bus,Urban (not London),0.00069444446126,3.27659035975e-05,1.71282354131e-05
2016,Scotland,3,7.4,110,Bus and Coach,Urban (not London),0.00120520440396,5.79280349484e-05,4.10322609241e-05
2016,Scotland,3,7.4,110,CNG Bus,Urban (not London),0.00069444446126,3.27659035975e-05,1.71282354131e-05
2016,Scotland,3,7.4,110,Diesel Car,Urban (not London),0.000231843077927,1.78187910933e-05,1.36825101436e-05
2016,Scotland,3,7.4,110,E85 Bioethanol Cars,Urban (not London),2.68251442321e-05,7.9136043496e-06,4.27258373747e-06
2016,Scotland,3,7.4,110,E85 Bioethanol LGV,Urban (not London),4.30761465395e-05,1.11369135993e-05,5.98387350692e-06
2016,Scotland,3,7.4,110,FCEV Bus,Urban (not London),0.0,3.13770142384e-05,1.58087914315e-05
2016,Scotland,3,7.4,110,FCEV Cars,Urban (not London),0.0,7.75497937866e-06,4.12188956034e-06
2016,Scotland,3,7.4,110,FCEV LGV,Urban (not London),0.0,1.09782886284e-05,5.83317932978e-06
2016,Scotland,3,7.4,110,Full Hybrid Diesel Cars,Urban (not London),0.000170342624187,1.48595891005e-05,1.08712683868e-05
2016,Scotland,3,7.4,110,Full Hybrid Petrol Cars,Urban (not London),2.4142629627e-05,7.95326104708e-06,4.31025728176e-06
2016,Scotland,3,7.4,110,Full Hybrid Petrol LGV,Urban (not London),1.29024547277e-05,1.11751205623e-05,6.02016962148e-06
2016,Scotland,3,7.4,110,Hybrid Bus,Urban (not London),0.000455785368104,3.96194227505e-05,2.36390787904e-05
2016,Scotland,3,7.4,110,LGV,Urban (not London),0.000321587402141,3.91330104321e-05,3.25801629515e-05
2016,Scotland,3,7.4,110,LPG Cars,Urban (not London),2.16666667257e-05,7.95181131252e-06,4.30887985203e-06
2016,Scotland,3,7.4,110,LPG LGV,Urban (not London),2.87674374704e-05,1.11751205623e-05,6.02016962148e-06
2016,Scotland,3,7.4,110,Motorcycle,Urban (not London),8.44800888444e-05,4.50232619187e-06,2.78249285657e-06
2016,Scotland,3,7.4,110,Petrol Car,Urban (not London),2.68251442321e-05,7.95326104708e-06,4.31025728176e-06
2016,Scotland,3,7.4,110,Plug-In Hybrid Petrol Cars,Urban (not London),0.000820874294732,8.03782131698e-06,4.39058976553e-06
2016,Scotland,3,7.4,110,Plug-In Hybrid Petrol LGV,Urban (not London),0.000945440493524,1.15739749162e-05,6.39908103039e-06
2016,Scotland,3,7.4,110,Rigid HGV,Urban (not London),0.001275505987,5.37738778803e-05,3.745797585e-05
2016,Scotland,3,7.4,120,Artic HGV,Urban (not London),0.00182775605936,7.27385122445e-05,5.38469721505e-05
2016,Scotland,3,7.4,120,B100 Artic HGV,Urban (not London),0.0020105317235,5.67744937143e-05,3.86811516364e-05
2016,Scotland,3,7.4,120,B100 Bus,Urban (not London),0.00121778110042,4.6223802201e-05,2.99132389046e-05
2016,Scotland,3,7.4,120,B100 Coach,Urban (not London),0.00160329439677,3.84115555789e-05,2.2491605705e-05
2016,Scotland,3,7.4,120,B100 Rigid HGV,Urban (not London),0.00140305655077,4.34146058979e-05,2.76166683761e-05
2016,Scotland,3,7.4,120,Battery EV Cars,Urban (not London),0.0,7.75497937866e-06,4.12188956034e-06
2016,Scotland,3,7.4,120,Battery EV LGV,Urban (not London),0.0,1.09782886284e-05,5.83317932978e-06
2016,Scotland,3,7.4,120,Biogas Bus,Urban (not London),0.00069444446126,3.27659035975e-05,1.71282354131e-05
2016,Scotland,3,7.4,120,Biomethane Bus,Urban (not London),0.00069444446126,3.27659035975e-05,1.71282354131e-05
2016,Scotland,3,7.4,120,Bus and Coach,Urban (not London),0.00120520440396,5.79280349484e-05,4.10322609241e-05
2016,Scotland,3,7.4,120,CNG Bus,Urban (not London),0.00069444446126,3.27659035975e-05,1.71282354131e-05
2016,Scotland,3,7.4,120,Diesel Car,Urban (not London),0.000277828337857,1.9695777155e-05,1.54656481755e-05
2016,Scotland,3,7.4,120,E85 Bioethanol Cars,Urban (not London),3.25310611515e-05,7.9136043496e-06,4.27258373747e-06
2016,Scotland,3,7.4,120,E85 Bioethanol LGV,Urban (not London),4.79439731862e-05,1.11369135993e-05,5.98387350692e-06
2016,Scotland,3,7.4,120,FCEV Bus,Urban (not London),0.0,3.13770142384e-05,1.58087914315e-05
2016,Scotland,3,7.4,120,FCEV Cars,Urban (not London),0.0,7.75497937866e-06,4.12188956034e-06
2016,Scotland,3,7.4,120,FCEV LGV,Urban (not London),0.0,1.09782886284e-05,5.83317932978e-06
2016,Scotland,3,7.4,120,Full Hybrid Diesel Cars,Urban (not London),0.000200883136131,1.55271936819e-05,1.15054936032e-05
2016,Scotland,3,7.4,120,Full Hybrid Petrol Cars,Urban (not London),2.92779568554e-05,7.95326104708e-06,4.31025728176e-06
2016,Scotland,3,7.4,120,Full Hybrid Petrol LGV,Urban (not London),1.46457514347e-05,1.11751205623e-05,6.02016962148e-06
2016,Scotland,3,7.4,120,Hybrid Bus,Urban (not London),0.000455785368104,3.96194227505e-05,2.36390787904e-05
2016,Scotland,3,7.4,120,LGV,Urban (not London),0.000324493506923,3.92658657802e-05,3.27063789882e-05
2016,Scotland,3,7.4,120,LPG Cars,Urban (not London),2.16666667257e-05,7.95181131252e-06,4.30887985203e-06
2016,Scotland,3,7.4,120,LPG LGV,Urban (not London),2.94681594823e-05,1.11751205623e-05,6.02016962148e-06
2016,Scotland,3,7.4,120,Motorcycle,Urban (not London),9.48966844589e-05,4.50232619187e-06,2.78249285657e-06
2016,Scotland,3,7.4,120,Petrol Car,Urban (not London),3.25310611515e-05,7.95326104708e-06,4.31025728176e-06
2016,Scotland,3,7.4,120,Plug-In Hybrid Petrol Cars,Urban (not London),0.000891919422429,8.03782131698e-06,4.39058976553e-06
2016,Scotland,3,7.4,120,Plug-In Hybrid Petrol LGV,Urban (not London),0.000957748328801,1.17201871035e-05,6.53798269923e-06
2016,Scotland,3,7.4,120,Rigid HGV,Urban (not London),0.001275505987,5.37738778803e-05,3.745797585e-05
2016,Scotland,3,7.4,130,Artic HGV,Urban (not London),0.00182775605936,7.27385122445e-05,5.38469721505e-05
2016,Scotland,3,7.4,130,B100 Artic HGV,Urban (not London),0.0020105317235,5.67744937143e-05,3.86811516364e-05
2016,Scotland,3,7.4,130,B100 Bus,Urban (not London),0.00121778110042,4.6223802201e-05,2.99132389046e-05
2016,Scotland,3,7.4,130,B100 Coach,Urban (not London),0.00160329439677,3.84115555789e-05,2.2491605705e-05
2016,Scotland,3,7.4,130,B100 Rigid HGV,Urban (not London),0.00140305655077,4.34146058979e-05,2.76166683761e-05
2016,Scotland,3,7.4,130,Battery EV Cars,Urban (not London),0.0,7.75497937866e-06,4.12188956034e-06
2016,Scotland,3,7.4,130,Battery EV LGV,Urban (not London),0.0,1.09782886284e-05,5.83317932978e-06
2016,Scotland,3,7.4,130,Biogas Bus,Urban (not London),0.00069444446126,3.27659035975e-05,1.71282354131e-05
2016,Scotland,3,7.4,130,Biomethane Bus,Urban (not London),0.00069444446126,3.27659035975e-05,1.71282354131e-05
2016,Scotland,3,7.4,130,Bus and Coach,Urban (not London),0.00120520440396,5.79280349484e-05,4.10322609241e-05
2016,Scotland,3,7.4,130,CNG Bus,Urban (not London),0.00069444446126,3.27659035975e-05,1.71282354131e-05
2016,Scotland,3,7.4,130,Diesel Car,Urban (not London),0.000277828337857,2.18814129767e-05,1.75420027517e-05
2016,Scotland,3,7.4,130,E85 Bioethanol Cars,Urban (not London),4.34945104644e-05,7.9136043496e-06,4.27258373747e-06
2016,Scotland,3,7.4,130,E85 Bioethanol LGV,Urban (not London),4.98004555993e-05,1.11369135993e-05,5.98387350692e-06
2016,Scotland,3,7.4,130,FCEV Bus,Urban (not London),0.0,3.13770142384e-05,1.58087914315e-05
2016,Scotland,3,7.4,130,FCEV Cars,Urban (not London),0.0,7.75497937866e-06,4.12188956034e-06
2016,Scotland,3,7.4,130,FCEV LGV,Urban (not London),0.0,1.09782886284e-05,5.83317932978e-06
2016,Scotland,3,7.4,130,Full Hybrid Diesel Cars,Urban (not London),0.000247190648224,1.63725562743e-05,1.23085874293e-05
2016,Scotland,3,7.4,130,Full Hybrid Petrol Cars,Urban (not London),3.91450594179e-05,7.95326104708e-06,4.31025728176e-06
2016,Scotland,3,7.4,130,Full Hybrid Petrol LGV,Urban (not London),1.47275250129e-05,1.11751205623e-05,6.02016962148e-06
2016,Scotland,3,7.4,130,Hybrid Bus,Urban (not London),0.000455785368104,3.96194227505e-05,2.36390787904e-05
2016,Scotland,3,7.4,130,LGV,Urban (not London),0.000324554217514,3.9420570829e-05,3.28533460561e-05
2016,Scotland,3,7.4,130,LPG Cars,Urban (not London),2.16666667257e-05,7.95181131252e-06,4.30887985203e-06
2016,Scotland,3,7.4,130,LPG LGV,Urban (not London),2.94681594823e-05,1.11751205623e-05,6.02016962148e-06
2016,Scotland,3,7.4,130,Motorcycle,Urban (not London),0.000106992738438,4.50232619187e-06,2.78249285657e-06
2016,Scotland,3,7.4,130,Petrol Car,Urban (not London),4.34945104644e-05,7.95326104708e-06,4.31025728176e-06
2016,Scotland,3,7.4,130,Plug-In Hybrid Petrol Cars,Urban (not London),0.00096808798844,8.03782131698e-06,4.39058976553e-06
2016,Scotland,3,7.4,130,Plug-In Hybrid Petrol LGV,Urban (not London),0.000970662920736,1.19205451483e-05,6.72832265991e-06
2016,Scotland,3,7.4,130,Rigid HGV,Urban (not London),0.001275505987,5.37738778803e-05,3.745797585e-05
2016,Scotland,3,7.4,140,Artic HGV,Urban (not London),0.00182775605936,7.27385122445e-05,5.38469721505e-05
2016,Scotland,3,7.4,140,B100 Artic HGV,Urban (not London),0.0020105317235,5.67744937143e-05,3.86811516364e-05
2016,Scotland,3,7.4,140,B100 Bus,Urban (not London),0.00121778110042,4.6223802201e-05,2.99132389046e-05
2016,Scotland,3,7.4,140,B100 Coach,Urban (not London),0.00160329439677,3.84115555789e-05,2.2491605705e-05
2016,Scotland,3,7.4,140,B100 Rigid HGV,Urban (not London),0.00140305655077,4.34146058979e-05,2.76166683761e-05
2016,Scotland,3,7.4,140,Battery EV Cars,Urban (not London),0.0,7.75497937866e-06,4.12188956034e-06
2016,Scotland,3,7.4,140,Battery EV LGV,Urban (not London),0.0,1.09782886284e-05,5.83317932978e-06
2016,Scotland,3,7.4,140,Biogas Bus,Urban (not London),0.00069444446126,3.27659035975e-05,1.71282354131e-05
2016,Scotland,3,7.4,140,Biomethane Bus,Urban (not London),0.00069444446126,3.27659035975e-05,1.71282354131e-05
2016,Scotland,3,7.4,140,Bus and Coach,Urban (not London),0.00120520440396,5.79280349484e-05,4.10322609241e-05
2016,Scotland,3,7.4,140,CNG Bus,Urban (not London),0.00069444446126,3.27659035975e-05,1.71282354131e-05
2016,Scotland,3,7.4,140,Diesel Car,Urban (not London),0.000277828337857,2.18814129767e-05,1.75420027517e-05
2016,Scotland,3,7.4,140,E85 Bioethanol Cars,Urban (not London),4.34945104644e-05,7.9136043496e-06,4.27258373747e-06
2016,Scotland,3,7.4,140,E85 Bioethanol LGV,Urban (not London),4.98004555993e-05,1.11369135993e-05,5.98387350692e-06
2016,Scotland,3,7.4,140,FCEV Bus,Urban (not London),0.0,3.13770142384e-05,1.58087914315e-05
2016,Scotland,3,7.4,140,FCEV Cars,Urban (not London),0.0,7.75497937866e-06,4.12188956034e-06
2016,Scotland,3,7.4,140,FCEV LGV,Urban (not London),0.0,1.09782886284e-05,5.83317932978e-06
2016,Scotland,3,7.4,140,Full Hybrid Diesel Cars,Urban (not London),0.000247190648224,1.63725562743e-05,1.23085874293e-05
2016,Scotland,3,7.4,140,Full Hybrid Petrol Cars,Urban (not London),3.91450594179e-05,7.95326104708e-06,4.31025728176e-06
2016,Scotland,3,7.4,140,Full Hybrid Petrol LGV,Urban (not London),1.47275250129e-05,1.11751205623e-05,6.02016962148e-06
2016,Scotland,3,7.4,140,Hybrid Bus,Urban (not London),0.000455785368104,3.96194227505e-05,2.36390787904e-05
2016,Scotland,3,7.4,140,LGV,Urban (not London),0.000324554217514,3.9420570829e-05,3.28533460561e-05
2016,Scotland,3,7.4,140,LPG Cars,Urban (not London),2.16666667257e-05,7.95181131252e-06,4.30887985203e-06
2016,Scotland,3,7.4,140,LPG LGV,Urban (not London),2.94681594823e-05,1.11751205623e-05,6.02016962148e-06
2016,Scotland,3,7.4,140,Motorcycle,Urban (not London),0.000120828255604,4.50232619187e-06,2.78249285657e-06
2016,Scotland,3,7.4,140,Petrol Car,Urban (not London),4.34945104644e-05,7.95326104708e-06,4.31025728176e-06
2016,Scotland,3,7.4,140,Plug-In Hybrid Petrol Cars,Urban (not London),0.00096808798844,8.03782131698e-06,4.39058976553e-06
2016,Scotland,3,7.4,140,Plug-In Hybrid Petrol LGV,Urban (not London),0.000970662920736,1.21356997624e-05,6.9327197707e-06
2016,Scotland,3,7.4,140,Rigid HGV,Urban (not London),0.001275505987,5.37738778803e-05,3.745797585e-05
2016,Scotland,4,7.4,5,Artic HGV,Motorway (not London),0.0031606964767,4.77225767099e-05,3.76237767341e-05
2016,Scotland,4,7.4,5,B100 Artic HGV,Motorway (not London),0.00347676617093,4.50798288512e-05,3.51131675416e-05
2016,Scotland,4,7.4,5,B100 Bus,Motorway (not London),0.00270971097052,3.46181041095e-05,2.6003082894e-05
2016,Scotland,4,7.4,5,B100 Coach,Motorway (not London),0.0041058328934,5.18123997608e-05,4.23376659455e-05
2016,Scotland,4,7.4,5,B100 Rigid HGV,Motorway (not London),0.00215217843652,3.12089832732e-05,2.3050008167e-05
2016,Scotland,4,7.4,5,Battery EV Cars,Motorway (not London),0.0,4.0696081669e-06,2.40208009927e-06
2016,Scotland,4,7.4,5,Battery EV LGV,Motorway (not London),0.0,5.21319179825e-06,3.13913324135e-06
2016,Scotland,4,7.4,5,Biogas Bus,Motorway (not London),0.00069444446126,1.93561409105e-05,1.15042184916e-05
2016,Scotland,4,7.4,5,Biomethane Bus,Motorway (not London),0.00069444446126,1.93561409105e-05,1.15042184916e-05
2016,Scotland,4,7.4,5,Bus and Coach,Motorway (not London),0.00373257510364,4.71035200462e-05,3.78642289434e-05
2016,Scotland,4,7.4,5,CNG Bus,Motorway (not London),0.00069444446126,1.93561409105e-05,1.15042184916e-05
2016,Scotland,4,7.4,5,Diesel Car,Motorway (not London),0.000255899998592,1.2437805708e-05,1.03518677861e-05
2016,Scotland,4,7.4,5,E85 Bioethanol Cars,Motorway (not London),3.79481462005e-05,4.24215204475e-06,2.56599673776e-06
2016,Scotland,4,7.4,5,E85 Bioethanol LGV,Motorway (not London),3.36144839821e-05,5.3857356761e-06,3.30305010721e-06
2016,Scotland,4,7.4,5,FCEV Bus,Motorway (not London),0.0,1.79672515515e-05,1.018477451e-05
2016,Scotland,4,7.4,5,FCEV Cars,Motorway (not London),0.0,4.0696081669e-06,2.40208009927e-06
2016,Scotland,4,7.4,5,FCEV LGV,Motorway (not London),0.0,5.21319179825e-06,3.13913324135e-06
2016,Scotland,4,7.4,5,Full Hybrid Diesel Cars,Motorway (not London),0.00027608484379,1.42747267091e-05,1.20969425552e-05
2016,Scotland,4,7.4,5,Full Hybrid Petrol Cars,Motorway (not London),1.89740731003e-05,4.28528801422e-06,2.60697584054e-06
2016,Scotland,4,7.4,5,Full Hybrid Petrol LGV,Motorway (not London),1.35751561174e-05,5.42490988664e-06,3.34026572091e-06
2016,Scotland,4,7.4,5,Hybrid Bus,Motorway (not London),0.00397092988715,3.7766447349e-05,2.89940089715e-05
2016,Scotland,4,7.4,5,LGV,Motorway (not London),0.000313081080094,1.79056150955e-05,1.51969352373e-05
2016,Scotland,4,7.4,5,LPG Cars,Motorway (not London),1.13888891065e-05,4.28132671004e-06,2.60321235146e-06
2016,Scotland,4,7.4,5,LPG LGV,Motorway (not London),2.83398512693e-05,5.42490988664e-06,3.34026572091e-06
2016,Scotland,4,7.4,5,Motorcycle,Motorway (not London),2.62685152848e-05,2.54074529948e-06,1.79528831268e-06
2016,Scotland,4,7.4,5,Petrol Car,Motorway (not London),3.79481462005e-05,4.28528801422e-06,2.60697584054e-06
2016,Scotland,4,7.4,5,Plug-In Hybrid Petrol Cars,Motorway (not London),4.35792571807e-05,4.12286863138e-06,2.4526773359e-06
2016,Scotland,4,7.4,5,Plug-In Hybrid Petrol LGV,Motorway (not London),8.46194088808e-05,5.23437302036e-06,3.15925581162e-06
2016,Scotland,4,7.4,5,Rigid HGV,Motorway (not London),0.00195652595721,3.28056994476e-05,2.45668888965e-05
2016,Scotland,4,7.4,6,Artic HGV,Motorway (not London),0.0031606964767,4.77225767099e-05,3.76237767341e-05
2016,Scotland,4,7.4,6,B100 Artic HGV,Motorway (not London),0.00347676617093,4.50798288512e-05,3.51131675416e-05
2016,Scotland,4,7.4,6,B100 Bus,Motorway (not London),0.00270971097052,3.46181041095e-05,2.6003082894e-05
2016,Scotland,4,7.4,6,B100 Coach,Motorway (not London),0.0041058328934,5.18123997608e-05,4.23376659455e-05
2016,Scotland,4,7.4,6,B100 Rigid HGV,Motorway (not London),0.00215217843652,3.12089832732e-05,2.3050008167e-05
2016,Scotland,4,7.4,6,Battery EV Cars,Motorway (not London),0.0,4.0696081669e-06,2.40208009927e-06
2016,Scotland,4,7.4,6,Battery EV LGV,Motorway (not London),0.0,5.21319179825e-06,3.13913324135e-06
2016,Scotland,4,7.4,6,Biogas Bus,Motorway (not London),0.00069444446126,1.93561409105e-05,1.15042184916e-05
2016,Scotland,4,7.4,6,Biomethane Bus,Motorway (not London),0.00069444446126,1.93561409105e-05,1.15042184916e-05
2016,Scotland,4,7.4,6,Bus and Coach,Motorway (not London),0.00373257510364,4.71035200462e-05,3.78642289434e-05
2016,Scotland,4,7.4,6,CNG Bus,Motorway (not London),0.00069444446126,1.93561409105e-05,1.15042184916e-05
2016,Scotland,4,7.4,6,Diesel Car,Motorway (not London),0.000255899998592,1.2437805708e-05,1.03518677861e-05
2016,Scotland,4,7.4,6,E85 Bioethanol Cars,Motorway (not London),3.74520241166e-05,4.24215204475e-06,2.56599673776e-06
2016,Scotland,4,7.4,6,E85 Bioethanol LGV,Motorway (not London),3.35081276717e-05,5.3857356761e-06,3.30305010721e-06
2016,Scotland,4,7.4,6,FCEV Bus,Motorway (not London),0.0,1.79672515515e-05,1.018477451e-05
2016,Scotland,4,7.4,6,FCEV Cars,Motorway (not London),0.0,4.0696081669e-06,2.40208009927e-06
2016,Scotland,4,7.4,6,FCEV LGV,Motorway (not London),0.0,5.21319179825e-06,3.13913324135e-06
2016,Scotland,4,7.4,6,Full Hybrid Diesel Cars,Motorway (not London),0.00027608484379,1.42747267091e-05,1.20969425552e-05
2016,Scotland,4,7.4,6,Full Hybrid Petrol Cars,Motorway (not London),1.87260120583e-05,4.28528801422e-06,2.60697584054e-06
2016,Scotland,4,7.4,6,Full Hybrid Petrol LGV,Motorway (not London),1.35213149406e-05,5.42490988664e-06,3.34026572091e-06
2016,Scotland,4,7.4,6,Hybrid Bus,Motorway (not London),0.00343760405667,3.7766447349e-05,2.89940089715e-05
2016,Scotland,4,7.4,6,LGV,Motorway (not London),0.000313077587634,1.79056150955e-05,1.51969352373e-05
2016,Scotland,4,7.4,6,LPG Cars,Motorway (not London),1.13888891065e-05,4.28132671004e-06,2.60321235146e-06
2016,Scotland,4,7.4,6,LPG LGV,Motorway (not London),2.83398512693e-05,5.42490988664e-06,3.34026572091e-06
2016,Scotland,4,7.4,6,Motorcycle,Motorway (not London),2.62685152848e-05,2.54074529948e-06,1.79528831268e-06
2016,Scotland,4,7.4,6,Petrol Car,Motorway (not London),3.74520241166e-05,4.28528801422e-06,2.60697584054e-06
2016,Scotland,4,7.4,6,Plug-In Hybrid Petrol Cars,Motorway (not London),4.35792571807e-05,4.12286863138e-06,2.4526773359e-06
2016,Scotland,4,7.4,6,Plug-In Hybrid Petrol LGV,Motorway (not London),8.46194088808e-05,5.23373819306e-06,3.15865236189e-06
2016,Scotland,4,7.4,6,Rigid HGV,Motorway (not London),0.00195652595721,3.28056994476e-05,2.45668888965e-05
2016,Scotland,4,7.4,7,Artic HGV,Motorway (not London),0.0031606964767,4.77225767099e-05,3.76237767341e-05
2016,Scotland,4,7.4,7,B100 Artic HGV,Motorway (not London),0.00347676617093,4.50798288512e-05,3.51131675416e-05
2016,Scotland,4,7.4,7,B100 Bus,Motorway (not London),0.00270971097052,3.46181041095e-05,2.6003082894e-05
2016,Scotland,4,7.4,7,B100 Coach,Motorway (not London),0.0041058328934,5.18123997608e-05,4.23376659455e-05
2016,Scotland,4,7.4,7,B100 Rigid HGV,Motorway (not London),0.00215217843652,3.12089832732e-05,2.3050008167e-05
2016,Scotland,4,7.4,7,Battery EV Cars,Motorway (not London),0.0,4.0696081669e-06,2.40208009927e-06
2016,Scotland,4,7.4,7,Battery EV LGV,Motorway (not London),0.0,5.21319179825e-06,3.13913324135e-06
2016,Scotland,4,7.4,7,Biogas Bus,Motorway (not London),0.00069444446126,1.93561409105e-05,1.15042184916e-05
2016,Scotland,4,7.4,7,Biomethane Bus,Motorway (not London),0.00069444446126,1.93561409105e-05,1.15042184916e-05
2016,Scotland,4,7.4,7,Bus and Coach,Motorway (not London),0.00373257510364,4.71035200462e-05,3.78642289434e-05
2016,Scotland,4,7.4,7,CNG Bus,Motorway (not London),0.00069444446126,1.93561409105e-05,1.15042184916e-05
2016,Scotland,4,7.4,7,Diesel Car,Motorway (not London),0.000255899998592,1.2437805708e-05,1.03518677861e-05
2016,Scotland,4,7.4,7,E85 Bioethanol Cars,Motorway (not London),3.69605913875e-05,4.24215204475e-06,2.56599673776e-06
2016,Scotland,4,7.4,7,E85 Bioethanol LGV,Motorway (not London),3.34027790814e-05,5.3857356761e-06,3.30305010721e-06
2016,Scotland,4,7.4,7,FCEV Bus,Motorway (not London),0.0,1.79672515515e-05,1.018477451e-05
2016,Scotland,4,7.4,7,FCEV Cars,Motorway (not London),0.0,4.0696081669e-06,2.40208009927e-06
2016,Scotland,4,7.4,7,FCEV LGV,Motorway (not London),0.0,5.21319179825e-06,3.13913324135e-06
2016,Scotland,4,7.4,7,Full Hybrid Diesel Cars,Motorway (not London),0.00027608484379,1.42747267091e-05,1.20969425552e-05
2016,Scotland,4,7.4,7,Full Hybrid Petrol Cars,Motorway (not London),1.84802956937e-05,4.28528801422e-06,2.60697584054e-06
2016,Scotland,4,7.4,7,Full Hybrid Petrol LGV,Motorway (not London),1.34679821713e-05,5.42490988664e-06,3.34026572091e-06
2016,Scotland,4,7.4,7,Hybrid Bus,Motorway (not London),0.00304097239859,3.7766447349e-05,2.89940089715e-05
2016,Scotland,4,7.4,7,LGV,Motorway (not London),0.000313074153382,1.79056150955e-05,1.51969352373e-05
2016,Scotland,4,7.4,7,LPG Cars,Motorway (not London),1.13888891065e-05,4.28132671004e-06,2.60321235146e-06
2016,Scotland,4,7.4,7,LPG LGV,Motorway (not London),2.83398512693e-05,5.42490988664e-06,3.34026572091e-06
2016,Scotland,4,7.4,7,Motorcycle,Motorway (not London),2.62685152848e-05,2.54074529948e-06,1.79528831268e-06
2016,Scotland,4,7.4,7,Petrol Car,Motorway (not London),3.69605913875e-05,4.28528801422e-06,2.60697584054e-06
2016,Scotland,4,7.4,7,Plug-In Hybrid Petrol Cars,Motorway (not London),4.35792571807e-05,4.12286863138e-06,2.4526773359e-06
2016,Scotland,4,7.4,7,Plug-In Hybrid Petrol LGV,Motorway (not London),8.46194088808e-05,5.23303015143e-06,3.15798001793e-06
2016,Scotland,4,7.4,7,Rigid HGV,Motorway (not London),0.00195652595721,3.28056994476e-05,2.45668888965e-05
2016,Scotland,4,7.4,8,Artic HGV,Motorway (not London),0.0031606964767,4.77225767099e-05,3.76237767341e-05
2016,Scotland,4,7.4,8,B100 Artic HGV,Motorway (not London),0.00347676617093,4.50798288512e-05,3.51131675416e-05
2016,Scotland,4,7.4,8,B100 Bus,Motorway (not London),0.00270971097052,3.46181041095e-05,2.6003082894e-05
2016,Scotland,4,7.4,8,B100 Coach,Motorway (not London),0.0041058328934,5.18123997608e-05,4.23376659455e-05
2016,Scotland,4,7.4,8,B100 Rigid HGV,Motorway (not London),0.00215217843652,3.12089832732e-05,2.3050008167e-05
2016,Scotland,4,7.4,8,Battery EV Cars,Motorway (not London),0.0,4.0696081669e-06,2.40208009927e-06
2016,Scotland,4,7.4,8,Battery EV LGV,Motorway (not London),0.0,5.21319179825e-06,3.13913324135e-06
2016,Scotland,4,7.4,8,Biogas Bus,Motorway (not London),0.00069444446126,1.93561409105e-05,1.15042184916e-05
2016,Scotland,4,7.4,8,Biomethane Bus,Motorway (not London),0.00069444446126,1.93561409105e-05,1.15042184916e-05
2016,Scotland,4,7.4,8,Bus and Coach,Motorway (not London),0.00373257510364,4.71035200462e-05,3.78642289434e-05
2016,Scotland,4,7.4,8,CNG Bus,Motorway (not London),0.00069444446126,1.93561409105e-05,1.15042184916e-05
2016,Scotland,4,7.4,8,Diesel Car,Motorway (not London),0.000255899998592,1.2437805708e-05,1.03518677861e-05
2016,Scotland,4,7.4,8,E85 Bioethanol Cars,Motorway (not London),3.6473851651e-05,4.24215204475e-06,2.56599673776e-06
2016,Scotland,4,7.4,8,E85 Bioethanol LGV,Motorway (not London),3.32984382112e-05,5.3857356761e-06,3.30305010721e-06
2016,Scotland,4,7.4,8,FCEV Bus,Motorway (not London),0.0,1.79672515515e-05,1.018477451e-05
2016,Scotland,4,7.4,8,FCEV Cars,Motorway (not London),0.0,4.0696081669e-06,2.40208009927e-06
2016,Scotland,4,7.4,8,FCEV LGV,Motorway (not London),0.0,5.21319179825e-06,3.13913324135e-06
2016,Scotland,4,7.4,8,Full Hybrid Diesel Cars,Motorway (not London),0.00027608484379,1.42747267091e-05,1.20969425552e-05
2016,Scotland,4,7.4,8,Full Hybrid Petrol Cars,Motorway (not London),1.82369258255e-05,4.28528801422e-06,2.60697584054e-06
2016,Scotland,4,7.4,8,Full Hybrid Petrol LGV,Motorway (not London),1.3415158719e-05,5.42490988664e-06,3.34026572091e-06
2016,Scotland,4,7.4,8,Hybrid Bus,Motorway (not London),0.00274155149236,3.7766447349e-05,2.89940089715e-05
2016,Scotland,4,7.4,8,LGV,Motorway (not London),0.000313070748234,1.79056150955e-05,1.51969352373e-05
2016,Scotland,4,7.4,8,LPG Cars,Motorway (not London),1.13888891065e-05,4.28132671004e-06,2.60321235146e-06
2016,Scotland,4,7.4,8,LPG LGV,Motorway (not London),2.83398512693e-05,5.42490988664e-06,3.34026572091e-06
2016,Scotland,4,7.4,8,Motorcycle,Motorway (not London),2.62685152848e-05,2.54074529948e-06,1.79528831268e-06
2016,Scotland,4,7.4,8,Petrol Car,Motorway (not London),3.6473851651e-05,4.28528801422e-06,2.60697584054e-06
2016,Scotland,4,7.4,8,Plug-In Hybrid Petrol Cars,Motorway (not London),4.35792571807e-05,4.12286863138e-06,2.4526773359e-06
2016,Scotland,4,7.4,8,Plug-In Hybrid Petrol LGV,Motorway (not London),8.46194088808e-05,5.23238622918e-06,3.15736838274e-06
2016,Scotland,4,7.4,8,Rigid HGV,Motorway (not London),0.00195652595721,3.28056994476e-05,2.45668888965e-05
2016,Scotland,4,7.4,9,Artic HGV,Motorway (not London),0.0031606964767,4.77225767099e-05,3.76237767341e-05
2016,Scotland,4,7.4,9,B100 Artic HGV,Motorway (not London),0.00347676617093,4.50798288512e-05,3.51131675416e-05
2016,Scotland,4,7.4,9,B100 Bus,Motorway (not London),0.00270971097052,3.46181041095e-05,2.6003082894e-05
2016,Scotland,4,7.4,9,B100 Coach,Motorway (not London),0.0041058328934,5.18123997608e-05,4.23376659455e-05
2016,Scotland,4,7.4,9,B100 Rigid HGV,Motorway (not London),0.00215217843652,3.12089832732e-05,2.3050008167e-05
2016,Scotland,4,7.4,9,Battery EV Cars,Motorway (not London),0.0,4.0696081669e-06,2.40208009927e-06
2016,Scotland,4,7.4,9,Battery EV LGV,Motorway (not London),0.0,5.21319179825e-06,3.13913324135e-06
2016,Scotland,4,7.4,9,Biogas Bus,Motorway (not London),0.00069444446126,1.93561409105e-05,1.15042184916e-05
2016,Scotland,4,7.4,9,Biomethane Bus,Motorway (not London),0.00069444446126,1.93561409105e-05,1.15042184916e-05
2016,Scotland,4,7.4,9,Bus and Coach,Motorway (not London),0.00373257510364,4.71035200462e-05,3.78642289434e-05
2016,Scotland,4,7.4,9,CNG Bus,Motorway (not London),0.00069444446126,1.93561409105e-05,1.15042184916e-05
2016,Scotland,4,7.4,9,Diesel Car,Motorway (not London),0.000255899998592,1.2437805708e-05,1.03518677861e-05
2016,Scotland,4,7.4,9,E85 Bioethanol Cars,Motorway (not London),3.59918049071e-05,4.24215204475e-06,2.56599673776e-06
2016,Scotland,4,7.4,9,E85 Bioethanol LGV,Motorway (not London),3.31951014232e-05,5.3857356761e-06,3.30305010721e-06
2016,Scotland,4,7.4,9,FCEV Bus,Motorway (not London),0.0,1.79672515515e-05,1.018477451e-05
2016,Scotland,4,7.4,9,FCEV Cars,Motorway (not London),0.0,4.0696081669e-06,2.40208009927e-06
2016,Scotland,4,7.4,9,FCEV LGV,Motorway (not London),0.0,5.21319179825e-06,3.13913324135e-06
2016,Scotland,4,7.4,9,Full Hybrid Diesel Cars,Motorway (not London),0.00027608484379,1.42747267091e-05,1.20969425552e-05
2016,Scotland,4,7.4,9,Full Hybrid Petrol Cars,Motorway (not London),1.79959024535e-05,4.28528801422e-06,2.60697584054e-06
2016,Scotland,4,7.4,9,Full Hybrid Petrol LGV,Motorway (not London),1.33628445838e-05,5.42490988664e-06,3.34026572091e-06
2016,Scotland,4,7.4,9,Hybrid Bus,Motorway (not London),0.00250743003562,3.7766447349e-05,2.89940089715e-05
2016,Scotland,4,7.4,9,LGV,Motorway (not London),0.00031306737219,1.79056150955e-05,1.51969352373e-05
2016,Scotland,4,7.4,9,LPG Cars,Motorway (not London),1.13888891065e-05,4.28132671004e-06,2.60321235146e-06
2016,Scotland,4,7.4,9,LPG LGV,Motorway (not London),2.83398512693e-05,5.42490988664e-06,3.34026572091e-06
2016,Scotland,4,7.4,9,Motorcycle,Motorway (not London),2.62685152848e-05,2.54074529948e-06,1.79528831268e-06
2016,Scotland,4,7.4,9,Petrol Car,Motorway (not London),3.59918049071e-05,4.28528801422e-06,2.60697584054e-06
2016,Scotland,4,7.4,9,Plug-In Hybrid Petrol Cars,Motorway (not London),4.35792571807e-05,4.12286863138e-06,2.4526773359e-06
2016,Scotland,4,7.4,9,Plug-In Hybrid Petrol LGV,Motorway (not London),8.46194088808e-05,5.23184007761e-06,3.15684928864e-06
2016,Scotland,4,7.4,9,Rigid HGV,Motorway (not London),0.00195652595721,3.28056994476e-05,2.45668888965e-05
2016,Scotland,4,7.4,10,Artic HGV,Motorway (not London),0.0031606964767,4.77225767099e-05,3.76237767341e-05
2016,Scotland,4,7.4,10,B100 Artic HGV,Motorway (not London),0.00347676617093,4.50798288512e-05,3.51131675416e-05
2016,Scotland,4,7.4,10,B100 Bus,Motorway (not London),0.00270971097052,3.46181041095e-05,2.6003082894e-05
2016,Scotland,4,7.4,10,B100 Coach,Motorway (not London),0.0041058328934,5.18123997608e-05,4.23376659455e-05
2016,Scotland,4,7.4,10,B100 Rigid HGV,Motorway (not London),0.00215217843652,3.12089832732e-05,2.3050008167e-05
2016,Scotland,4,7.4,10,Battery EV Cars,Motorway (not London),0.0,4.0696081669e-06,2.40208009927e-06
2016,Scotland,4,7.4,10,Battery EV LGV,Motorway (not London),0.0,5.21319179825e-06,3.13913324135e-06
2016,Scotland,4,7.4,10,Biogas Bus,Motorway (not London),0.00069444446126,1.93561409105e-05,1.15042184916e-05
2016,Scotland,4,7.4,10,Biomethane Bus,Motorway (not London),0.00069444446126,1.93561409105e-05,1.15042184916e-05
2016,Scotland,4,7.4,10,Bus and Coach,Motorway (not London),0.00373257510364,4.71035200462e-05,3.78642289434e-05
2016,Scotland,4,7.4,10,CNG Bus,Motorway (not London),0.00069444446126,1.93561409105e-05,1.15042184916e-05
2016,Scotland,4,7.4,10,Diesel Car,Motorway (not London),0.000255899998592,1.2437805708e-05,1.03518677861e-05
2016,Scotland,4,7.4,10,E85 Bioethanol Cars,Motorway (not London),3.55144475179e-05,4.24215204475e-06,2.56599673776e-06
2016,Scotland,4,7.4,10,E85 Bioethanol LGV,Motorway (not London),3.30927687173e-05,5.3857356761e-06,3.30305010721e-06
2016,Scotland,4,7.4,10,FCEV Bus,Motorway (not London),0.0,1.79672515515e-05,1.018477451e-05
2016,Scotland,4,7.4,10,FCEV Cars,Motorway (not London),0.0,4.0696081669e-06,2.40208009927e-06
2016,Scotland,4,7.4,10,FCEV LGV,Motorway (not London),0.0,5.21319179825e-06,3.13913324135e-06
2016,Scotland,4,7.4,10,Full Hybrid Diesel Cars,Motorway (not London),0.00027608484379,1.42747267091e-05,1.20969425552e-05
2016,Scotland,4,7.4,10,Full Hybrid Petrol Cars,Motorway (not London),1.7757223759e-05,4.28528801422e-06,2.60697584054e-06
2016,Scotland,4,7.4,10,Full Hybrid Petrol LGV,Motorway (not London),1.3311038856e-05,5.42490988664e-06,3.34026572091e-06
2016,Scotland,4,7.4,10,Hybrid Bus,Motorway (not London),0.00231695338152,3.7766447349e-05,2.89940089715e-05
2016,Scotland,4,7.4,10,LGV,Motorway (not London),0.000313064025249,1.79056150955e-05,1.51969352373e-05
2016,Scotland,4,7.4,10,LPG Cars,Motorway (not London),1.13888891065e-05,4.28132671004e-06,2.60321235146e-06
2016,Scotland,4,7.4,10,LPG LGV,Motorway (not London),2.83398512693e-05,5.42490988664e-06,3.34026572091e-06
2016,Scotland,4,7.4,10,Motorcycle,Motorway (not London),2.62685152848e-05,2.54074529948e-06,1.79528831268e-06
2016,Scotland,4,7.4,10,Petrol Car,Motorway (not London),3.55144475179e-05,4.28528801422e-06,2.60697584054e-06
2016,Scotland,4,7.4,10,Plug-In Hybrid Petrol Cars,Motorway (not London),4.35792571807e-05,4.12286863138e-06,2.4526773359e-06
2016,Scotland,4,7.4,10,Plug-In Hybrid Petrol LGV,Motorway (not London),8.46194088808e-05,5.23139169673e-06,3.15642341775e-06
2016,Scotland,4,7.4,10,Rigid HGV,Motorway (not London),0.00195652595721,3.28056994476e-05,2.45668888965e-05
2016,Scotland,4,7.4,12,Artic HGV,Motorway (not London),0.0031606964767,4.77225767099e-05,3.76237767341e-05
2016,Scotland,4,7.4,12,B100 Artic HGV,Motorway (not London),0.00347676617093,4.50798288512e-05,3.51131675416e-05
2016,Scotland,4,7.4,12,B100 Bus,Motorway (not London),0.00256929779425,3.3897231333e-05,2.53182552115e-05
2016,Scotland,4,7.4,12,B100 Coach,Motorway (not London),0.0041058328934,4.98055705975e-05,4.04311795137e-05
2016,Scotland,4,7.4,12,B100 Rigid HGV,Motorway (not London),0.00215217843652,3.12089832732e-05,2.3050008167e-05
2016,Scotland,4,7.4,12,Battery EV Cars,Motorway (not London),0.0,4.0696081669e-06,2.40208009927e-06
2016,Scotland,4,7.4,12,Battery EV LGV,Motorway (not London),0.0,5.21319179825e-06,3.13913324135e-06
2016,Scotland,4,7.4,12,Biogas Bus,Motorway (not London),0.00069444446126,1.93561409105e-05,1.15042184916e-05
2016,Scotland,4,7.4,12,Biomethane Bus,Motorway (not London),0.00069444446126,1.93561409105e-05,1.15042184916e-05
2016,Scotland,4,7.4,12,Bus and Coach,Motorway (not London),0.00373257510364,4.71035200462e-05,3.78642289434e-05
2016,Scotland,4,7.4,12,CNG Bus,Motorway (not London),0.00069444446126,1.93561409105e-05,1.15042184916e-05
2016,Scotland,4,7.4,12,Diesel Car,Motorway (not London),0.000246513780439,1.22441124404e-05,1.0167858818e-05
2016,Scotland,4,7.4,12,E85 Bioethanol Cars,Motorway (not London),3.46225278918e-05,4.24215204475e-06,2.56599673776e-06
2016,Scotland,4,7.4,12,E85 Bioethanol LGV,Motorway (not London),3.25074870489e-05,5.3857356761e-06,3.30305010721e-06
2016,Scotland,4,7.4,12,FCEV Bus,Motorway (not London),0.0,1.79672515515e-05,1.018477451e-05
2016,Scotland,4,7.4,12,FCEV Cars,Motorway (not London),0.0,4.0696081669e-06,2.40208009927e-06
2016,Scotland,4,7.4,12,FCEV LGV,Motorway (not London),0.0,5.21319179825e-06,3.13913324135e-06
2016,Scotland,4,7.4,12,Full Hybrid Diesel Cars,Motorway (not London),0.000260619359324,1.40385163832e-05,1.1872542018e-05
2016,Scotland,4,7.4,12,Full Hybrid Petrol Cars,Motorway (not London),1.73112639459e-05,4.28528801422e-06,2.60697584054e-06
2016,Scotland,4,7.4,12,Full Hybrid Petrol LGV,Motorway (not London),1.29564023155e-05,5.42490988664e-06,3.34026572091e-06
2016,Scotland,4,7.4,12,Hybrid Bus,Motorway (not London),0.00201882841066,3.57366188837e-05,2.70656746579e-05
2016,Scotland,4,7.4,12,LGV,Motorway (not London),0.000303395587252,1.72595246113e-05,1.45831490954e-05
2016,Scotland,4,7.4,12,LPG Cars,Motorway (not London),1.13888891065e-05,4.28132671004e-06,2.60321235146e-06
2016,Scotland,4,7.4,12,LPG LGV,Motorway (not London),2.74481481028e-05,5.42490988664e-06,3.34026572091e-06
2016,Scotland,4,7.4,12,Motorcycle,Motorway (not London),2.44874627242e-05,2.54074529948e-06,1.79528831268e-06
2016,Scotland,4,7.4,12,Petrol Car,Motorway (not London),3.46225278918e-05,4.28528801422e-06,2.60697584054e-06
2016,Scotland,4,7.4,12,Plug-In Hybrid Petrol Cars,Motorway (not London),4.39739524154e-05,4.12286863138e-06,2.4526773359e-06
2016,Scotland,4,7.4,12,Plug-In Hybrid Petrol LGV,Motorway (not London),8.60859145178e-05,5.23036760569e-06,3.15545048579e-06
2016,Scotland,4,7.4,12,Rigid HGV,Motorway (not London),0.00195652595721,3.28056994476e-05,2.45668888965e-05
2016,Scotland,4,7.4,14,Artic HGV,Motorway (not London),0.00298568839207,4.56341658719e-05,3.56397868018e-05
2016,Scotland,4,7.4,14,B100 Artic HGV,Motorway (not London),0.00328425713815,4.32002598245e-05,3.33275784214e-05
2016,Scotland,4,7.4,14,B100 Bus,Motorway (not London),0.00234537944198,3.26617446262e-05,2.41445413849e-05
2016,Scotland,4,7.4,14,B100 Coach,Motorway (not London),0.00364892464131,4.62252646685e-05,3.70298876078e-05
2016,Scotland,4,7.4,14,B100 Rigid HGV,Motorway (not London),0.0019918307662,3.00895808323e-05,2.198657603e-05
2016,Scotland,4,7.4,14,Battery EV Cars,Motorway (not London),0.0,4.0696081669e-06,2.40208009927e-06
2016,Scotland,4,7.4,14,Battery EV LGV,Motorway (not London),0.0,5.21319179825e-06,3.13913324135e-06
2016,Scotland,4,7.4,14,Biogas Bus,Motorway (not London),0.00069444446126,1.93561409105e-05,1.15042184916e-05
2016,Scotland,4,7.4,14,Biomethane Bus,Motorway (not London),0.00069444446126,1.93561409105e-05,1.15042184916e-05
2016,Scotland,4,7.4,14,Bus and Coach,Motorway (not London),0.00331720407121,4.40664407506e-05,3.49790061591e-05
2016,Scotland,4,7.4,14,CNG Bus,Motorway (not London),0.00069444446126,1.93561409105e-05,1.15042184916e-05
2016,Scotland,4,7.4,14,Diesel Car,Motorway (not London),0.000237457337789,1.20562499433e-05,9.98938958219e-06
2016,Scotland,4,7.4,14,E85 Bioethanol Cars,Motorway (not London),3.37521851179e-05,4.24215204475e-06,2.56599673776e-06
2016,Scotland,4,7.4,14,E85 Bioethanol LGV,Motorway (not London),3.19470891554e-05,5.3857356761e-06,3.30305010721e-06
2016,Scotland,4,7.4,14,FCEV Bus,Motorway (not London),0.0,1.79672515515e-05,1.018477451e-05
2016,Scotland,4,7.4,14,FCEV Cars,Motorway (not London),0.0,4.0696081669e-06,2.40208009927e-06
2016,Scotland,4,7.4,14,FCEV LGV,Motorway (not London),0.0,5.21319179825e-06,3.13913324135e-06
2016,Scotland,4,7.4,14,Full Hybrid Diesel Cars,Motorway (not London),0.000248000113061,1.38094155773e-05,1.16548972073e-05
2016,Scotland,4,7.4,14,Full Hybrid Petrol Cars,Motorway (not London),1.6876092559e-05,4.28528801422e-06,2.60697584054e-06
2016,Scotland,4,7.4,14,Full Hybrid Petrol LGV,Motorway (not London),1.261419402e-05,5.42490988664e-06,3.34026572091e-06
2016,Scotland,4,7.4,14,Hybrid Bus,Motorway (not London),0.00179031398147,3.41638224199e-05,2.55715149251e-05
2016,Scotland,4,7.4,14,LGV,Motorway (not London),0.000294078199659,1.66430654645e-05,1.3997512724e-05
2016,Scotland,4,7.4,14,LPG Cars,Motorway (not London),1.13888891065e-05,4.28132671004e-06,2.60321235146e-06
2016,Scotland,4,7.4,14,LPG LGV,Motorway (not London),2.65886956186e-05,5.42490988664e-06,3.34026572091e-06
2016,Scotland,4,7.4,14,Motorcycle,Motorway (not London),2.28438657359e-05,2.54074529948e-06,1.79528831268e-06
2016,Scotland,4,7.4,14,Petrol Car,Motorway (not London),3.37521851179e-05,4.28528801422e-06,2.60697584054e-06
2016,Scotland,4,7.4,14,Plug-In Hybrid Petrol Cars,Motorway (not London),4.43914141215e-05,4.12286863138e-06,2.4526773359e-06
2016,Scotland,4,7.4,14,Plug-In Hybrid Petrol LGV,Motorway (not London),8.75659025041e-05,5.22965819982e-06,3.15477655022e-06
2016,Scotland,4,7.4,14,Rigid HGV,Motorway (not London),0.00181075523142,3.15619181492e-05,2.33852952078e-05
2016,Scotland,4,7.4,16,Artic HGV,Motorway (not London),0.00282838009298,4.38863753516e-05,3.39793878084e-05
2016,Scotland,4,7.4,16,B100 Artic HGV,Motorway (not London),0.00311121810228,4.162724872e-05,3.18332167808e-05
2016,Scotland,4,7.4,16,B100 Bus,Motorway (not London),0.002172566019,3.16394653055e-05,2.31733774854e-05
2016,Scotland,4,7.4,16,B100 Coach,Motorway (not London),0.00329387164675,4.34524445154e-05,3.43957071891e-05
2016,Scotland,4,7.4,16,B100 Rigid HGV,Motorway (not London),0.00186038098764,2.91644901154e-05,2.11077385757e-05
2016,Scotland,4,7.4,16,Battery EV Cars,Motorway (not London),0.0,4.0696081669e-06,2.40208009927e-06
2016,Scotland,4,7.4,16,Battery EV LGV,Motorway (not London),0.0,5.21319179825e-06,3.13913324135e-06
2016,Scotland,4,7.4,16,Biogas Bus,Motorway (not London),0.00069444446126,1.93561409105e-05,1.15042184916e-05
2016,Scotland,4,7.4,16,Biomethane Bus,Motorway (not London),0.00069444446126,1.93561409105e-05,1.15042184916e-05
2016,Scotland,4,7.4,16,Bus and Coach,Motorway (not London),0.00299442885444,4.16513721575e-05,3.26846857206e-05
2016,Scotland,4,7.4,16,CNG Bus,Motorway (not London),0.00069444446126,1.93561409105e-05,1.15042184916e-05
2016,Scotland,4,7.4,16,Diesel Car,Motorway (not London),0.000228730670642,1.18742182167e-05,9.81645916909e-06
2016,Scotland,4,7.4,16,E85 Bioethanol Cars,Motorway (not London),3.29034155584e-05,4.24215204475e-06,2.56599673776e-06
2016,Scotland,4,7.4,16,E85 Bioethanol LGV,Motorway (not London),3.14115750371e-05,5.3857356761e-06,3.30305010721e-06
2016,Scotland,4,7.4,16,FCEV Bus,Motorway (not London),0.0,1.79672515515e-05,1.018477451e-05
2016,Scotland,4,7.4,16,FCEV Cars,Motorway (not London),0.0,4.0696081669e-06,2.40208009927e-06
2016,Scotland,4,7.4,16,FCEV LGV,Motorway (not London),0.0,5.21319179825e-06,3.13913324135e-06
2016,Scotland,4,7.4,16,Full Hybrid Diesel Cars,Motorway (not London),0.00023726055224,1.3587425201e-05,1.14440063044e-05
2016,Scotland,4,7.4,16,Full Hybrid Petrol Cars,Motorway (not London),1.64517077792e-05,4.28528801422e-06,2.60697584054e-06
2016,Scotland,4,7.4,16,Full Hybrid Petrol LGV,Motorway (not London),1.22844139696e-05,5.42490988664e-06,3.34026572091e-06
2016,Scotland,4,7.4,16,Hybrid Bus,Motorway (not London),0.00160647102166,3.29077229253e-05,2.43782196776e-05
2016,Scotland,4,7.4,16,LGV,Motorway (not London),0.000285111862468,1.6056235836e-05,1.34400252136e-05
2016,Scotland,4,7.4,16,LPG Cars,Motorway (not London),1.13888891065e-05,4.28132671004e-06,2.60321235146e-06
2016,Scotland,4,7.4,16,LPG LGV,Motorway (not London),2.57614956354e-05,5.42490988664e-06,3.34026572091e-06
2016,Scotland,4,7.4,16,Motorcycle,Motorway (not London),2.13354924199e-05,2.54074529948e-06,1.79528831268e-06
2016,Scotland,4,7.4,16,Petrol Car,Motorway (not London),3.29034155584e-05,4.28528801422e-06,2.60697584054e-06
2016,Scotland,4,7.4,16,Plug-In Hybrid Petrol Cars,Motorway (not London),4.48316495749e-05,4.12286863138e-06,2.4526773359e-06
2016,Scotland,4,7.4,16,Plug-In Hybrid Petrol LGV,Motorway (not London),8.905937284e-05,5.2291902648e-06,3.15433203468e-06
2016,Scotland,4,7.4,16,Rigid HGV,Motorway (not London),0.00169125548564,3.05340399791e-05,2.24088107643e-05
2016,Scotland,4,7.4,18,Artic HGV,Motorway (not London),0.00268613407388,4.24030986323e-05,3.25702712871e-05
2016,Scotland,4,7.4,18,B100 Artic HGV,Motorway (not London),0.00295474752784,4.02922996727e-05,3.05650137307e-05
2016,Scotland,4,7.4,18,B100 Bus,Motorway (not London),0.00203364691697,3.07785812765e-05,2.23555362027e-05
2016,Scotland,4,7.4,18,B100 Coach,Motorway (not London),0.00301014259458,4.12375702581e-05,3.22915766446e-05
2016,Scotland,4,7.4,18,B100 Rigid HGV,Motorway (not London),0.00175040843897,2.83869067061e-05,2.03690360649e-05
2016,Scotland,4,7.4,18,Battery EV Cars,Motorway (not London),0.0,4.0696081669e-06,2.40208009927e-06
2016,Scotland,4,7.4,18,Battery EV LGV,Motorway (not London),0.0,5.21319179825e-06,3.13913324135e-06
2016,Scotland,4,7.4,18,Biogas Bus,Motorway (not London),0.00069444446126,1.93561409105e-05,1.15042184916e-05
2016,Scotland,4,7.4,18,Biomethane Bus,Motorway (not London),0.00069444446126,1.93561409105e-05,1.15042184916e-05
2016,Scotland,4,7.4,18,Bus and Coach,Motorway (not London),0.00273649324663,3.96859795728e-05,3.08175658574e-05
2016,Scotland,4,7.4,18,CNG Bus,Motorway (not London),0.00069444446126,1.93561409105e-05,1.15042184916e-05
2016,Scotland,4,7.4,18,Diesel Car,Motorway (not London),0.000220333778998,1.16980163511e-05,9.64906757872e-06
2016,Scotland,4,7.4,18,E85 Bioethanol Cars,Motorway (not London),3.20762192132e-05,4.24215204475e-06,2.56599673776e-06
2016,Scotland,4,7.4,18,E85 Bioethanol LGV,Motorway (not London),3.09009446937e-05,5.3857356761e-06,3.30305010721e-06
2016,Scotland,4,7.4,18,FCEV Bus,Motorway (not London),0.0,1.79672515515e-05,1.018477451e-05
2016,Scotland,4,7.4,18,FCEV Cars,Motorway (not London),0.0,4.0696081669e-06,2.40208009927e-06
2016,Scotland,4,7.4,18,FCEV LGV,Motorway (not London),0.0,5.21319179825e-06,3.13913324135e-06
2016,Scotland,4,7.4,18,Full Hybrid Diesel Cars,Motorway (not London),0.000227859200095,1.33725452542e-05,1.12398702186e-05
2016,Scotland,4,7.4,18,Full Hybrid Petrol Cars,Motorway (not London),1.60381096066e-05,4.28528801422e-06,2.60697584054e-06
2016,Scotland,4,7.4,18,Full Hybrid Petrol LGV,Motorway (not London),1.19670639833e-05,5.42490988664e-06,3.34026572091e-06
2016,Scotland,4,7.4,18,Hybrid Bus,Motorway (not London),0.00145406892989,3.18783095281e-05,2.34002800426e-05
2016,Scotland,4,7.4,18,LGV,Motorway (not London),0.000276496546576,1.54990375449e-05,1.29106856548e-05
2016,Scotland,4,7.4,18,LPG Cars,Motorway (not London),1.13888891065e-05,4.28132671004e-06,2.60321235146e-06
2016,Scotland,4,7.4,18,LPG LGV,Motorway (not London),2.49665463343e-05,5.42490988664e-06,3.34026572091e-06
2016,Scotland,4,7.4,18,Motorcycle,Motorway (not London),1.99601508939e-05,2.54074529948e-06,1.79528831268e-06
2016,Scotland,4,7.4,18,Petrol Car,Motorway (not London),3.20762192132e-05,4.28528801422e-06,2.60697584054e-06
2016,Scotland,4,7.4,18,Plug-In Hybrid Petrol Cars,Motorway (not London),4.52946551377e-05,4.12286863138e-06,2.4526773359e-06
2016,Scotland,4,7.4,18,Plug-In Hybrid Petrol LGV,Motorway (not London),9.05663255253e-05,5.22891195942e-06,3.1540675991e-06
2016,Scotland,4,7.4,18,Rigid HGV,Motorway (not London),0.00159128033556,2.96700582112e-05,2.15880281758e-05
2016,Scotland,4,7.4,20,Artic HGV,Motorway (not London),0.00255711190403,4.11293585785e-05,3.13602213282e-05
2016,Scotland,4,7.4,20,B100 Artic HGV,Motorway (not London),0.00281282304786,3.91459325328e-05,2.94759665849e-05
2016,Scotland,4,7.4,20,B100 Bus,Motorway (not London),0.0019186596619,3.00433712255e-05,2.16570861085e-05
2016,Scotland,4,7.4,20,B100 Coach,Motorway (not London),0.00277844956145,3.94252201659e-05,3.05698449665e-05
2016,Scotland,4,7.4,20,B100 Rigid HGV,Motorway (not London),0.00165705161635,2.77242997981e-05,1.97395584109e-05
2016,Scotland,4,7.4,20,Battery EV Cars,Motorway (not London),0.0,4.0696081669e-06,2.40208009927e-06
2016,Scotland,4,7.4,20,Battery EV LGV,Motorway (not London),0.0,5.21319179825e-06,3.13913324135e-06
2016,Scotland,4,7.4,20,Biogas Bus,Motorway (not London),0.00069444446126,1.93561409105e-05,1.15042184916e-05
2016,Scotland,4,7.4,20,Biomethane Bus,Motorway (not London),0.00069444446126,1.93561409105e-05,1.15042184916e-05
2016,Scotland,4,7.4,20,Bus and Coach,Motorway (not London),0.00252586323768,3.80563287763e-05,2.92693985102e-05
2016,Scotland,4,7.4,20,CNG Bus,Motorway (not London),0.00069444446126,1.93561409105e-05,1.15042184916e-05
2016,Scotland,4,7.4,20,Diesel Car,Motorway (not London),0.000212266662857,1.15276452561e-05,9.48721481109e-06
2016,Scotland,4,7.4,20,E85 Bioethanol Cars,Motorway (not London),3.11674411932e-05,4.24215204475e-06,2.56599673776e-06
2016,Scotland,4,7.4,20,E85 Bioethanol LGV,Motorway (not London),3.02376465697e-05,5.3857356761e-06,3.30305010721e-06
2016,Scotland,4,7.4,20,FCEV Bus,Motorway (not London),0.0,1.79672515515e-05,1.018477451e-05
2016,Scotland,4,7.4,20,FCEV Cars,Motorway (not London),0.0,4.0696081669e-06,2.40208009927e-06
2016,Scotland,4,7.4,20,FCEV LGV,Motorway (not London),0.0,5.21319179825e-06,3.13913324135e-06
2016,Scotland,4,7.4,20,Full Hybrid Diesel Cars,Motorway (not London),0.000219467459829,1.31647757371e-05,1.10424889499e-05
2016,Scotland,4,7.4,20,Full Hybrid Petrol Cars,Motorway (not London),1.55837205966e-05,4.28528801422e-06,2.60697584054e-06
2016,Scotland,4,7.4,20,Full Hybrid Petrol LGV,Motorway (not London),1.15722568808e-05,5.42490988664e-06,3.34026572091e-06
2016,Scotland,4,7.4,20,Hybrid Bus,Motorway (not London),0.00132508785464,3.10162322421e-05,2.25813037105e-05
2016,Scotland,4,7.4,20,LGV,Motorway (not London),0.000268226431217,1.49714687723e-05,1.24094958665e-05
2016,Scotland,4,7.4,20,LPG Cars,Motorway (not London),1.13888891065e-05,4.28132671004e-06,2.60321235146e-06
2016,Scotland,4,7.4,20,LPG LGV,Motorway (not London),2.42038495344e-05,5.42490988664e-06,3.34026572091e-06
2016,Scotland,4,7.4,20,Motorcycle,Motorway (not London),1.87156911124e-05,2.54074529948e-06,1.79528831268e-06
2016,Scotland,4,7.4,20,Petrol Car,Motorway (not London),3.11674411932e-05,4.28528801422e-06,2.60697584054e-06
2016,Scotland,4,7.4,20,Plug-In Hybrid Petrol Cars,Motorway (not London),4.57804308098e-05,4.12286863138e-06,2.4526773359e-06
2016,Scotland,4,7.4,20,Plug-In Hybrid Petrol LGV,Motorway (not London),9.2086767836e-05,5.22878553966e-06,3.1539475458e-06
2016,Scotland,4,7.4,20,Rigid HGV,Motorway (not London),0.00150641053915,2.89338277071e-05,2.08886103792e-05
2016,Scotland,4,7.4,25,Artic HGV,Motorway (not London),0.00228407303803,3.86183710361e-05,2.89747822535e-05
2016,Scotland,4,7.4,25,B100 Artic HGV,Motorway (not London),0.00251248036511,3.68860455637e-05,2.73290734185e-05
2016,Scotland,4,7.4,25,B100 Bus,Motorway (not London),0.00169982505031,2.860323184e-05,2.02889550565e-05
2016,Scotland,4,7.4,25,B100 Coach,Motorway (not London),0.00235202442855,3.60617050319e-05,2.73745026789e-05
2016,Scotland,4,7.4,25,B100 Rigid HGV,Motorway (not London),0.00147653522436,2.64316640823e-05,1.85115532076e-05
2016,Scotland,4,7.4,25,Battery EV Cars,Motorway (not London),0.0,4.0696081669e-06,2.40208009927e-06
2016,Scotland,4,7.4,25,Battery EV LGV,Motorway (not London),0.0,5.21319179825e-06,3.13913324135e-06
2016,Scotland,4,7.4,25,Biogas Bus,Motorway (not London),0.00069444446126,1.93561409105e-05,1.15042184916e-05
2016,Scotland,4,7.4,25,Biomethane Bus,Motorway (not London),0.00069444446126,1.93561409105e-05,1.15042184916e-05
2016,Scotland,4,7.4,25,Bus and Coach,Motorway (not London),0.00213820394129,3.49906622432e-05,2.63570145762e-05
2016,Scotland,4,7.4,25,CNG Bus,Motorway (not London),0.00069444446126,1.93561409105e-05,1.15042184916e-05
2016,Scotland,4,7.4,25,Diesel Car,Motorway (not London),0.000193541665794,1.11272247523e-05,9.10681592359e-06
2016,Scotland,4,7.4,25,E85 Bioethanol Cars,Motorway (not London),2.87822913378e-05,4.24215204475e-06,2.56599673776e-06
2016,Scotland,4,7.4,25,E85 Bioethanol LGV,Motorway (not London),2.83092776954e-05,5.3857356761e-06,3.30305010721e-06
2016,Scotland,4,7.4,25,FCEV Bus,Motorway (not London),0.0,1.79672515515e-05,1.018477451e-05
2016,Scotland,4,7.4,25,FCEV Cars,Motorway (not London),0.0,4.0696081669e-06,2.40208009927e-06
2016,Scotland,4,7.4,25,FCEV LGV,Motorway (not London),0.0,5.21319179825e-06,3.13913324135e-06
2016,Scotland,4,7.4,25,Full Hybrid Diesel Cars,Motorway (not London),0.000201674178243,1.26764580273e-05,1.05785875348e-05
2016,Scotland,4,7.4,25,Full Hybrid Petrol Cars,Motorway (not London),1.43911456689e-05,4.28528801422e-06,2.60697584054e-06
2016,Scotland,4,7.4,25,Full Hybrid Petrol LGV,Motorway (not London),1.0447751265e-05,5.42490988664e-06,3.34026572091e-06
2016,Scotland,4,7.4,25,Hybrid Bus,Motorway (not London),0.00107416033279,2.93569355563e-05,2.10049729503e-05
2016,Scotland,4,7.4,25,LGV,Motorway (not London),0.000249074597377,1.37821816679e-05,1.12796733447e-05
2016,Scotland,4,7.4,25,LPG Cars,Motorway (not London),1.13888891065e-05,4.28132671004e-06,2.60321235146e-06
2016,Scotland,4,7.4,25,LPG LGV,Motorway (not London),2.24382092711e-05,5.42490988664e-06,3.34026572091e-06
2016,Scotland,4,7.4,25,Motorcycle,Motorway (not London),1.6163518012e-05,2.54074529948e-06,1.79528831268e-06
2016,Scotland,4,7.4,25,Petrol Car,Motorway (not London),2.87822913378e-05,4.28528801422e-06,2.60697584054e-06
2016,Scotland,4,7.4,25,Plug-In Hybrid Petrol Cars,Motorway (not London),4.70944942208e-05,4.12286863138e-06,2.4526773359e-06
2016,Scotland,4,7.4,25,Plug-In Hybrid Petrol LGV,Motorway (not London),9.59468598012e-05,5.22897289557e-06,3.15412557939e-06
2016,Scotland,4,7.4,25,Rigid HGV,Motorway (not London),0.00134230474941,2.7497564588e-05,1.95241609617e-05
2016,Scotland,4,7.4,30,Artic HGV,Motorway (not London),0.00207044766285,3.6773039028e-05,2.72217166639e-05
2016,Scotland,4,7.4,30,B100 Artic HGV,Motorway (not London),0.00227749231271,3.52252463927e-05,2.57513147517e-05
2016,Scotland,4,7.4,30,B100 Bus,Motorway (not London),0.00154223141726,2.75522434094e-05,1.92905154108e-05
2016,Scotland,4,7.4,30,B100 Coach,Motorway (not London),0.00206341198646,3.37382152793e-05,2.51671899605e-05
2016,Scotland,4,7.4,30,B100 Rigid HGV,Motorway (not London),0.00134882063139,2.54944170592e-05,1.76211706275e-05
2016,Scotland,4,7.4,30,Battery EV Cars,Motorway (not London),0.0,4.0696081669e-06,2.40208009927e-06
2016,Scotland,4,7.4,30,Battery EV LGV,Motorway (not London),0.0,5.21319179825e-06,3.13913324135e-06
2016,Scotland,4,7.4,30,Biogas Bus,Motorway (not London),0.00069444446126,1.93561409105e-05,1.15042184916e-05
2016,Scotland,4,7.4,30,Biomethane Bus,Motorway (not London),0.00069444446126,1.93561409105e-05,1.15042184916e-05
2016,Scotland,4,7.4,30,Bus and Coach,Motorway (not London),0.00187582906801,3.28536043526e-05,2.43268077611e-05
2016,Scotland,4,7.4,30,CNG Bus,Motorway (not London),0.00069444446126,1.93561409105e-05,1.15042184916e-05
2016,Scotland,4,7.4,30,Diesel Car,Motorway (not London),0.000176877772901,1.07632449726e-05,8.76103422343e-06
2016,Scotland,4,7.4,30,E85 Bioethanol Cars,Motorway (not London),2.66106126219e-05,4.24215204475e-06,2.56599673776e-06
2016,Scotland,4,7.4,30,E85 Bioethanol LGV,Motorway (not London),2.66316146735e-05,5.3857356761e-06,3.30305010721e-06
2016,Scotland,4,7.4,30,FCEV Bus,Motorway (not London),0.0,1.79672515515e-05,1.018477451e-05
2016,Scotland,4,7.4,30,FCEV Cars,Motorway (not London),0.0,4.0696081669e-06,2.40208009927e-06
2016,Scotland,4,7.4,30,FCEV LGV,Motorway (not London),0.0,5.21319179825e-06,3.13913324135e-06
2016,Scotland,4,7.4,30,Full Hybrid Diesel Cars,Motorway (not London),0.000187142431969,1.22325791381e-05,1.01569021353e-05
2016,Scotland,4,7.4,30,Full Hybrid Petrol Cars,Motorway (not London),1.33053063109e-05,4.28528801422e-06,2.60697584054e-06
2016,Scotland,4,7.4,30,Full Hybrid Petrol LGV,Motorway (not London),9.44911244005e-06,5.42490988664e-06,3.34026572091e-06
2016,Scotland,4,7.4,30,Hybrid Bus,Motorway (not London),0.000891491537914,2.81504526356e-05,1.98588131752e-05
2016,Scotland,4,7.4,30,LGV,Motorway (not London),0.000232119797147,1.27780849652e-05,1.0325781659e-05
2016,Scotland,4,7.4,30,LPG Cars,Motorway (not London),1.13888891065e-05,4.28132671004e-06,2.60321235146e-06
2016,Scotland,4,7.4,30,LPG LGV,Motorway (not London),2.08741439565e-05,5.42490988664e-06,3.34026572091e-06
2016,Scotland,4,7.4,30,Motorcycle,Motorway (not London),1.43850566019e-05,2.54074529948e-06,1.79528831268e-06
2016,Scotland,4,7.4,30,Petrol Car,Motorway (not London),2.66106126219e-05,4.28528801422e-06,2.60697584054e-06
2016,Scotland,4,7.4,30,Plug-In Hybrid Petrol Cars,Motorway (not London),4.85508753627e-05,4.12286863138e-06,2.4526773359e-06
2016,Scotland,4,7.4,30,Plug-In Hybrid Petrol LGV,Motorway (not London),9.98912291834e-05,5.22968684891e-06,3.15480383506e-06
2016,Scotland,4,7.4,30,Rigid HGV,Motorway (not London),0.00122620060574,2.64561804215e-05,1.8534845367e-05
2016,Scotland,4,7.4,35,Artic HGV,Motorway (not London),0.00190549343824,3.5366803786e-05,2.58857926383e-05
2016,Scotland,4,7.4,35,B100 Artic HGV,Motorway (not London),0.0020960427355,3.39596335834e-05,2.45489827648e-05
2016,Scotland,4,7.4,35,B100 Bus,Motorway (not London),0.00142167741433,2.67565756076e-05,1.85346325452e-05
2016,Scotland,4,7.4,35,B100 Coach,Motorway (not London),0.00185771798715,3.2034367905e-05,2.35485331359e-05
2016,Scotland,4,7.4,35,B100 Rigid HGV,Motorway (not London),0.00125699397177,2.4789958843e-05,1.69519335032e-05
2016,Scotland,4,7.4,35,Battery EV Cars,Motorway (not London),0.0,4.0696081669e-06,2.40208009927e-06
2016,Scotland,4,7.4,35,Battery EV LGV,Motorway (not London),0.0,5.21319179825e-06,3.13913324135e-06
2016,Scotland,4,7.4,35,Biogas Bus,Motorway (not London),0.00069444446126,1.93561409105e-05,1.15042184916e-05
2016,Scotland,4,7.4,35,Biomethane Bus,Motorway (not London),0.00069444446126,1.93561409105e-05,1.15042184916e-05
2016,Scotland,4,7.4,35,Bus and Coach,Motorway (not London),0.00168883451261,3.1286614103e-05,2.28381668421e-05
2016,Scotland,4,7.4,35,CNG Bus,Motorway (not London),0.00069444446126,1.93561409105e-05,1.15042184916e-05
2016,Scotland,4,7.4,35,Diesel Car,Motorway (not London),0.000162274998729,1.04357040982e-05,8.44987152959e-06
2016,Scotland,4,7.4,35,E85 Bioethanol Cars,Motorway (not London),2.46453237196e-05,4.24215204475e-06,2.56599673776e-06
2016,Scotland,4,7.4,35,E85 Bioethanol LGV,Motorway (not London),2.51869714702e-05,5.3857356761e-06,3.30305010721e-06
2016,Scotland,4,7.4,35,FCEV Bus,Motorway (not London),0.0,1.79672515515e-05,1.018477451e-05
2016,Scotland,4,7.4,35,FCEV Cars,Motorway (not London),0.0,4.0696081669e-06,2.40208009927e-06
2016,Scotland,4,7.4,35,FCEV LGV,Motorway (not London),0.0,5.21319179825e-06,3.13913324135e-06
2016,Scotland,4,7.4,35,Full Hybrid Diesel Cars,Motorway (not London),0.000175001594471,1.1833139979e-05,9.77743457042e-06
2016,Scotland,4,7.4,35,Full Hybrid Petrol Cars,Motorway (not London),1.23226618598e-05,4.28528801422e-06,2.60697584054e-06
2016,Scotland,4,7.4,35,Full Hybrid Petrol LGV,Motorway (not London),8.56738734001e-06,5.42490988664e-06,3.34026572091e-06
2016,Scotland,4,7.4,35,Hybrid Bus,Motorway (not London),0.000753102242015,2.72254346783e-05,1.89800466615e-05
2016,Scotland,4,7.4,35,LGV,Motorway (not London),0.000217361492105,1.19591786643e-05,9.54782080953e-06
2016,Scotland,4,7.4,35,LPG Cars,Motorway (not London),1.13888891065e-05,4.28132671004e-06,2.60321235146e-06
2016,Scotland,4,7.4,35,LPG LGV,Motorway (not London),1.95116517716e-05,5.42490988664e-06,3.34026572091e-06
2016,Scotland,4,7.4,35,Motorcycle,Motorway (not London),1.33512285174e-05,2.54074529948e-06,1.79528831268e-06
2016,Scotland,4,7.4,35,Petrol Car,Motorway (not London),2.46453237196e-05,4.28528801422e-06,2.60697584054e-06
2016,Scotland,4,7.4,35,Plug-In Hybrid Petrol Cars,Motorway (not London),5.01495742355e-05,4.12286863138e-06,2.4526773359e-06
2016,Scotland,4,7.4,35,Plug-In Hybrid Petrol LGV,Motorway (not London),0.000103919868707,5.23078142578e-06,3.15584361488e-06
2016,Scotland,4,7.4,35,Rigid HGV,Motorway (not London),0.00114272185601,2.56734474533e-05,1.77912497747e-05
2016,Scotland,4,7.4,40,Artic HGV,Motorway (not London),0.00178042391781,3.42660532624e-05,2.48400792771e-05
2016,Scotland,4,7.4,40,B100 Artic HGV,Motorway (not London),0.0019584663678,3.29689573846e-05,2.36078412854e-05
2016,Scotland,4,7.4,40,B100 Bus,Motorway (not London),0.00132557621691,2.61386594502e-05,1.79476119229e-05
2016,Scotland,4,7.4,40,B100 Coach,Motorway (not London),0.00170575082302,3.07308146148e-05,2.2310156055e-05
2016,Scotland,4,7.4,40,B100 Rigid HGV,Motorway (not London),0.00119089032523,2.42475634877e-05,1.64366592799e-05
2016,Scotland,4,7.4,40,Battery EV Cars,Motorway (not London),0.0,4.0696081669e-06,2.40208009927e-06
2016,Scotland,4,7.4,40,Battery EV LGV,Motorway (not London),0.0,5.21319179825e-06,3.13913324135e-06
2016,Scotland,4,7.4,40,Biogas Bus,Motorway (not London),0.00069444446126,1.93561409105e-05,1.15042184916e-05
2016,Scotland,4,7.4,40,Biomethane Bus,Motorway (not London),0.00069444446126,1.93561409105e-05,1.15042184916e-05
2016,Scotland,4,7.4,40,Bus and Coach,Motorway (not London),0.00155068258755,3.00954397972e-05,2.17065517063e-05
2016,Scotland,4,7.4,40,CNG Bus,Motorway (not London),0.00069444446126,1.93561409105e-05,1.15042184916e-05
2016,Scotland,4,7.4,40,Diesel Car,Motorway (not London),0.000149733328726,1.0144603948e-05,8.1733260231e-06
2016,Scotland,4,7.4,40,E85 Bioethanol Cars,Motorway (not London),2.28793414863e-05,4.24215204475e-06,2.56599673776e-06
2016,Scotland,4,7.4,40,E85 Bioethanol LGV,Motorway (not London),2.39576675085e-05,5.3857356761e-06,3.30305010721e-06
2016,Scotland,4,7.4,40,FCEV Bus,Motorway (not London),0.0,1.79672515515e-05,1.018477451e-05
2016,Scotland,4,7.4,40,FCEV Cars,Motorway (not London),0.0,4.0696081669e-06,2.40208009927e-06
2016,Scotland,4,7.4,40,FCEV LGV,Motorway (not London),0.0,5.21319179825e-06,3.13913324135e-06
2016,Scotland,4,7.4,40,Full Hybrid Diesel Cars,Motorway (not London),0.000164784520166,1.14781396405e-05,9.44018484006e-06
2016,Scotland,4,7.4,40,Full Hybrid Petrol Cars,Motorway (not London),1.14396707431e-05,4.28528801422e-06,2.60697584054e-06
2016,Scotland,4,7.4,40,Full Hybrid Petrol LGV,Motorway (not London),7.79362380854e-06,5.42490988664e-06,3.34026572091e-06
2016,Scotland,4,7.4,40,Hybrid Bus,Motorway (not London),0.00064565485809,2.64966711256e-05,1.82877229236e-05
2016,Scotland,4,7.4,40,LGV,Motorway (not London),0.000204799085623,1.13254627649e-05,8.94579079613e-06
2016,Scotland,4,7.4,40,LPG Cars,Motorway (not London),1.13888891065e-05,4.28132671004e-06,2.60321235146e-06
2016,Scotland,4,7.4,40,LPG LGV,Motorway (not London),1.83507327165e-05,5.42490988664e-06,3.34026572091e-06
2016,Scotland,4,7.4,40,Motorcycle,Motorway (not London),1.30354765133e-05,2.54074529948e-06,1.79528831268e-06
2016,Scotland,4,7.4,40,Petrol Car,Motorway (not London),2.28793414863e-05,4.28528801422e-06,2.60697584054e-06
2016,Scotland,4,7.4,40,Plug-In Hybrid Petrol Cars,Motorway (not London),5.18905908393e-05,4.12286863138e-06,2.4526773359e-06
2016,Scotland,4,7.4,40,Plug-In Hybrid Petrol LGV,Motorway (not London),0.000108032785647,5.23216885995e-06,3.15716170007e-06
2016,Scotland,4,7.4,40,Rigid HGV,Motorway (not London),0.00108262756839,2.50707871601e-05,1.7218721041e-05
2016,Scotland,4,7.4,45,Artic HGV,Motorway (not London),0.00168739561923,3.33869611495e-05,2.40049448621e-05
2016,Scotland,4,7.4,45,B100 Artic HGV,Motorway (not London),0.00185613520443,3.21777770296e-05,2.2856220312e-05
2016,Scotland,4,7.4,45,B100 Bus,Motorway (not London),0.00124662986491,2.56502717093e-05,1.74836422957e-05
2016,Scotland,4,7.4,45,B100 Coach,Motorway (not London),0.00159047497436,2.97014812531e-05,2.13322909985e-05
2016,Scotland,4,7.4,45,B100 Rigid HGV,Motorway (not London),0.0011436707573,2.38236170844e-05,1.60339095601e-05
2016,Scotland,4,7.4,45,Battery EV Cars,Motorway (not London),0.0,4.0696081669e-06,2.40208009927e-06
2016,Scotland,4,7.4,45,Battery EV LGV,Motorway (not London),0.0,5.21319179825e-06,3.13913324135e-06
2016,Scotland,4,7.4,45,Biogas Bus,Motorway (not London),0.00069444446126,1.93561409105e-05,1.15042184916e-05
2016,Scotland,4,7.4,45,Biomethane Bus,Motorway (not London),0.00069444446126,1.93561409105e-05,1.15042184916e-05
2016,Scotland,4,7.4,45,Bus and Coach,Motorway (not London),0.00144588632975,2.9165747037e-05,2.08233450394e-05
2016,Scotland,4,7.4,45,CNG Bus,Motorway (not London),0.00069444446126,1.93561409105e-05,1.15042184916e-05
2016,Scotland,4,7.4,45,Diesel Car,Motorway (not London),0.000139252777444,9.88994270301e-06,7.93139770394e-06
2016,Scotland,4,7.4,45,E85 Bioethanol Cars,Motorway (not London),2.13055827771e-05,4.24215204475e-06,2.56599673776e-06
2016,Scotland,4,7.4,45,E85 Bioethanol LGV,Motorway (not London),2.29260185733e-05,5.3857356761e-06,3.30305010721e-06
2016,Scotland,4,7.4,45,FCEV Bus,Motorway (not London),0.0,1.79672515515e-05,1.018477451e-05
2016,Scotland,4,7.4,45,FCEV Cars,Motorway (not London),0.0,4.0696081669e-06,2.40208009927e-06
2016,Scotland,4,7.4,45,FCEV LGV,Motorway (not London),0.0,5.21319179825e-06,3.13913324135e-06
2016,Scotland,4,7.4,45,Full Hybrid Diesel Cars,Motorway (not London),0.000156213005539,1.11675772132e-05,9.14515112527e-06
2016,Scotland,4,7.4,45,Full Hybrid Petrol Cars,Motorway (not London),1.06527913886e-05,4.28528801422e-06,2.60697584054e-06
2016,Scotland,4,7.4,45,Full Hybrid Petrol LGV,Motorway (not London),7.1188687798e-06,5.42490988664e-06,3.34026572091e-06
2016,Scotland,4,7.4,45,Hybrid Bus,Motorway (not London),0.000561089836992,2.59208809439e-05,1.77407200681e-05
2016,Scotland,4,7.4,45,LGV,Motorway (not London),0.000194432010176,1.08769381768e-05,8.51969252835e-06
2016,Scotland,4,7.4,45,LPG Cars,Motorway (not London),1.13888891065e-05,4.28132671004e-06,2.60321235146e-06
2016,Scotland,4,7.4,45,LPG LGV,Motorway (not London),1.73913886101e-05,5.42490988664e-06,3.34026572091e-06
2016,Scotland,4,7.4,45,Motorcycle,Motorway (not London),1.34140254886e-05,2.54074529948e-06,1.79528831268e-06
2016,Scotland,4,7.4,45,Petrol Car,Motorway (not London),2.13055827771e-05,4.28528801422e-06,2.60697584054e-06
2016,Scotland,4,7.4,45,Plug-In Hybrid Petrol Cars,Motorway (not London),5.3773928812e-05,4.12286863138e-06,2.4526773359e-06
2016,Scotland,4,7.4,45,Plug-In Hybrid Petrol LGV,Motorway (not London),0.000112229980004,5.23379458173e-06,3.15870624945e-06
2016,Scotland,4,7.4,45,Rigid HGV,Motorway (not London),0.00103970069904,2.45997362072e-05,1.67712223629e-05
2016,Scotland,4,7.4,50,Artic HGV,Motorway (not London),0.00161907006986,3.26743502228e-05,2.33279624808e-05
2016,Scotland,4,7.4,50,B100 Artic HGV,Motorway (not London),0.001780977007,3.15364268317e-05,2.22469352593e-05
2016,Scotland,4,7.4,50,B100 Bus,Motorway (not London),0.00118027091958,2.52598329098e-05,1.71127248905e-05
2016,Scotland,4,7.4,50,B100 Coach,Motorway (not London),0.00150125392247,2.88685696432e-05,2.0541025151e-05
2016,Scotland,4,7.4,50,B100 Rigid HGV,Motorway (not London),0.00111030146945,2.34899016505e-05,1.57168797159e-05
2016,Scotland,4,7.4,50,Battery EV Cars,Motorway (not London),0.0,4.0696081669e-06,2.40208009927e-06
2016,Scotland,4,7.4,50,Battery EV LGV,Motorway (not London),0.0,5.21319179825e-06,3.13913324135e-06
2016,Scotland,4,7.4,50,Biogas Bus,Motorway (not London),0.00069444446126,1.93561409105e-05,1.15042184916e-05
2016,Scotland,4,7.4,50,Biomethane Bus,Motorway (not London),0.00069444446126,1.93561409105e-05,1.15042184916e-05
2016,Scotland,4,7.4,50,Bus and Coach,Motorway (not London),0.00136477628257,2.84259240289e-05,2.01205129997e-05
2016,Scotland,4,7.4,50,CNG Bus,Motorway (not London),0.00069444446126,1.93561409105e-05,1.15042184916e-05
2016,Scotland,4,7.4,50,Diesel Car,Motorway (not London),0.000130833330331,9.67172218225e-06,7.72408839111e-06
2016,Scotland,4,7.4,50,E85 Bioethanol Cars,Motorway (not London),1.99169680855e-05,4.24215204475e-06,2.56599673776e-06
2016,Scotland,4,7.4,50,E85 Bioethanol LGV,Motorway (not London),2.20743422688e-05,5.3857356761e-06,3.30305010721e-06
2016,Scotland,4,7.4,50,FCEV Bus,Motorway (not London),0.0,1.79672515515e-05,1.018477451e-05
2016,Scotland,4,7.4,50,FCEV Cars,Motorway (not London),0.0,4.0696081669e-06,2.40208009927e-06
2016,Scotland,4,7.4,50,FCEV LGV,Motorway (not London),0.0,5.21319179825e-06,3.13913324135e-06
2016,Scotland,4,7.4,50,Full Hybrid Diesel Cars,Motorway (not London),0.000149111278006,1.0901454516e-05,8.89233433554e-06
2016,Scotland,4,7.4,50,Full Hybrid Petrol Cars,Motorway (not London),9.95848404273e-06,4.28528801422e-06,2.60697584054e-06
2016,Scotland,4,7.4,50,Full Hybrid Petrol LGV,Motorway (not London),6.53417146168e-06,5.42490988664e-06,3.34026572091e-06
2016,Scotland,4,7.4,50,Hybrid Bus,Motorway (not London),0.000494284555316,2.54755923379e-05,1.73176977114e-05
2016,Scotland,4,7.4,50,LGV,Motorway (not London),0.000186259683687,1.06136030809e-05,8.2695241872e-06
2016,Scotland,4,7.4,50,LPG Cars,Motorway (not London),1.13888891065e-05,4.28132671004e-06,2.60321235146e-06
2016,Scotland,4,7.4,50,LPG LGV,Motorway (not London),1.66336176335e-05,5.42490988664e-06,3.34026572091e-06
2016,Scotland,4,7.4,50,Motorcycle,Motorway (not London),1.44661526065e-05,2.54074529948e-06,1.79528831268e-06
2016,Scotland,4,7.4,50,Petrol Car,Motorway (not London),1.99169680855e-05,4.28528801422e-06,2.60697584054e-06
2016,Scotland,4,7.4,50,Plug-In Hybrid Petrol Cars,Motorway (not London),5.57995808776e-05,4.12286863138e-06,2.4526773359e-06
2016,Scotland,4,7.4,50,Plug-In Hybrid Petrol LGV,Motorway (not London),0.000116511451779,5.23562493981e-06,3.16044520332e-06
2016,Scotland,4,7.4,50,Rigid HGV,Motorway (not London),0.00100936496165,2.42289406742e-05,1.64189677889e-05
2016,Scotland,4,7.4,60,Artic HGV,Motorway (not London),0.00152851908933,3.16087061947e-05,2.23156021093e-05
2016,Scotland,4,7.4,60,B100 Artic HGV,Motorway (not London),0.00168137089349,3.05773501168e-05,2.1335812562e-05
2016,Scotland,4,7.4,60,B100 Bus,Motorway (not London),0.00107414054219,2.46930558205e-05,1.65742876561e-05
2016,Scotland,4,7.4,60,B100 Coach,Motorway (not London),0.00137522467412,2.76054015558e-05,1.93410160136e-05
2016,Scotland,4,7.4,60,B100 Rigid HGV,Motorway (not London),0.00106984085869,2.30236928473e-05,1.5273981262e-05
2016,Scotland,4,7.4,60,Battery EV Cars,Motorway (not London),0.0,4.0696081669e-06,2.40208009927e-06
2016,Scotland,4,7.4,60,Battery EV LGV,Motorway (not London),0.0,5.21319179825e-06,3.13913324135e-06
2016,Scotland,4,7.4,60,Biogas Bus,Motorway (not London),0.00069444446126,1.93561409105e-05,1.15042184916e-05
2016,Scotland,4,7.4,60,Biomethane Bus,Motorway (not London),0.00069444446126,1.93561409105e-05,1.15042184916e-05
2016,Scotland,4,7.4,60,Bus and Coach,Motorway (not London),0.00125020428095,2.734255213e-05,1.90913087863e-05
2016,Scotland,4,7.4,60,CNG Bus,Motorway (not London),0.00069444446126,1.93561409105e-05,1.15042184916e-05
2016,Scotland,4,7.4,60,Diesel Car,Motorway (not London),0.000120177777717,9.34460058488e-06,7.41332269172e-06
2016,Scotland,4,7.4,60,E85 Bioethanol Cars,Motorway (not London),1.76668272616e-05,4.18187119067e-06,2.50872972174e-06
2016,Scotland,4,7.4,60,E85 Bioethanol LGV,Motorway (not London),2.08401670534e-05,5.32545482201e-06,3.24578309119e-06
2016,Scotland,4,7.4,60,FCEV Bus,Motorway (not London),0.0,1.79672515515e-05,1.018477451e-05
2016,Scotland,4,7.4,60,FCEV Cars,Motorway (not London),0.0,4.0696081669e-06,2.40208009927e-06
2016,Scotland,4,7.4,60,FCEV LGV,Motorway (not London),0.0,5.21319179825e-06,3.13913324135e-06
2016,Scotland,4,7.4,60,Full Hybrid Diesel Cars,Motorway (not London),0.000138907809742,1.05025264929e-05,8.51335153129e-06
2016,Scotland,4,7.4,60,Full Hybrid Petrol Cars,Motorway (not London),1.23667787193e-05,4.20993683292e-06,2.53539224104e-06
2016,Scotland,4,7.4,60,Full Hybrid Petrol LGV,Motorway (not London),7.8387947724e-06,5.35147000846e-06,3.27049792759e-06
2016,Scotland,4,7.4,60,Hybrid Bus,Motorway (not London),0.000500392750837,2.494016735e-05,1.68090427906e-05
2016,Scotland,4,7.4,60,LGV,Motorway (not London),0.000176496978384,1.06400430013e-05,8.29464170238e-06
2016,Scotland,4,7.4,60,LPG Cars,Motorway (not London),1.0555555491e-05,4.20788683186e-06,2.53344455814e-06
2016,Scotland,4,7.4,60,LPG LGV,Motorway (not London),1.22288429338e-05,5.35147000846e-06,3.27049792759e-06
2016,Scotland,4,7.4,60,Motorcycle,Motorway (not London),1.85250719369e-05,2.54074529948e-06,1.79528831268e-06
2016,Scotland,4,7.4,60,Petrol Car,Motorway (not London),1.76668272616e-05,4.20993683292e-06,2.53539224104e-06
2016,Scotland,4,7.4,60,Plug-In Hybrid Petrol Cars,Motorway (not London),0.000301389227388,4.22178072768e-06,2.54664382737e-06
2016,Scotland,4,7.4,60,Plug-In Hybrid Petrol LGV,Motorway (not London),0.000419149670051,5.34643731953e-06,3.26571671394e-06
2016,Scotland,4,7.4,60,Rigid HGV,Motorway (not London),0.000972582609393,2.37109306909e-05,1.59268583957e-05
2016,Scotland,4,7.4,70,Artic HGV,Motorway (not London),0.0014541890705,3.08796443278e-05,2.16229927901e-05
2016,Scotland,4,7.4,70,B100 Artic HGV,Motorway (not London),0.00159960798919,2.99211915262e-05,2.07124630833e-05
2016,Scotland,4,7.4,70,B100 Bus,Motorway (not London),0.000992248184048,2.43306367338e-05,1.62299893418e-05
2016,Scotland,4,7.4,70,B100 Coach,Motorway (not London),0.00129375432152,2.66958704742e-05,1.84769614862e-05
2016,Scotland,4,7.4,70,B100 Rigid HGV,Motorway (not London),0.00104417861439,2.27594300668e-05,1.50229316205e-05
2016,Scotland,4,7.4,70,Battery EV Cars,Motorway (not London),0.0,4.0696081669e-06,2.40208009927e-06
2016,Scotland,4,7.4,70,Battery EV LGV,Motorway (not London),0.0,5.21319179825e-06,3.13913324135e-06
2016,Scotland,4,7.4,70,Biogas Bus,Motorway (not London),0.00069444446126,1.93561409105e-05,1.15042184916e-05
2016,Scotland,4,7.4,70,Biomethane Bus,Motorway (not London),0.00069444446126,1.93561409105e-05,1.15042184916e-05
2016,Scotland,4,7.4,70,Bus and Coach,Motorway (not London),0.00117614027113,2.66177758022e-05,1.84027703654e-05
2016,Scotland,4,7.4,70,CNG Bus,Motorway (not London),0.00069444446126,1.93561409105e-05,1.15042184916e-05
2016,Scotland,4,7.4,70,Diesel Car,Motorway (not London),0.000117766663607,9.1632391559e-06,7.24102892491e-06
2016,Scotland,4,7.4,70,E85 Bioethanol Cars,Motorway (not London),1.63562835951e-05,4.18187119067e-06,2.50872972174e-06
2016,Scotland,4,7.4,70,E85 Bioethanol LGV,Motorway (not London),2.09708377952e-05,5.32545482201e-06,3.24578309119e-06
2016,Scotland,4,7.4,70,FCEV Bus,Motorway (not London),0.0,1.79672515515e-05,1.018477451e-05
2016,Scotland,4,7.4,70,FCEV Cars,Motorway (not London),0.0,4.0696081669e-06,2.40208009927e-06
2016,Scotland,4,7.4,70,FCEV LGV,Motorway (not London),0.0,5.21319179825e-06,3.13913324135e-06
2016,Scotland,4,7.4,70,Full Hybrid Diesel Cars,Motorway (not London),0.000133727662615,1.02813528429e-05,8.3032373368e-06
2016,Scotland,4,7.4,70,Full Hybrid Petrol Cars,Motorway (not London),1.1449397789e-05,4.20993683292e-06,2.53539224104e-06
2016,Scotland,4,7.4,70,Full Hybrid Petrol LGV,Motorway (not London),7.49118498788e-06,5.35147000846e-06,3.27049792759e-06
2016,Scotland,4,7.4,70,Hybrid Bus,Motorway (not London),0.000441039883299,2.49002441706e-05,1.67711168615e-05
2016,Scotland,4,7.4,70,LGV,Motorway (not London),0.000175534354639,1.14097074402e-05,9.02582360141e-06
2016,Scotland,4,7.4,70,LPG Cars,Motorway (not London),1.0555555491e-05,4.20788683186e-06,2.53344455814e-06
2016,Scotland,4,7.4,70,LPG LGV,Motorway (not London),1.21475459309e-05,5.35147000846e-06,3.27049792759e-06
2016,Scotland,4,7.4,70,Motorcycle,Motorway (not London),2.51174496952e-05,2.54074529948e-06,1.79528831268e-06
2016,Scotland,4,7.4,70,Petrol Car,Motorway (not London),1.63562835951e-05,4.20993683292e-06,2.53539224104e-06
2016,Scotland,4,7.4,70,Plug-In Hybrid Petrol Cars,Motorway (not London),0.000326626905007,4.22178072768e-06,2.54664382737e-06
2016,Scotland,4,7.4,70,Plug-In Hybrid Petrol LGV,Motorway (not London),0.000446366175311,5.37133792022e-06,3.28937221639e-06
2016,Scotland,4,7.4,70,Rigid HGV,Motorway (not London),0.000949253328145,2.34173057834e-05,1.56479127327e-05
2016,Scotland,4,7.4,80,Artic HGV,Motorway (not London),0.001342853182,3.03856595565e-05,2.11537080759e-05
2016,Scotland,4,7.4,80,B100 Artic HGV,Motorway (not London),0.00147713860497,2.94766068691e-05,2.02901064768e-05
2016,Scotland,4,7.4,80,B100 Bus,Motorway (not London),0.00092658266658,2.41154903051e-05,1.60256004165e-05
2016,Scotland,4,7.4,80,B100 Coach,Motorway (not London),0.00123932270799,2.60645065282e-05,1.78771661012e-05
2016,Scotland,4,7.4,80,B100 Rigid HGV,Motorway (not London),0.00101293611806,2.26592092076e-05,1.49277220771e-05
2016,Scotland,4,7.4,80,Battery EV Cars,Motorway (not London),0.0,4.0696081669e-06,2.40208009927e-06
2016,Scotland,4,7.4,80,Battery EV LGV,Motorway (not London),0.0,5.21319179825e-06,3.13913324135e-06
2016,Scotland,4,7.4,80,Biogas Bus,Motorway (not London),0.00069444446126,1.93561409105e-05,1.15042184916e-05
2016,Scotland,4,7.4,80,Biomethane Bus,Motorway (not London),0.00069444446126,1.93561409105e-05,1.15042184916e-05
2016,Scotland,4,7.4,80,Bus and Coach,Motorway (not London),0.00112665700726,2.61355216935e-05,1.79446305992e-05
2016,Scotland,4,7.4,80,CNG Bus,Motorway (not London),0.00069444446126,1.93561409105e-05,1.15042184916e-05
2016,Scotland,4,7.4,80,Diesel Car,Motorway (not London),0.000123599995277,9.1276369858e-06,7.20720709069e-06
2016,Scotland,4,7.4,80,E85 Bioethanol Cars,Motorway (not London),1.5649922716e-05,4.18187119067e-06,2.50872972174e-06
2016,Scotland,4,7.4,80,E85 Bioethanol LGV,Motorway (not London),2.18882378249e-05,5.32545482201e-06,3.24578309119e-06
2016,Scotland,4,7.4,80,FCEV Bus,Motorway (not London),0.0,1.79672515515e-05,1.018477451e-05
2016,Scotland,4,7.4,80,FCEV Cars,Motorway (not London),0.0,4.0696081669e-06,2.40208009927e-06
2016,Scotland,4,7.4,80,FCEV LGV,Motorway (not London),0.0,5.21319179825e-06,3.13913324135e-06
2016,Scotland,4,7.4,80,Full Hybrid Diesel Cars,Motorway (not London),0.000133586145239,1.02379353848e-05,8.26199084258e-06
2016,Scotland,4,7.4,80,Full Hybrid Petrol Cars,Motorway (not London),1.09549464469e-05,4.20993683292e-06,2.53539224104e-06
2016,Scotland,4,7.4,80,Full Hybrid Petrol LGV,Motorway (not London),7.6952692325e-06,5.35147000846e-06,3.27049792759e-06
2016,Scotland,4,7.4,80,Hybrid Bus,Motorway (not London),0.000435059482697,2.55073027802e-05,1.73478219949e-05
2016,Scotland,4,7.4,80,LGV,Motorway (not London),0.000183352909517,1.29201343952e-05,1.04607288449e-05
2016,Scotland,4,7.4,80,LPG Cars,Motorway (not London),1.0555555491e-05,4.20788683186e-06,2.53344455814e-06
2016,Scotland,4,7.4,80,LPG LGV,Motorway (not London),1.26933673528e-05,5.35147000846e-06,3.27049792759e-06
2016,Scotland,4,7.4,80,Motorcycle,Motorway (not London),3.42141829606e-05,2.54074529948e-06,1.79528831268e-06
2016,Scotland,4,7.4,80,Petrol Car,Motorway (not London),1.5649922716e-05,4.20993683292e-06,2.53539224104e-06
2016,Scotland,4,7.4,80,Plug-In Hybrid Petrol Cars,Motorway (not London),0.000354710937245,4.22178072768e-06,2.54664382737e-06
2016,Scotland,4,7.4,80,Plug-In Hybrid Petrol LGV,Motorway (not London),0.000474054599181,5.40102246305e-06,3.31757269123e-06
2016,Scotland,4,7.4,80,Rigid HGV,Motorway (not London),0.000920851074625,2.33059490711e-05,1.55421239469e-05
2016,Scotland,4,7.4,90,Artic HGV,Motorway (not London),0.00123640010133,3.01771524391e-05,2.09556255868e-05
2016,Scotland,4,7.4,90,B100 Artic HGV,Motorway (not London),0.00136004004162,2.92889490083e-05,2.01118327823e-05
2016,Scotland,4,7.4,90,B100 Bus,Motorway (not London),0.000892919662874,2.4043421945e-05,1.59571354743e-05
2016,Scotland,4,7.4,90,B100 Coach,Motorway (not London),0.00120206910651,2.55033683061e-05,1.73440857907e-05
2016,Scotland,4,7.4,90,B100 Rigid HGV,Motorway (not London),0.000983966630884,2.267511627e-05,1.49428342411e-05
2016,Scotland,4,7.4,90,Battery EV Cars,Motorway (not London),0.0,4.0696081669e-06,2.40208009927e-06
2016,Scotland,4,7.4,90,Battery EV LGV,Motorway (not London),0.0,5.21319179825e-06,3.13913324135e-06
2016,Scotland,4,7.4,90,Biogas Bus,Motorway (not London),0.00069444446126,1.93561409105e-05,1.15042184916e-05
2016,Scotland,4,7.4,90,Biomethane Bus,Motorway (not London),0.00069444446126,1.93561409105e-05,1.15042184916e-05
2016,Scotland,4,7.4,90,Bus and Coach,Motorway (not London),0.00109279016033,2.58326872427e-05,1.76569374162e-05
2016,Scotland,4,7.4,90,CNG Bus,Motorway (not London),0.00069444446126,1.93561409105e-05,1.15042184916e-05
2016,Scotland,4,7.4,90,Diesel Car,Motorway (not London),0.000137677780003,9.23779407458e-06,7.3118567343e-06
2016,Scotland,4,7.4,90,E85 Bioethanol Cars,Motorway (not London),1.5399806216e-05,4.22823359258e-06,2.55277404904e-06
2016,Scotland,4,7.4,90,E85 Bioethanol LGV,Motorway (not London),2.32202455663e-05,5.37181722393e-06,3.28982741848e-06
2016,Scotland,4,7.4,90,FCEV Bus,Motorway (not London),0.0,1.79672515515e-05,1.018477451e-05
2016,Scotland,4,7.4,90,FCEV Cars,Motorway (not London),0.0,4.0696081669e-06,2.40208009927e-06
2016,Scotland,4,7.4,90,FCEV LGV,Motorway (not London),0.0,5.21319179825e-06,3.13913324135e-06
2016,Scotland,4,7.4,90,Full Hybrid Diesel Cars,Motorway (not London),0.000138910341775,1.03722741187e-05,8.38961204863e-06
2016,Scotland,4,7.4,90,Full Hybrid Petrol Cars,Motorway (not London),1.38598252306e-05,4.26788983532e-06,2.59044759332e-06
2016,Scotland,4,7.4,90,Full Hybrid Petrol LGV,Motorway (not London),1.05265380625e-05,5.41002327736e-06,3.32612353304e-06
2016,Scotland,4,7.4,90,Hybrid Bus,Motorway (not London),0.000455785368104,2.62096600636e-05,1.80150618689e-05
2016,Scotland,4,7.4,90,LGV,Motorway (not London),0.000199940492166,1.51732174345e-05,1.26011582324e-05
2016,Scotland,4,7.4,90,LPG Cars,Motorway (not London),1.16666669783e-05,4.26644010076e-06,2.58907016359e-06
2016,Scotland,4,7.4,90,LPG LGV,Motorway (not London),1.18854068205e-05,5.41002327736e-06,3.32612353304e-06
2016,Scotland,4,7.4,90,Motorcycle,Motorway (not London),4.58603026345e-05,2.54074529948e-06,1.79528831268e-06
2016,Scotland,4,7.4,90,Petrol Car,Motorway (not London),1.5399806216e-05,4.26788983532e-06,2.59044759332e-06
2016,Scotland,4,7.4,90,Plug-In Hybrid Petrol Cars,Motorway (not London),0.000694154470693,4.35245055996e-06,2.67078030447e-06
2016,Scotland,4,7.4,90,Plug-In Hybrid Petrol LGV,Motorway (not London),0.000850632844958,5.61682190892e-06,3.52258189196e-06
2016,Scotland,4,7.4,90,Rigid HGV,Motorway (not London),0.000894515076652,2.33236241911e-05,1.55589168571e-05
2016,Scotland,4,7.4,100,Artic HGV,Motorway (not London),0.00123640010133,3.01771524391e-05,2.09556255868e-05
2016,Scotland,4,7.4,100,B100 Artic HGV,Motorway (not London),0.00136004004162,2.92889490083e-05,2.01118327823e-05
2016,Scotland,4,7.4,100,B100 Bus,Motorway (not London),0.000892919662874,2.4043421945e-05,1.59571354743e-05
2016,Scotland,4,7.4,100,B100 Coach,Motorway (not London),0.0011760997586,2.50951652561e-05,1.69562899828e-05
2016,Scotland,4,7.4,100,B100 Rigid HGV,Motorway (not London),0.000983966630884,2.267511627e-05,1.49428342411e-05
2016,Scotland,4,7.4,100,Battery EV Cars,Motorway (not London),0.0,4.0696081669e-06,2.40208009927e-06
2016,Scotland,4,7.4,100,Battery EV LGV,Motorway (not London),0.0,5.21319179825e-06,3.13913324135e-06
2016,Scotland,4,7.4,100,Biogas Bus,Motorway (not London),0.00069444446126,1.93561409105e-05,1.15042184916e-05
2016,Scotland,4,7.4,100,Biomethane Bus,Motorway (not London),0.00069444446126,1.93561409105e-05,1.15042184916e-05
2016,Scotland,4,7.4,100,Bus and Coach,Motorway (not London),0.00106918159872,2.56749226537e-05,1.75070617843e-05
2016,Scotland,4,7.4,100,CNG Bus,Motorway (not London),0.00069444446126,1.93561409105e-05,1.15042184916e-05
2016,Scotland,4,7.4,100,Diesel Car,Motorway (not London),0.000159999995958,9.49371133174e-06,7.55497785576e-06
2016,Scotland,4,7.4,100,E85 Bioethanol Cars,Motorway (not London),1.56059322762e-05,4.22823359258e-06,2.55277404904e-06
2016,Scotland,4,7.4,100,E85 Bioethanol LGV,Motorway (not London),2.49668573815e-05,5.37181722393e-06,3.28982741848e-06
2016,Scotland,4,7.4,100,FCEV Bus,Motorway (not London),0.0,1.79672515515e-05,1.018477451e-05
2016,Scotland,4,7.4,100,FCEV Cars,Motorway (not London),0.0,4.0696081669e-06,2.40208009927e-06
2016,Scotland,4,7.4,100,FCEV LGV,Motorway (not London),0.0,5.21319179825e-06,3.13913324135e-06
2016,Scotland,4,7.4,100,Full Hybrid Diesel Cars,Motorway (not London),0.000150619103806,1.06843681351e-05,8.68610186444e-06
2016,Scotland,4,7.4,100,Full Hybrid Petrol Cars,Motorway (not London),1.40453385029e-05,4.26788983532e-06,2.59044759332e-06
2016,Scotland,4,7.4,100,Full Hybrid Petrol LGV,Motorway (not London),1.15293833005e-05,5.41002327736e-06,3.32612353304e-06
2016,Scotland,4,7.4,100,Hybrid Bus,Motorway (not London),0.000455785368104,2.62096600636e-05,1.80150618689e-05
2016,Scotland,4,7.4,100,LGV,Motorway (not London),0.000225297088036,1.81651685125e-05,1.54435110744e-05
2016,Scotland,4,7.4,100,LPG Cars,Motorway (not London),1.16666669783e-05,4.26644010076e-06,2.58907016359e-06
2016,Scotland,4,7.4,100,LPG LGV,Motorway (not London),1.34283145599e-05,5.41002327736e-06,3.32612353304e-06
2016,Scotland,4,7.4,100,Motorcycle,Motorway (not London),6.01833999099e-05,2.54074529948e-06,1.79528831268e-06
2016,Scotland,4,7.4,100,Petrol Car,Motorway (not London),1.56059322762e-05,4.26788983532e-06,2.59044759332e-06
2016,Scotland,4,7.4,100,Plug-In Hybrid Petrol Cars,Motorway (not London),0.000754952663556,4.35245055996e-06,2.67078030447e-06
2016,Scotland,4,7.4,100,Plug-In Hybrid Petrol LGV,Motorway (not London),0.000897733261809,5.69998655919e-06,3.60158855983e-06
2016,Scotland,4,7.4,100,Rigid HGV,Motorway (not London),0.000894515076652,2.33236241911e-05,1.55589168571e-05
2016,Scotland,4,7.4,110,Artic HGV,Motorway (not London),0.00123640010133,3.01771524391e-05,2.09556255868e-05
2016,Scotland,4,7.4,110,B100 Artic HGV,Motorway (not London),0.00136004004162,2.92889490083e-05,2.01118327823e-05
2016,Scotland,4,7.4,110,B100 Bus,Motorway (not London),0.000892919662874,2.4043421945e-05,1.59571354743e-05
2016,Scotland,4,7.4,110,B100 Coach,Motorway (not London),0.00116613798309,2.5001792892e-05,1.68675887835e-05
2016,Scotland,4,7.4,110,B100 Rigid HGV,Motorway (not London),0.000983966630884,2.267511627e-05,1.49428342411e-05
2016,Scotland,4,7.4,110,Battery EV Cars,Motorway (not London),0.0,4.0696081669e-06,2.40208009927e-06
2016,Scotland,4,7.4,110,Battery EV LGV,Motorway (not London),0.0,5.21319179825e-06,3.13913324135e-06
2016,Scotland,4,7.4,110,Biogas Bus,Motorway (not London),0.00069444446126,1.93561409105e-05,1.15042184916e-05
2016,Scotland,4,7.4,110,Biomethane Bus,Motorway (not London),0.00069444446126,1.93561409105e-05,1.15042184916e-05
2016,Scotland,4,7.4,110,Bus and Coach,Motorway (not London),0.00106012541801,2.56447747233e-05,1.74784199771e-05
2016,Scotland,4,7.4,110,CNG Bus,Motorway (not London),0.00069444446126,1.93561409105e-05,1.15042184916e-05
2016,Scotland,4,7.4,110,Diesel Car,Motorway (not London),0.000190566672245,9.89538784779e-06,7.93657090981e-06
2016,Scotland,4,7.4,110,E85 Bioethanol Cars,Motorway (not London),1.62683008966e-05,4.22823359258e-06,2.55277404904e-06
2016,Scotland,4,7.4,110,E85 Bioethanol LGV,Motorway (not London),2.71280787274e-05,5.37181722393e-06,3.28982741848e-06
2016,Scotland,4,7.4,110,FCEV Bus,Motorway (not London),0.0,1.79672515515e-05,1.018477451e-05
2016,Scotland,4,7.4,110,FCEV Cars,Motorway (not London),0.0,4.0696081669e-06,2.40208009927e-06
2016,Scotland,4,7.4,110,FCEV LGV,Motorway (not London),0.0,5.21319179825e-06,3.13913324135e-06
2016,Scotland,4,7.4,110,Full Hybrid Diesel Cars,Motorway (not London),0.000170342624187,1.1174217434e-05,9.15145938052e-06
2016,Scotland,4,7.4,110,Full Hybrid Petrol Cars,Motorway (not London),1.46414704432e-05,4.26788983532e-06,2.59044759332e-06
2016,Scotland,4,7.4,110,Full Hybrid Petrol LGV,Motorway (not London),1.29024547277e-05,5.41002327736e-06,3.32612353304e-06
2016,Scotland,4,7.4,110,Hybrid Bus,Motorway (not London),0.000455785368104,2.62096600636e-05,1.80150618689e-05
2016,Scotland,4,7.4,110,LGV,Motorway (not London),0.000259422726231,2.18978821067e-05,1.89895890799e-05
2016,Scotland,4,7.4,110,LPG Cars,Motorway (not London),1.16666669783e-05,4.26644010076e-06,2.58907016359e-06
2016,Scotland,4,7.4,110,LPG LGV,Motorway (not London),1.55087527673e-05,5.41002327736e-06,3.32612353304e-06
2016,Scotland,4,7.4,110,Motorcycle,Motorway (not London),7.74021100369e-05,2.54074529948e-06,1.79528831268e-06
2016,Scotland,4,7.4,110,Petrol Car,Motorway (not London),1.62683008966e-05,4.26788983532e-06,2.59044759332e-06
2016,Scotland,4,7.4,110,Plug-In Hybrid Petrol Cars,Motorway (not London),0.000820874294732,4.35245055996e-06,2.67078030447e-06
2016,Scotland,4,7.4,110,Plug-In Hybrid Petrol LGV,Motorway (not London),0.000945440493524,5.80887763135e-06,3.70503494196e-06
2016,Scotland,4,7.4,110,Rigid HGV,Motorway (not London),0.000894515076652,2.33236241911e-05,1.55589168571e-05
2016,Scotland,4,7.4,120,Artic HGV,Motorway (not London),0.00123640010133,3.01771524391e-05,2.09556255868e-05
2016,Scotland,4,7.4,120,B100 Artic HGV,Motorway (not London),0.00136004004162,2.92889490083e-05,2.01118327823e-05
2016,Scotland,4,7.4,120,B100 Bus,Motorway (not London),0.000892919662874,2.4043421945e-05,1.59571354743e-05
2016,Scotland,4,7.4,120,B100 Coach,Motorway (not London),0.00116613798309,2.5001792892e-05,1.68675887835e-05
2016,Scotland,4,7.4,120,B100 Rigid HGV,Motorway (not London),0.000983966630884,2.267511627e-05,1.49428342411e-05
2016,Scotland,4,7.4,120,Battery EV Cars,Motorway (not London),0.0,4.0696081669e-06,2.40208009927e-06
2016,Scotland,4,7.4,120,Battery EV LGV,Motorway (not London),0.0,5.21319179825e-06,3.13913324135e-06
2016,Scotland,4,7.4,120,Biogas Bus,Motorway (not London),0.00069444446126,1.93561409105e-05,1.15042184916e-05
2016,Scotland,4,7.4,120,Biomethane Bus,Motorway (not London),0.00069444446126,1.93561409105e-05,1.15042184916e-05
2016,Scotland,4,7.4,120,Bus and Coach,Motorway (not London),0.00106012541801,2.56447747233e-05,1.74784199771e-05
2016,Scotland,4,7.4,120,CNG Bus,Motorway (not London),0.00069444446126,1.93561409105e-05,1.15042184916e-05
2016,Scotland,4,7.4,120,Diesel Car,Motorway (not London),0.00022937777976,1.04428245322e-05,8.45663544169e-06
2016,Scotland,4,7.4,120,E85 Bioethanol Cars,Motorway (not London),1.73869120772e-05,4.22823359258e-06,2.55277404904e-06
2016,Scotland,4,7.4,120,E85 Bioethanol LGV,Motorway (not London),2.92099921353e-05,5.37181722393e-06,3.28982741848e-06
2016,Scotland,4,7.4,120,FCEV Bus,Motorway (not London),0.0,1.79672515515e-05,1.018477451e-05
2016,Scotland,4,7.4,120,FCEV Cars,Motorway (not London),0.0,4.0696081669e-06,2.40208009927e-06
2016,Scotland,4,7.4,120,FCEV LGV,Motorway (not London),0.0,5.21319179825e-06,3.13913324135e-06
2016,Scotland,4,7.4,120,Full Hybrid Diesel Cars,Motorway (not London),0.000200883136131,1.18418229249e-05,9.78568459686e-06
2016,Scotland,4,7.4,120,Full Hybrid Petrol Cars,Motorway (not London),1.56482219609e-05,4.26788983532e-06,2.59044759332e-06
2016,Scotland,4,7.4,120,Full Hybrid Petrol LGV,Motorway (not London),1.46457514347e-05,5.41002327736e-06,3.32612353304e-06
2016,Scotland,4,7.4,120,Hybrid Bus,Motorway (not London),0.000455785368104,2.62096600636e-05,1.80150618689e-05
2016,Scotland,4,7.4,120,LGV,Motorway (not London),0.000261809153017,2.19377616304e-05,1.90274749912e-05
2016,Scotland,4,7.4,120,LPG Cars,Motorway (not London),1.16666669783e-05,4.26644010076e-06,2.58907016359e-06
2016,Scotland,4,7.4,120,LPG LGV,Motorway (not London),1.59030205396e-05,5.41002327736e-06,3.32612353304e-06
2016,Scotland,4,7.4,120,Motorcycle,Motorway (not London),9.78345196927e-05,2.54074529948e-06,1.79528831268e-06
2016,Scotland,4,7.4,120,Petrol Car,Motorway (not London),1.73869120772e-05,4.26788983532e-06,2.59044759332e-06
2016,Scotland,4,7.4,120,Plug-In Hybrid Petrol Cars,Motorway (not London),0.000891919422429,4.35245055996e-06,2.67078030447e-06
2016,Scotland,4,7.4,120,Plug-In Hybrid Petrol LGV,Motorway (not London),0.000957748328801,5.9550898186e-06,3.84393661079e-06
2016,Scotland,4,7.4,120,Rigid HGV,Motorway (not London),0.000894515076652,2.33236241911e-05,1.55589168571e-05
2016,Scotland,4,7.4,130,Artic HGV,Motorway (not London),0.00123640010133,3.01771524391e-05,2.09556255868e-05
2016,Scotland,4,7.4,130,B100 Artic HGV,Motorway (not London),0.00136004004162,2.92889490083e-05,2.01118327823e-05
2016,Scotland,4,7.4,130,B100 Bus,Motorway (not London),0.000892919662874,2.4043421945e-05,1.59571354743e-05
2016,Scotland,4,7.4,130,B100 Coach,Motorway (not London),0.00116613798309,2.5001792892e-05,1.68675887835e-05
2016,Scotland,4,7.4,130,B100 Rigid HGV,Motorway (not London),0.000983966630884,2.267511627e-05,1.49428342411e-05
2016,Scotland,4,7.4,130,Battery EV Cars,Motorway (not London),0.0,4.0696081669e-06,2.40208009927e-06
2016,Scotland,4,7.4,130,Battery EV LGV,Motorway (not London),0.0,5.21319179825e-06,3.13913324135e-06
2016,Scotland,4,7.4,130,Biogas Bus,Motorway (not London),0.00069444446126,1.93561409105e-05,1.15042184916e-05
2016,Scotland,4,7.4,130,Biomethane Bus,Motorway (not London),0.00069444446126,1.93561409105e-05,1.15042184916e-05
2016,Scotland,4,7.4,130,Bus and Coach,Motorway (not London),0.00106012541801,2.56447747233e-05,1.74784199771e-05
2016,Scotland,4,7.4,130,CNG Bus,Motorway (not London),0.00069444446126,1.93561409105e-05,1.15042184916e-05
2016,Scotland,4,7.4,130,Diesel Car,Motorway (not London),0.000276433333056,1.11360204755e-05,9.11517145141e-06
2016,Scotland,4,7.4,130,E85 Bioethanol Cars,Motorway (not London),1.89617676369e-05,4.22823359258e-06,2.55277404904e-06
2016,Scotland,4,7.4,130,E85 Bioethanol LGV,Motorway (not London),2.94768851745e-05,5.37181722393e-06,3.28982741848e-06
2016,Scotland,4,7.4,130,FCEV Bus,Motorway (not London),0.0,1.79672515515e-05,1.018477451e-05
2016,Scotland,4,7.4,130,FCEV Cars,Motorway (not London),0.0,4.0696081669e-06,2.40208009927e-06
2016,Scotland,4,7.4,130,FCEV LGV,Motorway (not London),0.0,5.21319179825e-06,3.13913324135e-06
2016,Scotland,4,7.4,130,Full Hybrid Diesel Cars,Motorway (not London),0.000247190648224,1.26871846078e-05,1.05887775135e-05
2016,Scotland,4,7.4,130,Full Hybrid Petrol Cars,Motorway (not London),1.7065591237e-05,4.26788983532e-06,2.59044759332e-06
2016,Scotland,4,7.4,130,Full Hybrid Petrol LGV,Motorway (not London),1.47275250129e-05,5.41002327736e-06,3.32612353304e-06
2016,Scotland,4,7.4,130,Hybrid Bus,Motorway (not London),0.000455785368104,2.62096600636e-05,1.80150618689e-05
2016,Scotland,4,7.4,130,LGV,Motorway (not London),0.000264628761215,2.19882585952e-05,1.90754471987e-05
2016,Scotland,4,7.4,130,LPG Cars,Motorway (not London),1.16666669783e-05,4.26644010076e-06,2.58907016359e-06
2016,Scotland,4,7.4,130,LPG LGV,Motorway (not London),1.63810418599e-05,5.41002327736e-06,3.32612353304e-06
2016,Scotland,4,7.4,130,Motorcycle,Motorway (not London),0.000121906647109,2.54074529948e-06,1.79528831268e-06
2016,Scotland,4,7.4,130,Petrol Car,Motorway (not London),1.89617676369e-05,4.26788983532e-06,2.59044759332e-06
2016,Scotland,4,7.4,130,Plug-In Hybrid Petrol Cars,Motorway (not London),0.00096808798844,4.35245055996e-06,2.67078030447e-06
2016,Scotland,4,7.4,130,Plug-In Hybrid Petrol LGV,Motorway (not London),0.000970662920736,6.15544786342e-06,4.03427657147e-06
2016,Scotland,4,7.4,130,Rigid HGV,Motorway (not London),0.000894515076652,2.33236241911e-05,1.55589168571e-05
2016,Scotland,4,7.4,140,Artic HGV,Motorway (not London),0.00123640010133,3.01771524391e-05,2.09556255868e-05
2016,Scotland,4,7.4,140,B100 Artic HGV,Motorway (not London),0.00136004004162,2.92889490083e-05,2.01118327823e-05
2016,Scotland,4,7.4,140,B100 Bus,Motorway (not London),0.000892919662874,2.4043421945e-05,1.59571354743e-05
2016,Scotland,4,7.4,140,B100 Coach,Motorway (not London),0.00116613798309,2.5001792892e-05,1.68675887835e-05
2016,Scotland,4,7.4,140,B100 Rigid HGV,Motorway (not London),0.000983966630884,2.267511627e-05,1.49428342411e-05
2016,Scotland,4,7.4,140,Battery EV Cars,Motorway (not London),0.0,4.0696081669e-06,2.40208009927e-06
2016,Scotland,4,7.4,140,Battery EV LGV,Motorway (not London),0.0,5.21319179825e-06,3.13913324135e-06
2016,Scotland,4,7.4,140,Biogas Bus,Motorway (not London),0.00069444446126,1.93561409105e-05,1.15042184916e-05
2016,Scotland,4,7.4,140,Biomethane Bus,Motorway (not London),0.00069444446126,1.93561409105e-05,1.15042184916e-05
2016,Scotland,4,7.4,140,Bus and Coach,Motorway (not London),0.00106012541801,2.56447747233e-05,1.74784199771e-05
2016,Scotland,4,7.4,140,CNG Bus,Motorway (not London),0.00069444446126,1.93561409105e-05,1.15042184916e-05
2016,Scotland,4,7.4,140,Diesel Car,Motorway (not London),0.000276433333056,1.11360204755e-05,9.11517145141e-06
2016,Scotland,4,7.4,140,E85 Bioethanol Cars,Motorway (not London),1.89617676369e-05,4.22823359258e-06,2.55277404904e-06
2016,Scotland,4,7.4,140,E85 Bioethanol LGV,Motorway (not London),2.94768851745e-05,5.37181722393e-06,3.28982741848e-06
2016,Scotland,4,7.4,140,FCEV Bus,Motorway (not London),0.0,1.79672515515e-05,1.018477451e-05
2016,Scotland,4,7.4,140,FCEV Cars,Motorway (not London),0.0,4.0696081669e-06,2.40208009927e-06
2016,Scotland,4,7.4,140,FCEV LGV,Motorway (not London),0.0,5.21319179825e-06,3.13913324135e-06
2016,Scotland,4,7.4,140,Full Hybrid Diesel Cars,Motorway (not London),0.000247190648224,1.26871846078e-05,1.05887775135e-05
2016,Scotland,4,7.4,140,Full Hybrid Petrol Cars,Motorway (not London),1.7065591237e-05,4.26788983532e-06,2.59044759332e-06
2016,Scotland,4,7.4,140,Full Hybrid Petrol LGV,Motorway (not London),1.47275250129e-05,5.41002327736e-06,3.32612353304e-06
2016,Scotland,4,7.4,140,Hybrid Bus,Motorway (not London),0.000455785368104,2.62096600636e-05,1.80150618689e-05
2016,Scotland,4,7.4,140,LGV,Motorway (not London),0.000264628761215,2.19882585952e-05,1.90754471987e-05
2016,Scotland,4,7.4,140,LPG Cars,Motorway (not London),1.16666669783e-05,4.26644010076e-06,2.58907016359e-06
2016,Scotland,4,7.4,140,LPG LGV,Motorway (not London),1.63810418599e-05,5.41002327736e-06,3.32612353304e-06
2016,Scotland,4,7.4,140,Motorcycle,Motorway (not London),0.000150160893099,2.54074529948e-06,1.79528831268e-06
2016,Scotland,4,7.4,140,Petrol Car,Motorway (not London),1.89617676369e-05,4.26788983532e-06,2.59044759332e-06
2016,Scotland,4,7.4,140,Plug-In Hybrid Petrol Cars,Motorway (not London),0.00096808798844,4.35245055996e-06,2.67078030447e-06
2016,Scotland,4,7.4,140,Plug-In Hybrid Petrol LGV,Motorway (not London),0.000970662920736,6.37060293229e-06,4.23867413701e-06
2016,Scotland,4,7.4,140,Rigid HGV,Motorway (not London),0.000894515076652,2.33236241911e-05,1.55589168571e-05
2016,Scotland,4,7.4,5,Artic HGV,Rural (not London),0.0031606964767,5.4659525631e-05,4.09213098465e-05
2016,Scotland,4,7.4,5,B100 Artic HGV,Rural (not London),0.00347676617093,5.20167814102e-05,3.84107006539e-05
2016,Scotland,4,7.4,5,B100 Bus,Rural (not London),0.00270971097052,3.94125854655e-05,2.78007009911e-05
2016,Scotland,4,7.4,5,B100 Coach,Rural (not London),0.0041058328934,5.66068811167e-05,4.41352822236e-05
2016,Scotland,4,7.4,5,B100 Rigid HGV,Rural (not London),0.00215217843652,3.73728144041e-05,2.5806355552e-05
2016,Scotland,4,7.4,5,Battery EV Cars,Rural (not London),0.0,5.50764480067e-06,3.06141782858e-06
2016,Scotland,4,7.4,5,Battery EV LGV,Rural (not London),0.0,7.46197929402e-06,4.17151613874e-06
2016,Scotland,4,7.4,5,Biogas Bus,Rural (not London),0.00069444446126,2.41506240855e-05,1.33018365887e-05
2016,Scotland,4,7.4,5,Biomethane Bus,Rural (not London),0.00069444446126,2.41506240855e-05,1.33018365887e-05
2016,Scotland,4,7.4,5,Bus and Coach,Rural (not London),0.00281874998473,4.42405726062e-05,3.23872882291e-05
2016,Scotland,4,7.4,5,CNG Bus,Rural (not London),0.00069444446126,2.41506240855e-05,1.33018365887e-05
2016,Scotland,4,7.4,5,Diesel Car,Rural (not London),0.000255899998592,1.38758414323e-05,1.10112050606e-05
2016,Scotland,4,7.4,5,E85 Bioethanol Cars,Rural (not London),3.79481462005e-05,5.68018867853e-06,3.22533469443e-06
2016,Scotland,4,7.4,5,E85 Bioethanol LGV,Rural (not London),3.36144839821e-05,7.63452317187e-06,4.3354330046e-06
2016,Scotland,4,7.4,5,FCEV Bus,Rural (not London),0.0,2.27617347264e-05,1.1982392607e-05
2016,Scotland,4,7.4,5,FCEV Cars,Rural (not London),0.0,5.50764480067e-06,3.06141782858e-06
2016,Scotland,4,7.4,5,FCEV LGV,Rural (not London),0.0,7.46197929402e-06,4.17151613874e-06
2016,Scotland,4,7.4,5,Full Hybrid Diesel Cars,Rural (not London),0.00027608484379,1.57127633429e-05,1.27562807393e-05
2016,Scotland,4,7.4,5,Full Hybrid Petrol Cars,Rural (not London),1.89740731003e-05,5.72332464799e-06,3.26631379721e-06
2016,Scotland,4,7.4,5,Full Hybrid Petrol LGV,Rural (not London),1.35751561174e-05,7.67369783716e-06,4.3726486183e-06
2016,Scotland,4,7.4,5,Hybrid Bus,Rural (not London),0.00397092988715,4.25609287049e-05,3.07916270685e-05
2016,Scotland,4,7.4,5,LGV,Rural (not London),0.000313072028803,2.01539987756e-05,1.6228934328e-05
2016,Scotland,4,7.4,5,LPG Cars,Rural (not London),1.13888891065e-05,5.71936288907e-06,3.26255030814e-06
2016,Scotland,4,7.4,5,LPG LGV,Rural (not London),2.83398512693e-05,7.67369783716e-06,4.3726486183e-06
2016,Scotland,4,7.4,5,Motorcycle,Rural (not London),2.31552621699e-05,3.24010852637e-06,2.11119868254e-06
2016,Scotland,4,7.4,5,Petrol Car,Rural (not London),3.79481462005e-05,5.72332464799e-06,3.26631379721e-06
2016,Scotland,4,7.4,5,Plug-In Hybrid Petrol Cars,Rural (not London),4.35792571807e-05,5.56090526516e-06,3.11201529257e-06
2016,Scotland,4,7.4,5,Plug-In Hybrid Petrol LGV,Rural (not London),8.46194088808e-05,7.48316097088e-06,4.19163870902e-06
2016,Scotland,4,7.4,5,Rigid HGV,Rural (not London),0.00195652595721,3.89695305785e-05,2.73232362815e-05
2016,Scotland,4,7.4,6,Artic HGV,Rural (not London),0.0031606964767,5.4659525631e-05,4.09213098465e-05
2016,Scotland,4,7.4,6,B100 Artic HGV,Rural (not London),0.00347676617093,5.20167814102e-05,3.84107006539e-05
2016,Scotland,4,7.4,6,B100 Bus,Rural (not London),0.00270971097052,3.94125854655e-05,2.78007009911e-05
2016,Scotland,4,7.4,6,B100 Coach,Rural (not London),0.0041058328934,5.66068811167e-05,4.41352822236e-05
2016,Scotland,4,7.4,6,B100 Rigid HGV,Rural (not London),0.00215217843652,3.73728144041e-05,2.5806355552e-05
2016,Scotland,4,7.4,6,Battery EV Cars,Rural (not London),0.0,5.50764480067e-06,3.06141782858e-06
2016,Scotland,4,7.4,6,Battery EV LGV,Rural (not London),0.0,7.46197929402e-06,4.17151613874e-06
2016,Scotland,4,7.4,6,Biogas Bus,Rural (not London),0.00069444446126,2.41506240855e-05,1.33018365887e-05
2016,Scotland,4,7.4,6,Biomethane Bus,Rural (not London),0.00069444446126,2.41506240855e-05,1.33018365887e-05
2016,Scotland,4,7.4,6,Bus and Coach,Rural (not London),0.00281874998473,4.42405726062e-05,3.23872882291e-05
2016,Scotland,4,7.4,6,CNG Bus,Rural (not London),0.00069444446126,2.41506240855e-05,1.33018365887e-05
2016,Scotland,4,7.4,6,Diesel Car,Rural (not London),0.000255899998592,1.38758414323e-05,1.10112050606e-05
2016,Scotland,4,7.4,6,E85 Bioethanol Cars,Rural (not London),3.74520241166e-05,5.68018867853e-06,3.22533469443e-06
2016,Scotland,4,7.4,6,E85 Bioethanol LGV,Rural (not London),3.35081276717e-05,7.63452317187e-06,4.3354330046e-06
2016,Scotland,4,7.4,6,FCEV Bus,Rural (not London),0.0,2.27617347264e-05,1.1982392607e-05
2016,Scotland,4,7.4,6,FCEV Cars,Rural (not London),0.0,5.50764480067e-06,3.06141782858e-06
2016,Scotland,4,7.4,6,FCEV LGV,Rural (not London),0.0,7.46197929402e-06,4.17151613874e-06
2016,Scotland,4,7.4,6,Full Hybrid Diesel Cars,Rural (not London),0.00027608484379,1.57127633429e-05,1.27562807393e-05
2016,Scotland,4,7.4,6,Full Hybrid Petrol Cars,Rural (not London),1.87260120583e-05,5.72332464799e-06,3.26631379721e-06
2016,Scotland,4,7.4,6,Full Hybrid Petrol LGV,Rural (not London),1.35213149406e-05,7.67369783716e-06,4.3726486183e-06
2016,Scotland,4,7.4,6,Hybrid Bus,Rural (not London),0.00343760405667,4.25609287049e-05,3.07916270685e-05
2016,Scotland,4,7.4,6,LGV,Rural (not London),0.000313068536343,2.01539987756e-05,1.6228934328e-05
2016,Scotland,4,7.4,6,LPG Cars,Rural (not London),1.13888891065e-05,5.71936288907e-06,3.26255030814e-06
2016,Scotland,4,7.4,6,LPG LGV,Rural (not London),2.83398512693e-05,7.67369783716e-06,4.3726486183e-06
2016,Scotland,4,7.4,6,Motorcycle,Rural (not London),2.31552621699e-05,3.24010852637e-06,2.11119868254e-06
2016,Scotland,4,7.4,6,Petrol Car,Rural (not London),3.74520241166e-05,5.72332464799e-06,3.26631379721e-06
2016,Scotland,4,7.4,6,Plug-In Hybrid Petrol Cars,Rural (not London),4.35792571807e-05,5.56090526516e-06,3.11201529257e-06
2016,Scotland,4,7.4,6,Plug-In Hybrid Petrol LGV,Rural (not London),8.46194088808e-05,7.48252568883e-06,4.19103525928e-06
2016,Scotland,4,7.4,6,Rigid HGV,Rural (not London),0.00195652595721,3.89695305785e-05,2.73232362815e-05
2016,Scotland,4,7.4,7,Artic HGV,Rural (not London),0.0031606964767,5.4659525631e-05,4.09213098465e-05
2016,Scotland,4,7.4,7,B100 Artic HGV,Rural (not London),0.00347676617093,5.20167814102e-05,3.84107006539e-05
2016,Scotland,4,7.4,7,B100 Bus,Rural (not London),0.00270971097052,3.94125854655e-05,2.78007009911e-05
2016,Scotland,4,7.4,7,B100 Coach,Rural (not London),0.0041058328934,5.66068811167e-05,4.41352822236e-05
2016,Scotland,4,7.4,7,B100 Rigid HGV,Rural (not London),0.00215217843652,3.73728144041e-05,2.5806355552e-05
2016,Scotland,4,7.4,7,Battery EV Cars,Rural (not London),0.0,5.50764480067e-06,3.06141782858e-06
2016,Scotland,4,7.4,7,Battery EV LGV,Rural (not London),0.0,7.46197929402e-06,4.17151613874e-06
2016,Scotland,4,7.4,7,Biogas Bus,Rural (not London),0.00069444446126,2.41506240855e-05,1.33018365887e-05
2016,Scotland,4,7.4,7,Biomethane Bus,Rural (not London),0.00069444446126,2.41506240855e-05,1.33018365887e-05
2016,Scotland,4,7.4,7,Bus and Coach,Rural (not London),0.00281874998473,4.42405726062e-05,3.23872882291e-05
2016,Scotland,4,7.4,7,CNG Bus,Rural (not London),0.00069444446126,2.41506240855e-05,1.33018365887e-05
2016,Scotland,4,7.4,7,Diesel Car,Rural (not London),0.000255899998592,1.38758414323e-05,1.10112050606e-05
2016,Scotland,4,7.4,7,E85 Bioethanol Cars,Rural (not London),3.69605913875e-05,5.68018867853e-06,3.22533469443e-06
2016,Scotland,4,7.4,7,E85 Bioethanol LGV,Rural (not London),3.34027790814e-05,7.63452317187e-06,4.3354330046e-06
2016,Scotland,4,7.4,7,FCEV Bus,Rural (not London),0.0,2.27617347264e-05,1.1982392607e-05
2016,Scotland,4,7.4,7,FCEV Cars,Rural (not London),0.0,5.50764480067e-06,3.06141782858e-06
2016,Scotland,4,7.4,7,FCEV LGV,Rural (not London),0.0,7.46197929402e-06,4.17151613874e-06
2016,Scotland,4,7.4,7,Full Hybrid Diesel Cars,Rural (not London),0.00027608484379,1.57127633429e-05,1.27562807393e-05
2016,Scotland,4,7.4,7,Full Hybrid Petrol Cars,Rural (not London),1.84802956937e-05,5.72332464799e-06,3.26631379721e-06
2016,Scotland,4,7.4,7,Full Hybrid Petrol LGV,Rural (not London),1.34679821713e-05,7.67369783716e-06,4.3726486183e-06
2016,Scotland,4,7.4,7,Hybrid Bus,Rural (not London),0.00304097239859,4.25609287049e-05,3.07916270685e-05
2016,Scotland,4,7.4,7,LGV,Rural (not London),0.000313065102091,2.01539987756e-05,1.6228934328e-05
2016,Scotland,4,7.4,7,LPG Cars,Rural (not London),1.13888891065e-05,5.71936288907e-06,3.26255030814e-06
2016,Scotland,4,7.4,7,LPG LGV,Rural (not London),2.83398512693e-05,7.67369783716e-06,4.3726486183e-06
2016,Scotland,4,7.4,7,Motorcycle,Rural (not London),2.31552621699e-05,3.24010852637e-06,2.11119868254e-06
2016,Scotland,4,7.4,7,Petrol Car,Rural (not London),3.69605913875e-05,5.72332464799e-06,3.26631379721e-06
2016,Scotland,4,7.4,7,Plug-In Hybrid Petrol Cars,Rural (not London),4.35792571807e-05,5.56090526516e-06,3.11201529257e-06
2016,Scotland,4,7.4,7,Plug-In Hybrid Petrol LGV,Rural (not London),8.46194088808e-05,7.4818176472e-06,4.19036268795e-06
2016,Scotland,4,7.4,7,Rigid HGV,Rural (not London),0.00195652595721,3.89695305785e-05,2.73232362815e-05
2016,Scotland,4,7.4,8,Artic HGV,Rural (not London),0.0031606964767,5.4659525631e-05,4.09213098465e-05
2016,Scotland,4,7.4,8,B100 Artic HGV,Rural (not London),0.00347676617093,5.20167814102e-05,3.84107006539e-05
2016,Scotland,4,7.4,8,B100 Bus,Rural (not London),0.00270971097052,3.94125854655e-05,2.78007009911e-05
2016,Scotland,4,7.4,8,B100 Coach,Rural (not London),0.0041058328934,5.66068811167e-05,4.41352822236e-05
2016,Scotland,4,7.4,8,B100 Rigid HGV,Rural (not London),0.00215217843652,3.73728144041e-05,2.5806355552e-05
2016,Scotland,4,7.4,8,Battery EV Cars,Rural (not London),0.0,5.50764480067e-06,3.06141782858e-06
2016,Scotland,4,7.4,8,Battery EV LGV,Rural (not London),0.0,7.46197929402e-06,4.17151613874e-06
2016,Scotland,4,7.4,8,Biogas Bus,Rural (not London),0.00069444446126,2.41506240855e-05,1.33018365887e-05
2016,Scotland,4,7.4,8,Biomethane Bus,Rural (not London),0.00069444446126,2.41506240855e-05,1.33018365887e-05
2016,Scotland,4,7.4,8,Bus and Coach,Rural (not London),0.00281874998473,4.42405726062e-05,3.23872882291e-05
2016,Scotland,4,7.4,8,CNG Bus,Rural (not London),0.00069444446126,2.41506240855e-05,1.33018365887e-05
2016,Scotland,4,7.4,8,Diesel Car,Rural (not London),0.000255899998592,1.38758414323e-05,1.10112050606e-05
2016,Scotland,4,7.4,8,E85 Bioethanol Cars,Rural (not London),3.6473851651e-05,5.68018867853e-06,3.22533469443e-06
2016,Scotland,4,7.4,8,E85 Bioethanol LGV,Rural (not London),3.32984382112e-05,7.63452317187e-06,4.3354330046e-06
2016,Scotland,4,7.4,8,FCEV Bus,Rural (not London),0.0,2.27617347264e-05,1.1982392607e-05
2016,Scotland,4,7.4,8,FCEV Cars,Rural (not London),0.0,5.50764480067e-06,3.06141782858e-06
2016,Scotland,4,7.4,8,FCEV LGV,Rural (not London),0.0,7.46197929402e-06,4.17151613874e-06
2016,Scotland,4,7.4,8,Full Hybrid Diesel Cars,Rural (not London),0.00027608484379,1.57127633429e-05,1.27562807393e-05
2016,Scotland,4,7.4,8,Full Hybrid Petrol Cars,Rural (not London),1.82369258255e-05,5.72332464799e-06,3.26631379721e-06
2016,Scotland,4,7.4,8,Full Hybrid Petrol LGV,Rural (not London),1.3415158719e-05,7.67369783716e-06,4.3726486183e-06
2016,Scotland,4,7.4,8,Hybrid Bus,Rural (not London),0.00274155149236,4.25609287049e-05,3.07916270685e-05
2016,Scotland,4,7.4,8,LGV,Rural (not London),0.000313061696943,2.01539987756e-05,1.6228934328e-05
2016,Scotland,4,7.4,8,LPG Cars,Rural (not London),1.13888891065e-05,5.71936288907e-06,3.26255030814e-06
2016,Scotland,4,7.4,8,LPG LGV,Rural (not London),2.83398512693e-05,7.67369783716e-06,4.3726486183e-06
2016,Scotland,4,7.4,8,Motorcycle,Rural (not London),2.31552621699e-05,3.24010852637e-06,2.11119868254e-06
2016,Scotland,4,7.4,8,Petrol Car,Rural (not London),3.6473851651e-05,5.72332464799e-06,3.26631379721e-06
2016,Scotland,4,7.4,8,Plug-In Hybrid Petrol Cars,Rural (not London),4.35792571807e-05,5.56090526516e-06,3.11201529257e-06
2016,Scotland,4,7.4,8,Plug-In Hybrid Petrol LGV,Rural (not London),8.46194088808e-05,7.4811741797e-06,4.18975105276e-06
2016,Scotland,4,7.4,8,Rigid HGV,Rural (not London),0.00195652595721,3.89695305785e-05,2.73232362815e-05
2016,Scotland,4,7.4,9,Artic HGV,Rural (not London),0.0031606964767,5.4659525631e-05,4.09213098465e-05
2016,Scotland,4,7.4,9,B100 Artic HGV,Rural (not London),0.00347676617093,5.20167814102e-05,3.84107006539e-05
2016,Scotland,4,7.4,9,B100 Bus,Rural (not London),0.00270971097052,3.94125854655e-05,2.78007009911e-05
2016,Scotland,4,7.4,9,B100 Coach,Rural (not London),0.0041058328934,5.66068811167e-05,4.41352822236e-05
2016,Scotland,4,7.4,9,B100 Rigid HGV,Rural (not London),0.00215217843652,3.73728144041e-05,2.5806355552e-05
2016,Scotland,4,7.4,9,Battery EV Cars,Rural (not London),0.0,5.50764480067e-06,3.06141782858e-06
2016,Scotland,4,7.4,9,Battery EV LGV,Rural (not London),0.0,7.46197929402e-06,4.17151613874e-06
2016,Scotland,4,7.4,9,Biogas Bus,Rural (not London),0.00069444446126,2.41506240855e-05,1.33018365887e-05
2016,Scotland,4,7.4,9,Biomethane Bus,Rural (not London),0.00069444446126,2.41506240855e-05,1.33018365887e-05
2016,Scotland,4,7.4,9,Bus and Coach,Rural (not London),0.00281874998473,4.42405726062e-05,3.23872882291e-05
2016,Scotland,4,7.4,9,CNG Bus,Rural (not London),0.00069444446126,2.41506240855e-05,1.33018365887e-05
2016,Scotland,4,7.4,9,Diesel Car,Rural (not London),0.000255899998592,1.38758414323e-05,1.10112050606e-05
2016,Scotland,4,7.4,9,E85 Bioethanol Cars,Rural (not London),3.59918049071e-05,5.68018867853e-06,3.22533469443e-06
2016,Scotland,4,7.4,9,E85 Bioethanol LGV,Rural (not London),3.31951014232e-05,7.63452317187e-06,4.3354330046e-06
2016,Scotland,4,7.4,9,FCEV Bus,Rural (not London),0.0,2.27617347264e-05,1.1982392607e-05
2016,Scotland,4,7.4,9,FCEV Cars,Rural (not London),0.0,5.50764480067e-06,3.06141782858e-06
2016,Scotland,4,7.4,9,FCEV LGV,Rural (not London),0.0,7.46197929402e-06,4.17151613874e-06
2016,Scotland,4,7.4,9,Full Hybrid Diesel Cars,Rural (not London),0.00027608484379,1.57127633429e-05,1.27562807393e-05
2016,Scotland,4,7.4,9,Full Hybrid Petrol Cars,Rural (not London),1.79959024535e-05,5.72332464799e-06,3.26631379721e-06
2016,Scotland,4,7.4,9,Full Hybrid Petrol LGV,Rural (not London),1.33628445838e-05,7.67369783716e-06,4.3726486183e-06
2016,Scotland,4,7.4,9,Hybrid Bus,Rural (not London),0.00250743003562,4.25609287049e-05,3.07916270685e-05
2016,Scotland,4,7.4,9,LGV,Rural (not London),0.000313058291795,2.01539987756e-05,1.6228934328e-05
2016,Scotland,4,7.4,9,LPG Cars,Rural (not London),1.13888891065e-05,5.71936288907e-06,3.26255030814e-06
2016,Scotland,4,7.4,9,LPG LGV,Rural (not London),2.83398512693e-05,7.67369783716e-06,4.3726486183e-06
2016,Scotland,4,7.4,9,Motorcycle,Rural (not London),2.31552621699e-05,3.24010852637e-06,2.11119868254e-06
2016,Scotland,4,7.4,9,Petrol Car,Rural (not London),3.59918049071e-05,5.72332464799e-06,3.26631379721e-06
2016,Scotland,4,7.4,9,Plug-In Hybrid Petrol Cars,Rural (not London),4.35792571807e-05,5.56090526516e-06,3.11201529257e-06
2016,Scotland,4,7.4,9,Plug-In Hybrid Petrol LGV,Rural (not London),8.46194088808e-05,7.48062757339e-06,4.18923218604e-06
2016,Scotland,4,7.4,9,Rigid HGV,Rural (not London),0.00195652595721,3.89695305785e-05,2.73232362815e-05
2016,Scotland,4,7.4,10,Artic HGV,Rural (not London),0.0031606964767,5.4659525631e-05,4.09213098465e-05
2016,Scotland,4,7.4,10,B100 Artic HGV,Rural (not London),0.00347676617093,5.20167814102e-05,3.84107006539e-05
2016,Scotland,4,7.4,10,B100 Bus,Rural (not London),0.00270971097052,3.94125854655e-05,2.78007009911e-05
2016,Scotland,4,7.4,10,B100 Coach,Rural (not London),0.0041058328934,5.66068811167e-05,4.41352822236e-05
2016,Scotland,4,7.4,10,B100 Rigid HGV,Rural (not London),0.00215217843652,3.73728144041e-05,2.5806355552e-05
2016,Scotland,4,7.4,10,Battery EV Cars,Rural (not London),0.0,5.50764480067e-06,3.06141782858e-06
2016,Scotland,4,7.4,10,Battery EV LGV,Rural (not London),0.0,7.46197929402e-06,4.17151613874e-06
2016,Scotland,4,7.4,10,Biogas Bus,Rural (not London),0.00069444446126,2.41506240855e-05,1.33018365887e-05
2016,Scotland,4,7.4,10,Biomethane Bus,Rural (not London),0.00069444446126,2.41506240855e-05,1.33018365887e-05
2016,Scotland,4,7.4,10,Bus and Coach,Rural (not London),0.00281874998473,4.42405726062e-05,3.23872882291e-05
2016,Scotland,4,7.4,10,CNG Bus,Rural (not London),0.00069444446126,2.41506240855e-05,1.33018365887e-05
2016,Scotland,4,7.4,10,Diesel Car,Rural (not London),0.000255899998592,1.38758414323e-05,1.10112050606e-05
2016,Scotland,4,7.4,10,E85 Bioethanol Cars,Rural (not London),3.55144475179e-05,5.68018867853e-06,3.22533469443e-06
2016,Scotland,4,7.4,10,E85 Bioethanol LGV,Rural (not London),3.30927687173e-05,7.63452317187e-06,4.3354330046e-06
2016,Scotland,4,7.4,10,FCEV Bus,Rural (not London),0.0,2.27617347264e-05,1.1982392607e-05
2016,Scotland,4,7.4,10,FCEV Cars,Rural (not London),0.0,5.50764480067e-06,3.06141782858e-06
2016,Scotland,4,7.4,10,FCEV LGV,Rural (not London),0.0,7.46197929402e-06,4.17151613874e-06
2016,Scotland,4,7.4,10,Full Hybrid Diesel Cars,Rural (not London),0.00027608484379,1.57127633429e-05,1.27562807393e-05
2016,Scotland,4,7.4,10,Full Hybrid Petrol Cars,Rural (not London),1.7757223759e-05,5.72332464799e-06,3.26631379721e-06
2016,Scotland,4,7.4,10,Full Hybrid Petrol LGV,Rural (not London),1.3311038856e-05,7.67369783716e-06,4.3726486183e-06
2016,Scotland,4,7.4,10,Hybrid Bus,Rural (not London),0.00231695338152,4.25609287049e-05,3.07916270685e-05
2016,Scotland,4,7.4,10,LGV,Rural (not London),0.000313054944854,2.01539987756e-05,1.6228934328e-05
2016,Scotland,4,7.4,10,LPG Cars,Rural (not London),1.13888891065e-05,5.71936288907e-06,3.26255030814e-06
2016,Scotland,4,7.4,10,LPG LGV,Rural (not London),2.83398512693e-05,7.67369783716e-06,4.3726486183e-06
2016,Scotland,4,7.4,10,Motorcycle,Rural (not London),2.31552621699e-05,3.24010852637e-06,2.11119868254e-06
2016,Scotland,4,7.4,10,Petrol Car,Rural (not London),3.55144475179e-05,5.72332464799e-06,3.26631379721e-06
2016,Scotland,4,7.4,10,Plug-In Hybrid Petrol Cars,Rural (not London),4.35792571807e-05,5.56090526516e-06,3.11201529257e-06
2016,Scotland,4,7.4,10,Plug-In Hybrid Petrol LGV,Rural (not London),8.46194088808e-05,7.48017964725e-06,4.18880608777e-06
2016,Scotland,4,7.4,10,Rigid HGV,Rural (not London),0.00195652595721,3.89695305785e-05,2.73232362815e-05
2016,Scotland,4,7.4,12,Artic HGV,Rural (not London),0.0031606964767,5.4659525631e-05,4.09213098465e-05
2016,Scotland,4,7.4,12,B100 Artic HGV,Rural (not London),0.00347676617093,5.20167814102e-05,3.84107006539e-05
2016,Scotland,4,7.4,12,B100 Bus,Rural (not London),0.00256929779425,3.86917163269e-05,2.71158733085e-05
2016,Scotland,4,7.4,12,B100 Coach,Rural (not London),0.0041058328934,5.46000555914e-05,4.22287957917e-05
2016,Scotland,4,7.4,12,B100 Rigid HGV,Rural (not London),0.00215217843652,3.73728144041e-05,2.5806355552e-05
2016,Scotland,4,7.4,12,Battery EV Cars,Rural (not London),0.0,5.50764480067e-06,3.06141782858e-06
2016,Scotland,4,7.4,12,Battery EV LGV,Rural (not London),0.0,7.46197929402e-06,4.17151613874e-06
2016,Scotland,4,7.4,12,Biogas Bus,Rural (not London),0.00069444446126,2.41506240855e-05,1.33018365887e-05
2016,Scotland,4,7.4,12,Biomethane Bus,Rural (not London),0.00069444446126,2.41506240855e-05,1.33018365887e-05
2016,Scotland,4,7.4,12,Bus and Coach,Rural (not London),0.00272684334777,4.36638729298e-05,3.18394231726e-05
2016,Scotland,4,7.4,12,CNG Bus,Rural (not London),0.00069444446126,2.41506240855e-05,1.33018365887e-05
2016,Scotland,4,7.4,12,Diesel Car,Rural (not London),0.000246513780439,1.36821490742e-05,1.08271970021e-05
2016,Scotland,4,7.4,12,E85 Bioethanol Cars,Rural (not London),3.46225278918e-05,5.68018867853e-06,3.22533469443e-06
2016,Scotland,4,7.4,12,E85 Bioethanol LGV,Rural (not London),3.25074870489e-05,7.63452317187e-06,4.3354330046e-06
2016,Scotland,4,7.4,12,FCEV Bus,Rural (not London),0.0,2.27617347264e-05,1.1982392607e-05
2016,Scotland,4,7.4,12,FCEV Cars,Rural (not London),0.0,5.50764480067e-06,3.06141782858e-06
2016,Scotland,4,7.4,12,FCEV LGV,Rural (not London),0.0,7.46197929402e-06,4.17151613874e-06
2016,Scotland,4,7.4,12,Full Hybrid Diesel Cars,Rural (not London),0.000260619359324,1.54765530169e-05,1.2531880202e-05
2016,Scotland,4,7.4,12,Full Hybrid Petrol Cars,Rural (not London),1.73112639459e-05,5.72332464799e-06,3.26631379721e-06
2016,Scotland,4,7.4,12,Full Hybrid Petrol LGV,Rural (not London),1.29564023155e-05,7.67369783716e-06,4.3726486183e-06
2016,Scotland,4,7.4,12,Hybrid Bus,Rural (not London),0.00201882841066,4.05311038776e-05,2.8863292755e-05
2016,Scotland,4,7.4,12,LGV,Rural (not London),0.000303386826999,1.95079283003e-05,1.56151691044e-05
2016,Scotland,4,7.4,12,LPG Cars,Rural (not London),1.13888891065e-05,5.71936288907e-06,3.26255030814e-06
2016,Scotland,4,7.4,12,LPG LGV,Rural (not London),2.74481481028e-05,7.67369783716e-06,4.3726486183e-06
2016,Scotland,4,7.4,12,Motorcycle,Rural (not London),2.18147015403e-05,3.24010852637e-06,2.11119868254e-06
2016,Scotland,4,7.4,12,Petrol Car,Rural (not London),3.46225278918e-05,5.72332464799e-06,3.26631379721e-06
2016,Scotland,4,7.4,12,Plug-In Hybrid Petrol Cars,Rural (not London),4.39739524154e-05,5.56090526516e-06,3.11201529257e-06
2016,Scotland,4,7.4,12,Plug-In Hybrid Petrol LGV,Rural (not London),8.60859145178e-05,7.47915555621e-06,4.18783338318e-06
2016,Scotland,4,7.4,12,Rigid HGV,Rural (not London),0.00195652595721,3.89695305785e-05,2.73232362815e-05
2016,Scotland,4,7.4,14,Artic HGV,Rural (not London),0.00298568839207,5.2571114793e-05,3.89373199141e-05
2016,Scotland,4,7.4,14,B100 Artic HGV,Rural (not London),0.00328425713815,5.01372123836e-05,3.66251115338e-05
2016,Scotland,4,7.4,14,B100 Bus,Rural (not London),0.00234537944198,3.74562259822e-05,2.59421594819e-05
2016,Scotland,4,7.4,14,B100 Coach,Rural (not London),0.00364892464131,5.10197496624e-05,3.88275038858e-05
2016,Scotland,4,7.4,14,B100 Rigid HGV,Rural (not London),0.0019918307662,3.62534119631e-05,2.4742923415e-05
2016,Scotland,4,7.4,14,Battery EV Cars,Rural (not London),0.0,5.50764480067e-06,3.06141782858e-06
2016,Scotland,4,7.4,14,Battery EV LGV,Rural (not London),0.0,7.46197929402e-06,4.17151613874e-06
2016,Scotland,4,7.4,14,Biogas Bus,Rural (not London),0.00069444446126,2.41506240855e-05,1.33018365887e-05
2016,Scotland,4,7.4,14,Biomethane Bus,Rural (not London),0.00069444446126,2.41506240855e-05,1.33018365887e-05
2016,Scotland,4,7.4,14,Bus and Coach,Rural (not London),0.00246397475712,4.18251001975e-05,3.00925912597e-05
2016,Scotland,4,7.4,14,CNG Bus,Rural (not London),0.00069444446126,2.41506240855e-05,1.33018365887e-05
2016,Scotland,4,7.4,14,Diesel Car,Rural (not London),0.000237457337789,1.3494286577e-05,1.06487277662e-05
2016,Scotland,4,7.4,14,E85 Bioethanol Cars,Rural (not London),3.37521851179e-05,5.68018867853e-06,3.22533469443e-06
2016,Scotland,4,7.4,14,E85 Bioethanol LGV,Rural (not London),3.19470891554e-05,7.63452317187e-06,4.3354330046e-06
2016,Scotland,4,7.4,14,FCEV Bus,Rural (not London),0.0,2.27617347264e-05,1.1982392607e-05
2016,Scotland,4,7.4,14,FCEV Cars,Rural (not London),0.0,5.50764480067e-06,3.06141782858e-06
2016,Scotland,4,7.4,14,FCEV LGV,Rural (not London),0.0,7.46197929402e-06,4.17151613874e-06
2016,Scotland,4,7.4,14,Full Hybrid Diesel Cars,Rural (not London),0.000248000113061,1.5247452211e-05,1.23142344819e-05
2016,Scotland,4,7.4,14,Full Hybrid Petrol Cars,Rural (not London),1.6876092559e-05,5.72332464799e-06,3.26631379721e-06
2016,Scotland,4,7.4,14,Full Hybrid Petrol LGV,Rural (not London),1.261419402e-05,7.67369783716e-06,4.3726486183e-06
2016,Scotland,4,7.4,14,Hybrid Bus,Rural (not London),0.00179031398147,3.89583037759e-05,2.73691330221e-05
2016,Scotland,4,7.4,14,LGV,Rural (not London),0.000294069730444,1.88914891623e-05,1.50295509229e-05
2016,Scotland,4,7.4,14,LPG Cars,Rural (not London),1.13888891065e-05,5.71936288907e-06,3.26255030814e-06
2016,Scotland,4,7.4,14,LPG LGV,Rural (not London),2.65886956186e-05,7.67369783716e-06,4.3726486183e-06
2016,Scotland,4,7.4,14,Motorcycle,Rural (not London),2.06322310987e-05,3.24010852637e-06,2.11119868254e-06
2016,Scotland,4,7.4,14,Petrol Car,Rural (not London),3.37521851179e-05,5.72332464799e-06,3.26631379721e-06
2016,Scotland,4,7.4,14,Plug-In Hybrid Petrol Cars,Rural (not London),4.43914141215e-05,5.56090526516e-06,3.11201529257e-06
2016,Scotland,4,7.4,14,Plug-In Hybrid Petrol LGV,Rural (not London),8.75659025041e-05,7.4784456956e-06,4.18715944761e-06
2016,Scotland,4,7.4,14,Rigid HGV,Rural (not London),0.00181075523142,3.77257456421e-05,2.61416425928e-05
2016,Scotland,4,7.4,16,Artic HGV,Rural (not London),0.00282838009298,5.08233242726e-05,3.72769172827e-05
2016,Scotland,4,7.4,16,B100 Artic HGV,Rural (not London),0.00311121810228,4.85642012791e-05,3.51307498931e-05
2016,Scotland,4,7.4,16,B100 Bus,Rural (not London),0.002172566019,3.64339502994e-05,2.49709955824e-05
2016,Scotland,4,7.4,16,B100 Coach,Rural (not London),0.00329387164675,4.82469258714e-05,3.61933234672e-05
2016,Scotland,4,7.4,16,B100 Rigid HGV,Rural (not London),0.00186038098764,3.53283212462e-05,2.38640859607e-05
2016,Scotland,4,7.4,16,Battery EV Cars,Rural (not London),0.0,5.50764480067e-06,3.06141782858e-06
2016,Scotland,4,7.4,16,Battery EV LGV,Rural (not London),0.0,7.46197929402e-06,4.17151613874e-06
2016,Scotland,4,7.4,16,Biogas Bus,Rural (not London),0.00069444446126,2.41506240855e-05,1.33018365887e-05
2016,Scotland,4,7.4,16,Biomethane Bus,Rural (not London),0.00069444446126,2.41506240855e-05,1.33018365887e-05
2016,Scotland,4,7.4,16,Bus and Coach,Rural (not London),0.0022604833357,4.03310586989e-05,2.86732501991e-05
2016,Scotland,4,7.4,16,CNG Bus,Rural (not London),0.00069444446126,2.41506240855e-05,1.33018365887e-05
2016,Scotland,4,7.4,16,Diesel Car,Rural (not London),0.000228730670642,1.33122548505e-05,1.04757973531e-05
2016,Scotland,4,7.4,16,E85 Bioethanol Cars,Rural (not London),3.29034155584e-05,5.68018867853e-06,3.22533469443e-06
2016,Scotland,4,7.4,16,E85 Bioethanol LGV,Rural (not London),3.14115750371e-05,7.63452317187e-06,4.3354330046e-06
2016,Scotland,4,7.4,16,FCEV Bus,Rural (not London),0.0,2.27617347264e-05,1.1982392607e-05
2016,Scotland,4,7.4,16,FCEV Cars,Rural (not London),0.0,5.50764480067e-06,3.06141782858e-06
2016,Scotland,4,7.4,16,FCEV LGV,Rural (not London),0.0,7.46197929402e-06,4.17151613874e-06
2016,Scotland,4,7.4,16,Full Hybrid Diesel Cars,Rural (not London),0.00023726055224,1.50254618347e-05,1.21033435789e-05
2016,Scotland,4,7.4,16,Full Hybrid Petrol Cars,Rural (not London),1.64517077792e-05,5.72332464799e-06,3.26631379721e-06
2016,Scotland,4,7.4,16,Full Hybrid Petrol LGV,Rural (not London),1.22844139696e-05,7.67369783716e-06,4.3726486183e-06
2016,Scotland,4,7.4,16,Hybrid Bus,Rural (not London),0.00160647102166,3.77022042812e-05,2.61758377746e-05
2016,Scotland,4,7.4,16,LGV,Rural (not London),0.000285103655187,1.83046795428e-05,1.44720806929e-05
2016,Scotland,4,7.4,16,LPG Cars,Rural (not London),1.13888891065e-05,5.71936288907e-06,3.26255030814e-06
2016,Scotland,4,7.4,16,LPG LGV,Rural (not London),2.57614956354e-05,7.67369783716e-06,4.3726486183e-06
2016,Scotland,4,7.4,16,Motorcycle,Rural (not London),1.95966294996e-05,3.24010852637e-06,2.11119868254e-06
2016,Scotland,4,7.4,16,Petrol Car,Rural (not London),3.29034155584e-05,5.72332464799e-06,3.26631379721e-06
2016,Scotland,4,7.4,16,Plug-In Hybrid Petrol Cars,Rural (not London),4.48316495749e-05,5.56090526516e-06,3.11201529257e-06
2016,Scotland,4,7.4,16,Plug-In Hybrid Petrol LGV,Rural (not London),8.905937284e-05,7.47797821532e-06,4.18671515945e-06
2016,Scotland,4,7.4,16,Rigid HGV,Rural (not London),0.00169125548564,3.6697867472e-05,2.51651581493e-05
2016,Scotland,4,7.4,18,Artic HGV,Rural (not London),0.00268613407388,4.93400475534e-05,3.58678043995e-05
2016,Scotland,4,7.4,18,B100 Artic HGV,Rural (not London),0.00295474752784,4.72292485938e-05,3.3862546843e-05
2016,Scotland,4,7.4,18,B100 Bus,Rural (not London),0.00203364691697,3.55730626325e-05,2.41531542997e-05
2016,Scotland,4,7.4,18,B100 Coach,Rural (not London),0.00301014259458,4.6032051614e-05,3.40891929227e-05
2016,Scotland,4,7.4,18,B100 Rigid HGV,Rural (not London),0.00175040843897,3.4550736018e-05,2.312538345e-05
2016,Scotland,4,7.4,18,Battery EV Cars,Rural (not London),0.0,5.50764480067e-06,3.06141782858e-06
2016,Scotland,4,7.4,18,Battery EV LGV,Rural (not London),0.0,7.46197929402e-06,4.17151613874e-06
2016,Scotland,4,7.4,18,Biogas Bus,Rural (not London),0.00069444446126,2.41506240855e-05,1.33018365887e-05
2016,Scotland,4,7.4,18,Biomethane Bus,Rural (not London),0.00069444446126,2.41506240855e-05,1.33018365887e-05
2016,Scotland,4,7.4,18,Bus and Coach,Rural (not London),0.00209733238444,3.90920395148e-05,2.7496182156e-05
2016,Scotland,4,7.4,18,CNG Bus,Rural (not London),0.00069444446126,2.41506240855e-05,1.33018365887e-05
2016,Scotland,4,7.4,18,Diesel Car,Rural (not London),0.000220333778998,1.31360529849e-05,1.03084057628e-05
2016,Scotland,4,7.4,18,E85 Bioethanol Cars,Rural (not London),3.20762192132e-05,5.68018867853e-06,3.22533469443e-06
2016,Scotland,4,7.4,18,E85 Bioethanol LGV,Rural (not London),3.09009446937e-05,7.63452317187e-06,4.3354330046e-06
2016,Scotland,4,7.4,18,FCEV Bus,Rural (not London),0.0,2.27617347264e-05,1.1982392607e-05
2016,Scotland,4,7.4,18,FCEV Cars,Rural (not London),0.0,5.50764480067e-06,3.06141782858e-06
2016,Scotland,4,7.4,18,FCEV LGV,Rural (not London),0.0,7.46197929402e-06,4.17151613874e-06
2016,Scotland,4,7.4,18,Full Hybrid Diesel Cars,Rural (not London),0.000227859200095,1.4810581888e-05,1.18992074931e-05
2016,Scotland,4,7.4,18,Full Hybrid Petrol Cars,Rural (not London),1.60381096066e-05,5.72332464799e-06,3.26631379721e-06
2016,Scotland,4,7.4,18,Full Hybrid Petrol LGV,Rural (not London),1.19670639833e-05,7.67369783716e-06,4.3726486183e-06
2016,Scotland,4,7.4,18,Hybrid Bus,Rural (not London),0.00145406892989,3.6672794522e-05,2.51978981396e-05
2016,Scotland,4,7.4,18,LGV,Rural (not London),0.00027648860123,1.77474994416e-05,1.3942759324e-05
2016,Scotland,4,7.4,18,LPG Cars,Rural (not London),1.13888891065e-05,5.71936288907e-06,3.26255030814e-06
2016,Scotland,4,7.4,18,LPG LGV,Rural (not London),2.49665463343e-05,7.67369783716e-06,4.3726486183e-06
2016,Scotland,4,7.4,18,Motorcycle,Rural (not London),1.86975339602e-05,3.24010852637e-06,2.11119868254e-06
2016,Scotland,4,7.4,18,Petrol Car,Rural (not London),3.20762192132e-05,5.72332464799e-06,3.26631379721e-06
2016,Scotland,4,7.4,18,Plug-In Hybrid Petrol Cars,Rural (not London),4.52946551377e-05,5.56090526516e-06,3.11201529257e-06
2016,Scotland,4,7.4,18,Plug-In Hybrid Petrol LGV,Rural (not London),9.05663255253e-05,7.47769990994e-06,4.18645049649e-06
2016,Scotland,4,7.4,18,Rigid HGV,Rural (not London),0.00159128033556,3.5833887523e-05,2.43443755608e-05
2016,Scotland,4,7.4,20,Artic HGV,Rural (not London),0.00255711190403,4.80663074995e-05,3.46577508026e-05
2016,Scotland,4,7.4,20,B100 Artic HGV,Rural (not London),0.00281282304786,4.60828850919e-05,3.27734996972e-05
2016,Scotland,4,7.4,20,B100 Bus,Rural (not London),0.0019186596619,3.48378525814e-05,2.34547042055e-05
2016,Scotland,4,7.4,20,B100 Coach,Rural (not London),0.00277844956145,4.42197051598e-05,3.23674612446e-05
2016,Scotland,4,7.4,20,B100 Rigid HGV,Rural (not London),0.00165705161635,3.388812911e-05,2.24959057959e-05
2016,Scotland,4,7.4,20,Battery EV Cars,Rural (not London),0.0,5.50764480067e-06,3.06141782858e-06
2016,Scotland,4,7.4,20,Battery EV LGV,Rural (not London),0.0,7.46197929402e-06,4.17151613874e-06
2016,Scotland,4,7.4,20,Biogas Bus,Rural (not London),0.00069444446126,2.41506240855e-05,1.33018365887e-05
2016,Scotland,4,7.4,20,Biomethane Bus,Rural (not London),0.00069444446126,2.41506240855e-05,1.33018365887e-05
2016,Scotland,4,7.4,20,Bus and Coach,Rural (not London),0.00196309178136,3.80475721613e-05,2.65039379883e-05
2016,Scotland,4,7.4,20,CNG Bus,Rural (not London),0.00069444446126,2.41506240855e-05,1.33018365887e-05
2016,Scotland,4,7.4,20,Diesel Car,Rural (not London),0.000212266662857,1.29656818899e-05,1.01465529951e-05
2016,Scotland,4,7.4,20,E85 Bioethanol Cars,Rural (not London),3.11674411932e-05,5.68018867853e-06,3.22533469443e-06
2016,Scotland,4,7.4,20,E85 Bioethanol LGV,Rural (not London),3.02376465697e-05,7.63452317187e-06,4.3354330046e-06
2016,Scotland,4,7.4,20,FCEV Bus,Rural (not London),0.0,2.27617347264e-05,1.1982392607e-05
2016,Scotland,4,7.4,20,FCEV Cars,Rural (not London),0.0,5.50764480067e-06,3.06141782858e-06
2016,Scotland,4,7.4,20,FCEV LGV,Rural (not London),0.0,7.46197929402e-06,4.17151613874e-06
2016,Scotland,4,7.4,20,Full Hybrid Diesel Cars,Rural (not London),0.000219467459829,1.46028114614e-05,1.17018262245e-05
2016,Scotland,4,7.4,20,Full Hybrid Petrol Cars,Rural (not London),1.55837205966e-05,5.72332464799e-06,3.26631379721e-06
2016,Scotland,4,7.4,20,Full Hybrid Petrol LGV,Rural (not London),1.15722568808e-05,7.67369783716e-06,4.3726486183e-06
2016,Scotland,4,7.4,20,Hybrid Bus,Rural (not London),0.00132508785464,3.5810713598e-05,2.43789218075e-05
2016,Scotland,4,7.4,20,LGV,Rural (not London),0.000268218747806,1.72199470398e-05,1.34415859065e-05
2016,Scotland,4,7.4,20,LPG Cars,Rural (not London),1.13888891065e-05,5.71936288907e-06,3.26255030814e-06
2016,Scotland,4,7.4,20,LPG LGV,Rural (not London),2.42038495344e-05,7.67369783716e-06,4.3726486183e-06
2016,Scotland,4,7.4,20,Motorcycle,Rural (not London),1.79253984243e-05,3.24010852637e-06,2.11119868254e-06
2016,Scotland,4,7.4,20,Petrol Car,Rural (not London),3.11674411932e-05,5.72332464799e-06,3.26631379721e-06
2016,Scotland,4,7.4,20,Plug-In Hybrid Petrol Cars,Rural (not London),4.57804308098e-05,5.56090526516e-06,3.11201529257e-06
2016,Scotland,4,7.4,20,Plug-In Hybrid Petrol LGV,Rural (not London),9.2086767836e-05,7.47757349018e-06,4.18633044319e-06
2016,Scotland,4,7.4,20,Rigid HGV,Rural (not London),0.00150641053915,3.50976588379e-05,2.36449577642e-05
2016,Scotland,4,7.4,25,Artic HGV,Rural (not London),0.00228407303803,4.55553199572e-05,3.22723135469e-05
2016,Scotland,4,7.4,25,B100 Artic HGV,Rural (not London),0.00251248036511,4.38229944848e-05,3.06266047119e-05
2016,Scotland,4,7.4,25,B100 Bus,Rural (not London),0.00169982505031,3.33977150149e-05,2.20865731535e-05
2016,Scotland,4,7.4,25,B100 Coach,Rural (not London),0.00235202442855,4.08561863878e-05,2.91721207759e-05
2016,Scotland,4,7.4,25,B100 Rigid HGV,Rural (not London),0.00147653522436,3.25954933942e-05,2.12679024116e-05
2016,Scotland,4,7.4,25,Battery EV Cars,Rural (not London),0.0,5.50764480067e-06,3.06141782858e-06
2016,Scotland,4,7.4,25,Battery EV LGV,Rural (not London),0.0,7.46197929402e-06,4.17151613874e-06
2016,Scotland,4,7.4,25,Biogas Bus,Rural (not London),0.00069444446126,2.41506240855e-05,1.33018365887e-05
2016,Scotland,4,7.4,25,Biomethane Bus,Rural (not London),0.00069444446126,2.41506240855e-05,1.33018365887e-05
2016,Scotland,4,7.4,25,Bus and Coach,Rural (not London),0.00171130988747,3.60370759154e-05,2.45939645538e-05
2016,Scotland,4,7.4,25,CNG Bus,Rural (not London),0.00069444446126,2.41506240855e-05,1.33018365887e-05
2016,Scotland,4,7.4,25,Diesel Car,Rural (not London),0.000193541665794,1.2565261386e-05,9.76615410764e-06
2016,Scotland,4,7.4,25,E85 Bioethanol Cars,Rural (not London),2.87822913378e-05,5.68018867853e-06,3.22533469443e-06
2016,Scotland,4,7.4,25,E85 Bioethanol LGV,Rural (not London),2.83092776954e-05,7.63452317187e-06,4.3354330046e-06
2016,Scotland,4,7.4,25,FCEV Bus,Rural (not London),0.0,2.27617347264e-05,1.1982392607e-05
2016,Scotland,4,7.4,25,FCEV Cars,Rural (not London),0.0,5.50764480067e-06,3.06141782858e-06
2016,Scotland,4,7.4,25,FCEV LGV,Rural (not London),0.0,7.46197929402e-06,4.17151613874e-06
2016,Scotland,4,7.4,25,Full Hybrid Diesel Cars,Rural (not London),0.000201674178243,1.4114494661e-05,1.12379248094e-05
2016,Scotland,4,7.4,25,Full Hybrid Petrol Cars,Rural (not London),1.43911456689e-05,5.72332464799e-06,3.26631379721e-06
2016,Scotland,4,7.4,25,Full Hybrid Petrol LGV,Rural (not London),1.0447751265e-05,7.67369783716e-06,4.3726486183e-06
2016,Scotland,4,7.4,25,Hybrid Bus,Rural (not London),0.00107416033279,3.41514169122e-05,2.28025910474e-05
2016,Scotland,4,7.4,25,LGV,Rural (not London),0.000249067437835,1.60306990438e-05,1.23117997646e-05
2016,Scotland,4,7.4,25,LPG Cars,Rural (not London),1.13888891065e-05,5.71936288907e-06,3.26255030814e-06
2016,Scotland,4,7.4,25,LPG LGV,Rural (not London),2.24382092711e-05,7.67369783716e-06,4.3726486183e-06
2016,Scotland,4,7.4,25,Motorcycle,Rural (not London),1.64949306054e-05,3.24010852637e-06,2.11119868254e-06
2016,Scotland,4,7.4,25,Petrol Car,Rural (not London),2.87822913378e-05,5.72332464799e-06,3.26631379721e-06
2016,Scotland,4,7.4,25,Plug-In Hybrid Petrol Cars,Rural (not London),4.70944942208e-05,5.56090526516e-06,3.11201529257e-06
2016,Scotland,4,7.4,25,Plug-In Hybrid Petrol LGV,Rural (not London),9.59468598012e-05,7.47776084609e-06,4.1865082494e-06
2016,Scotland,4,7.4,25,Rigid HGV,Rural (not London),0.00134230474941,3.36613957188e-05,2.22805083467e-05
2016,Scotland,4,7.4,30,Artic HGV,Rural (not London),0.00207044766285,4.37099879491e-05,3.05192479573e-05
2016,Scotland,4,7.4,30,B100 Artic HGV,Rural (not London),0.00227749231271,4.21621953137e-05,2.9048846045e-05
2016,Scotland,4,7.4,30,B100 Bus,Rural (not London),0.00154223141726,3.23467247654e-05,2.10881335079e-05
2016,Scotland,4,7.4,30,B100 Coach,Rural (not London),0.00206341198646,3.85327002732e-05,2.69648080575e-05
2016,Scotland,4,7.4,30,B100 Rigid HGV,Rural (not London),0.00134882063139,3.16582481901e-05,2.03775180125e-05
2016,Scotland,4,7.4,30,Battery EV Cars,Rural (not London),0.0,5.50764480067e-06,3.06141782858e-06
2016,Scotland,4,7.4,30,Battery EV LGV,Rural (not London),0.0,7.46197929402e-06,4.17151613874e-06
2016,Scotland,4,7.4,30,Biogas Bus,Rural (not London),0.00069444446126,2.41506240855e-05,1.33018365887e-05
2016,Scotland,4,7.4,30,Biomethane Bus,Rural (not London),0.00069444446126,2.41506240855e-05,1.33018365887e-05
2016,Scotland,4,7.4,30,Bus and Coach,Rural (not London),0.00153469271027,3.45979060512e-05,2.32267557294e-05
2016,Scotland,4,7.4,30,CNG Bus,Rural (not London),0.00069444446126,2.41506240855e-05,1.33018365887e-05
2016,Scotland,4,7.4,30,Diesel Car,Rural (not London),0.000176877772901,1.22012806969e-05,9.42037240748e-06
2016,Scotland,4,7.4,30,E85 Bioethanol Cars,Rural (not London),2.66106126219e-05,5.68018867853e-06,3.22533469443e-06
2016,Scotland,4,7.4,30,E85 Bioethanol LGV,Rural (not London),2.66316146735e-05,7.63452317187e-06,4.3354330046e-06
2016,Scotland,4,7.4,30,FCEV Bus,Rural (not London),0.0,2.27617347264e-05,1.1982392607e-05
2016,Scotland,4,7.4,30,FCEV Cars,Rural (not London),0.0,5.50764480067e-06,3.06141782858e-06
2016,Scotland,4,7.4,30,FCEV LGV,Rural (not London),0.0,7.46197929402e-06,4.17151613874e-06
2016,Scotland,4,7.4,30,Full Hybrid Diesel Cars,Rural (not London),0.000187142431969,1.36706157718e-05,1.08162403194e-05
2016,Scotland,4,7.4,30,Full Hybrid Petrol Cars,Rural (not London),1.33053063109e-05,5.72332464799e-06,3.26631379721e-06
2016,Scotland,4,7.4,30,Full Hybrid Petrol LGV,Rural (not London),9.44911244005e-06,7.67369783716e-06,4.3726486183e-06
2016,Scotland,4,7.4,30,Hybrid Bus,Rural (not London),0.000891491537914,3.29449358105e-05,2.16564312723e-05
2016,Scotland,4,7.4,30,LGV,Rural (not London),0.000232113146922,1.50266341734e-05,1.13579390018e-05
2016,Scotland,4,7.4,30,LPG Cars,Rural (not London),1.13888891065e-05,5.71936288907e-06,3.26255030814e-06
2016,Scotland,4,7.4,30,LPG LGV,Rural (not London),2.08741439565e-05,7.67369783716e-06,4.3726486183e-06
2016,Scotland,4,7.4,30,Motorcycle,Rural (not London),1.568870357e-05,3.24010852637e-06,2.11119868254e-06
2016,Scotland,4,7.4,30,Petrol Car,Rural (not London),2.66106126219e-05,5.72332464799e-06,3.26631379721e-06
2016,Scotland,4,7.4,30,Plug-In Hybrid Petrol Cars,Rural (not London),4.85508753627e-05,5.56090526516e-06,3.11201529257e-06
2016,Scotland,4,7.4,30,Plug-In Hybrid Petrol LGV,Rural (not London),9.98912291834e-05,7.47847479943e-06,4.18718673245e-06
2016,Scotland,4,7.4,30,Rigid HGV,Rural (not London),0.00122620060574,3.26200097334e-05,2.1291192752e-05
2016,Scotland,4,7.4,35,Artic HGV,Rural (not London),0.00190549343824,4.23037527071e-05,2.91833239316e-05
2016,Scotland,4,7.4,35,B100 Artic HGV,Rural (not London),0.0020960427355,4.08965825045e-05,2.78465140582e-05
2016,Scotland,4,7.4,35,B100 Bus,Rural (not London),0.00142167741433,3.15510587825e-05,2.03322506422e-05
2016,Scotland,4,7.4,35,B100 Coach,Rural (not London),0.00185771798715,3.68288492609e-05,2.5346151233e-05
2016,Scotland,4,7.4,35,B100 Rigid HGV,Rural (not London),0.00125699397177,3.09537863359e-05,1.97082808882e-05
2016,Scotland,4,7.4,35,Battery EV Cars,Rural (not London),0.0,5.50764480067e-06,3.06141782858e-06
2016,Scotland,4,7.4,35,Battery EV LGV,Rural (not London),0.0,7.46197929402e-06,4.17151613874e-06
2016,Scotland,4,7.4,35,Biogas Bus,Rural (not London),0.00069444446126,2.41506240855e-05,1.33018365887e-05
2016,Scotland,4,7.4,35,Biomethane Bus,Rural (not London),0.00069444446126,2.41506240855e-05,1.33018365887e-05
2016,Scotland,4,7.4,35,Bus and Coach,Rural (not London),0.00140342616942,3.35226141033e-05,2.22052276513e-05
2016,Scotland,4,7.4,35,CNG Bus,Rural (not London),0.00069444446126,2.41506240855e-05,1.33018365887e-05
2016,Scotland,4,7.4,35,Diesel Car,Rural (not London),0.000162274998729,1.1873740732e-05,9.10920880415e-06
2016,Scotland,4,7.4,35,E85 Bioethanol Cars,Rural (not London),2.46453237196e-05,5.68018867853e-06,3.22533469443e-06
2016,Scotland,4,7.4,35,E85 Bioethanol LGV,Rural (not London),2.51869714702e-05,7.63452317187e-06,4.3354330046e-06
2016,Scotland,4,7.4,35,FCEV Bus,Rural (not London),0.0,2.27617347264e-05,1.1982392607e-05
2016,Scotland,4,7.4,35,FCEV Cars,Rural (not London),0.0,5.50764480067e-06,3.06141782858e-06
2016,Scotland,4,7.4,35,FCEV LGV,Rural (not London),0.0,7.46197929402e-06,4.17151613874e-06
2016,Scotland,4,7.4,35,Full Hybrid Diesel Cars,Rural (not London),0.000175001594471,1.32711766128e-05,1.04367727545e-05
2016,Scotland,4,7.4,35,Full Hybrid Petrol Cars,Rural (not London),1.23226618598e-05,5.72332464799e-06,3.26631379721e-06
2016,Scotland,4,7.4,35,Full Hybrid Petrol LGV,Rural (not London),8.56738734001e-06,7.67369783716e-06,4.3726486183e-06
2016,Scotland,4,7.4,35,Hybrid Bus,Rural (not London),0.000753102242015,3.20199178532e-05,2.07776647585e-05
2016,Scotland,4,7.4,35,LGV,Rural (not London),0.000217355263885,1.42077551573e-05,1.05800027086e-05
2016,Scotland,4,7.4,35,LPG Cars,Rural (not London),1.13888891065e-05,5.71936288907e-06,3.26255030814e-06
2016,Scotland,4,7.4,35,LPG LGV,Rural (not London),1.95116517716e-05,7.67369783716e-06,4.3726486183e-06
2016,Scotland,4,7.4,35,Motorcycle,Rural (not London),1.54167155415e-05,3.24010852637e-06,2.11119868254e-06
2016,Scotland,4,7.4,35,Petrol Car,Rural (not London),2.46453237196e-05,5.72332464799e-06,3.26631379721e-06
2016,Scotland,4,7.4,35,Plug-In Hybrid Petrol Cars,Rural (not London),5.01495742355e-05,5.56090526516e-06,3.11201529257e-06
2016,Scotland,4,7.4,35,Plug-In Hybrid Petrol LGV,Rural (not London),0.000103919868707,7.47956892155e-06,4.1882262849e-06
2016,Scotland,4,7.4,35,Rigid HGV,Rural (not London),0.00114272185601,3.18372767651e-05,2.05475971597e-05
2016,Scotland,4,7.4,40,Artic HGV,Rural (not London),0.00178042391781,4.12030021835e-05,2.81376123894e-05
2016,Scotland,4,7.4,40,B100 Artic HGV,Rural (not London),0.0019584663678,3.99059099436e-05,2.69053725788e-05
2016,Scotland,4,7.4,40,B100 Bus,Rural (not London),0.00132557621691,3.09331408062e-05,1.97452282009e-05
2016,Scotland,4,7.4,40,B100 Coach,Rural (not London),0.00170575082302,3.55252959707e-05,2.41077741521e-05
2016,Scotland,4,7.4,40,B100 Rigid HGV,Rural (not London),0.00119089032523,3.04113927996e-05,1.91930066649e-05
2016,Scotland,4,7.4,40,Battery EV Cars,Rural (not London),0.0,5.50764480067e-06,3.06141782858e-06
2016,Scotland,4,7.4,40,Battery EV LGV,Rural (not London),0.0,7.46197929402e-06,4.17151613874e-06
2016,Scotland,4,7.4,40,Biogas Bus,Rural (not London),0.00069444446126,2.41506240855e-05,1.33018365887e-05
2016,Scotland,4,7.4,40,Biomethane Bus,Rural (not London),0.00069444446126,2.41506240855e-05,1.33018365887e-05
2016,Scotland,4,7.4,40,Bus and Coach,Rural (not London),0.00130184099544,3.2694752008e-05,2.14187602978e-05
2016,Scotland,4,7.4,40,CNG Bus,Rural (not London),0.00069444446126,2.41506240855e-05,1.33018365887e-05
2016,Scotland,4,7.4,40,Diesel Car,Rural (not London),0.000149733328726,1.15826396723e-05,8.83266329765e-06
2016,Scotland,4,7.4,40,E85 Bioethanol Cars,Rural (not London),2.28793414863e-05,5.68018867853e-06,3.22533469443e-06
2016,Scotland,4,7.4,40,E85 Bioethanol LGV,Rural (not London),2.39576675085e-05,7.63452317187e-06,4.3354330046e-06
2016,Scotland,4,7.4,40,FCEV Bus,Rural (not London),0.0,2.27617347264e-05,1.1982392607e-05
2016,Scotland,4,7.4,40,FCEV Cars,Rural (not London),0.0,5.50764480067e-06,3.06141782858e-06
2016,Scotland,4,7.4,40,FCEV LGV,Rural (not London),0.0,7.46197929402e-06,4.17151613874e-06
2016,Scotland,4,7.4,40,Full Hybrid Diesel Cars,Rural (not London),0.000164784520166,1.29161753648e-05,1.00995221146e-05
2016,Scotland,4,7.4,40,Full Hybrid Petrol Cars,Rural (not London),1.14396707431e-05,5.72332464799e-06,3.26631379721e-06
2016,Scotland,4,7.4,40,Full Hybrid Petrol LGV,Rural (not London),7.79362380854e-06,7.67369783716e-06,4.3726486183e-06
2016,Scotland,4,7.4,40,Hybrid Bus,Rural (not London),0.00064565485809,3.12911543006e-05,2.00853410206e-05
2016,Scotland,4,7.4,40,LGV,Rural (not London),0.000204793235753,1.35740601763e-05,9.97799270408e-06
2016,Scotland,4,7.4,40,LPG Cars,Rural (not London),1.13888891065e-05,5.71936288907e-06,3.26255030814e-06
2016,Scotland,4,7.4,40,LPG LGV,Rural (not London),1.83507327165e-05,7.67369783716e-06,4.3726486183e-06
2016,Scotland,4,7.4,40,Motorcycle,Rural (not London),1.56125461217e-05,3.24010852637e-06,2.11119868254e-06
2016,Scotland,4,7.4,40,Petrol Car,Rural (not London),2.28793414863e-05,5.72332464799e-06,3.26631379721e-06
2016,Scotland,4,7.4,40,Plug-In Hybrid Petrol Cars,Rural (not London),5.18905908393e-05,5.56090526516e-06,3.11201529257e-06
2016,Scotland,4,7.4,40,Plug-In Hybrid Petrol LGV,Rural (not London),0.000108032785647,7.48095635572e-06,4.18954459747e-06
2016,Scotland,4,7.4,40,Rigid HGV,Rural (not London),0.00108262756839,3.12346164719e-05,1.9975068426e-05
2016,Scotland,4,7.4,45,Artic HGV,Rural (not London),0.00168739561923,4.03239137086e-05,2.73024761555e-05
2016,Scotland,4,7.4,45,B100 Artic HGV,Rural (not London),0.00185613520443,3.91147295886e-05,2.61537516053e-05
2016,Scotland,4,7.4,45,B100 Bus,Rural (not London),0.00124662986491,3.04447548842e-05,1.92812603927e-05
2016,Scotland,4,7.4,45,B100 Coach,Rural (not London),0.00159047497436,3.44959626091e-05,2.31299090956e-05
2016,Scotland,4,7.4,45,B100 Rigid HGV,Rural (not London),0.0011436707573,2.99874463963e-05,1.87902569451e-05
2016,Scotland,4,7.4,45,Battery EV Cars,Rural (not London),0.0,5.50764480067e-06,3.06141782858e-06
2016,Scotland,4,7.4,45,Battery EV LGV,Rural (not London),0.0,7.46197929402e-06,4.17151613874e-06
2016,Scotland,4,7.4,45,Biogas Bus,Rural (not London),0.00069444446126,2.41506240855e-05,1.33018365887e-05
2016,Scotland,4,7.4,45,Biomethane Bus,Rural (not London),0.00069444446126,2.41506240855e-05,1.33018365887e-05
2016,Scotland,4,7.4,45,Bus and Coach,Rural (not London),0.00122082408052,3.20437284245e-05,2.08002875297e-05
2016,Scotland,4,7.4,45,CNG Bus,Rural (not London),0.00069444446126,2.41506240855e-05,1.33018365887e-05
2016,Scotland,4,7.4,45,Diesel Car,Rural (not London),0.000139252777444,1.13279793368e-05,8.59073588799e-06
2016,Scotland,4,7.4,45,E85 Bioethanol Cars,Rural (not London),2.13055827771e-05,5.68018867853e-06,3.22533469443e-06
2016,Scotland,4,7.4,45,E85 Bioethanol LGV,Rural (not London),2.29260185733e-05,7.63452317187e-06,4.3354330046e-06
2016,Scotland,4,7.4,45,FCEV Bus,Rural (not London),0.0,2.27617347264e-05,1.1982392607e-05
2016,Scotland,4,7.4,45,FCEV Cars,Rural (not London),0.0,5.50764480067e-06,3.06141782858e-06
2016,Scotland,4,7.4,45,FCEV LGV,Rural (not London),0.0,7.46197929402e-06,4.17151613874e-06
2016,Scotland,4,7.4,45,Full Hybrid Diesel Cars,Rural (not London),0.000156213005539,1.2605613847e-05,9.80448839982e-06
2016,Scotland,4,7.4,45,Full Hybrid Petrol Cars,Rural (not London),1.06527913886e-05,5.72332464799e-06,3.26631379721e-06
2016,Scotland,4,7.4,45,Full Hybrid Petrol LGV,Rural (not London),7.1188687798e-06,7.67369783716e-06,4.3726486183e-06
2016,Scotland,4,7.4,45,Hybrid Bus,Rural (not London),0.000561089836992,3.07153641188e-05,1.95383381651e-05
2016,Scotland,4,7.4,45,LGV,Rural (not London),0.000194426465896,1.31255492306e-05,9.55190716923e-06
2016,Scotland,4,7.4,45,LPG Cars,Rural (not London),1.13888891065e-05,5.71936288907e-06,3.26255030814e-06
2016,Scotland,4,7.4,45,LPG LGV,Rural (not London),1.73913886101e-05,7.67369783716e-06,4.3726486183e-06
2016,Scotland,4,7.4,45,Motorcycle,Rural (not London),1.62303185789e-05,3.24010852637e-06,2.11119868254e-06
2016,Scotland,4,7.4,45,Petrol Car,Rural (not London),2.13055827771e-05,5.72332464799e-06,3.26631379721e-06
2016,Scotland,4,7.4,45,Plug-In Hybrid Petrol Cars,Rural (not London),5.3773928812e-05,5.56090526516e-06,3.11201529257e-06
2016,Scotland,4,7.4,45,Plug-In Hybrid Petrol LGV,Rural (not London),0.000112229980004,7.48258253225e-06,4.19108891947e-06
2016,Scotland,4,7.4,45,Rigid HGV,Rural (not London),0.00103970069904,3.0763567338e-05,1.95275697479e-05
2016,Scotland,4,7.4,50,Artic HGV,Rural (not London),0.00161907006986,3.96112991439e-05,2.66254937742e-05
2016,Scotland,4,7.4,50,B100 Artic HGV,Rural (not London),0.001780977007,3.84733757528e-05,2.55444683717e-05
2016,Scotland,4,7.4,50,B100 Bus,Rural (not London),0.00118027091958,3.00543142657e-05,1.89103429875e-05
2016,Scotland,4,7.4,50,B100 Coach,Rural (not London),0.00150125392247,3.36630509992e-05,2.23386432481e-05
2016,Scotland,4,7.4,50,B100 Rigid HGV,Rural (not London),0.00111030146945,2.96537309623e-05,1.84732271009e-05
2016,Scotland,4,7.4,50,Battery EV Cars,Rural (not London),0.0,5.50764480067e-06,3.06141782858e-06
2016,Scotland,4,7.4,50,Battery EV LGV,Rural (not London),0.0,7.46197929402e-06,4.17151613874e-06
2016,Scotland,4,7.4,50,Biogas Bus,Rural (not London),0.00069444446126,2.41506240855e-05,1.33018365887e-05
2016,Scotland,4,7.4,50,Biomethane Bus,Rural (not London),0.00069444446126,2.41506240855e-05,1.33018365887e-05
2016,Scotland,4,7.4,50,Bus and Coach,Rural (not London),0.00115467829164,3.15242286888e-05,2.03067593247e-05
2016,Scotland,4,7.4,50,CNG Bus,Rural (not London),0.00069444446126,2.41506240855e-05,1.33018365887e-05
2016,Scotland,4,7.4,50,Diesel Car,Rural (not London),0.000130833330331,1.1109758816e-05,8.38342657516e-06
2016,Scotland,4,7.4,50,E85 Bioethanol Cars,Rural (not London),1.99169680855e-05,5.68018867853e-06,3.22533469443e-06
2016,Scotland,4,7.4,50,E85 Bioethanol LGV,Rural (not London),2.20743422688e-05,7.63452317187e-06,4.3354330046e-06
2016,Scotland,4,7.4,50,FCEV Bus,Rural (not London),0.0,2.27617347264e-05,1.1982392607e-05
2016,Scotland,4,7.4,50,FCEV Cars,Rural (not London),0.0,5.50764480067e-06,3.06141782858e-06
2016,Scotland,4,7.4,50,FCEV LGV,Rural (not London),0.0,7.46197929402e-06,4.17151613874e-06
2016,Scotland,4,7.4,50,Full Hybrid Diesel Cars,Rural (not London),0.000149111278006,1.23394911498e-05,9.55167251959e-06
2016,Scotland,4,7.4,50,Full Hybrid Petrol Cars,Rural (not London),9.95848404273e-06,5.72332464799e-06,3.26631379721e-06
2016,Scotland,4,7.4,50,Full Hybrid Petrol LGV,Rural (not London),6.53417146168e-06,7.67369783716e-06,4.3726486183e-06
2016,Scotland,4,7.4,50,Hybrid Bus,Rural (not London),0.000494284555316,3.02700755128e-05,1.91153158084e-05
2016,Scotland,4,7.4,50,LGV,Rural (not London),0.000186254372238,1.28622232296e-05,9.30174792302e-06
2016,Scotland,4,7.4,50,LPG Cars,Rural (not London),1.13888891065e-05,5.71936288907e-06,3.26255030814e-06
2016,Scotland,4,7.4,50,LPG LGV,Rural (not London),1.66336176335e-05,7.67369783716e-06,4.3726486183e-06
2016,Scotland,4,7.4,50,Motorcycle,Rural (not London),1.72416566784e-05,3.24010852637e-06,2.11119868254e-06
2016,Scotland,4,7.4,50,Petrol Car,Rural (not London),1.99169680855e-05,5.72332464799e-06,3.26631379721e-06
2016,Scotland,4,7.4,50,Plug-In Hybrid Petrol Cars,Rural (not London),5.57995808776e-05,5.56090526516e-06,3.11201529257e-06
2016,Scotland,4,7.4,50,Plug-In Hybrid Petrol LGV,Rural (not London),0.000116511451779,7.48441289034e-06,4.19282787334e-06
2016,Scotland,4,7.4,50,Rigid HGV,Rural (not London),0.00100936496165,3.03927699861e-05,1.91753151739e-05
2016,Scotland,4,7.4,60,Artic HGV,Rural (not London),0.00152851908933,3.85456587537e-05,2.56131334027e-05
2016,Scotland,4,7.4,60,B100 Artic HGV,Rural (not London),0.00168137089349,3.75142990379e-05,2.46333438554e-05
2016,Scotland,4,7.4,60,B100 Bus,Rural (not London),0.00107414054219,2.94875389955e-05,1.83719057532e-05
2016,Scotland,4,7.4,60,B100 Coach,Rural (not London),0.00137522467412,3.23998865497e-05,2.11386341107e-05
2016,Scotland,4,7.4,60,B100 Rigid HGV,Rural (not London),0.00106984085869,2.91875221592e-05,1.8030328647e-05
2016,Scotland,4,7.4,60,Battery EV Cars,Rural (not London),0.0,5.50764480067e-06,3.06141782858e-06
2016,Scotland,4,7.4,60,Battery EV LGV,Rural (not London),0.0,7.46197929402e-06,4.17151613874e-06
2016,Scotland,4,7.4,60,Biogas Bus,Rural (not London),0.00069444446126,2.41506240855e-05,1.33018365887e-05
2016,Scotland,4,7.4,60,Biomethane Bus,Rural (not London),0.00069444446126,2.41506240855e-05,1.33018365887e-05
2016,Scotland,4,7.4,60,Bus and Coach,Rural (not London),0.00105313106906,3.07674636133e-05,1.95878328668e-05
2016,Scotland,4,7.4,60,CNG Bus,Rural (not London),0.00069444446126,2.41506240855e-05,1.33018365887e-05
2016,Scotland,4,7.4,60,Diesel Car,Rural (not London),0.000120177777717,1.07826372187e-05,8.07266042102e-06
2016,Scotland,4,7.4,60,E85 Bioethanol Cars,Rural (not London),1.76668272616e-05,5.61990782444e-06,3.16806767842e-06
2016,Scotland,4,7.4,60,E85 Bioethanol LGV,Rural (not London),2.08401670534e-05,7.57424231779e-06,4.27816621595e-06
2016,Scotland,4,7.4,60,FCEV Bus,Rural (not London),0.0,2.27617347264e-05,1.1982392607e-05
2016,Scotland,4,7.4,60,FCEV Cars,Rural (not London),0.0,5.50764480067e-06,3.06141782858e-06
2016,Scotland,4,7.4,60,FCEV LGV,Rural (not London),0.0,7.46197929402e-06,4.17151613874e-06
2016,Scotland,4,7.4,60,Full Hybrid Diesel Cars,Rural (not London),0.000138907809742,1.19405622172e-05,9.17268971534e-06
2016,Scotland,4,7.4,60,Full Hybrid Petrol Cars,Rural (not London),1.23667787193e-05,5.64797346669e-06,3.19473019772e-06
2016,Scotland,4,7.4,60,Full Hybrid Petrol LGV,Rural (not London),7.8387947724e-06,7.60025795898e-06,4.30288082498e-06
2016,Scotland,4,7.4,60,Hybrid Bus,Rural (not London),0.000500392750837,2.97346487059e-05,1.86066608876e-05
2016,Scotland,4,7.4,60,LGV,Rural (not London),0.000176491943421,1.28886595121e-05,9.32686180022e-06
2016,Scotland,4,7.4,60,LPG Cars,Rural (not London),1.0555555491e-05,5.64592301089e-06,3.19278251482e-06
2016,Scotland,4,7.4,60,LPG LGV,Rural (not London),1.22288429338e-05,7.60025795898e-06,4.30288082498e-06
2016,Scotland,4,7.4,60,Motorcycle,Rural (not London),2.04007264983e-05,3.24010852637e-06,2.11119868254e-06
2016,Scotland,4,7.4,60,Petrol Car,Rural (not London),1.76668272616e-05,5.64797346669e-06,3.19473019772e-06
2016,Scotland,4,7.4,60,Plug-In Hybrid Petrol Cars,Rural (not London),0.000301389227388,5.65981736145e-06,3.20598178405e-06
2016,Scotland,4,7.4,60,Plug-In Hybrid Petrol LGV,Rural (not London),0.000419149670051,7.5952248153e-06,4.29809961133e-06
2016,Scotland,4,7.4,60,Rigid HGV,Rural (not London),0.000972582609393,2.98747618217e-05,1.86832057807e-05
2016,Scotland,4,7.4,70,Artic HGV,Rural (not London),0.0014541890705,3.78165932489e-05,2.49205240834e-05
2016,Scotland,4,7.4,70,B100 Artic HGV,Rural (not London),0.00159960798919,3.68581422663e-05,2.40099943767e-05
2016,Scotland,4,7.4,70,B100 Bus,Rural (not London),0.000992248184048,2.91251180897e-05,1.80276074389e-05
2016,Scotland,4,7.4,70,B100 Coach,Rural (not London),0.00129375432152,3.14903554681e-05,2.02745795832e-05
2016,Scotland,4,7.4,70,B100 Rigid HGV,Rural (not London),0.00104417861439,2.89232593786e-05,1.77792790055e-05
2016,Scotland,4,7.4,70,Battery EV Cars,Rural (not London),0.0,5.50764480067e-06,3.06141782858e-06
2016,Scotland,4,7.4,70,Battery EV LGV,Rural (not London),0.0,7.46197929402e-06,4.17151613874e-06
2016,Scotland,4,7.4,70,Biogas Bus,Rural (not London),0.00069444446126,2.41506240855e-05,1.33018365887e-05
2016,Scotland,4,7.4,70,Biomethane Bus,Rural (not London),0.00069444446126,2.41506240855e-05,1.33018365887e-05
2016,Scotland,4,7.4,70,Bus and Coach,Rural (not London),0.000978790805675,3.02745884255e-05,1.91196031665e-05
2016,Scotland,4,7.4,70,CNG Bus,Rural (not London),0.00069444446126,2.41506240855e-05,1.33018365887e-05
2016,Scotland,4,7.4,70,Diesel Car,Rural (not London),0.000117766663607,1.06012748802e-05,7.90036665421e-06
2016,Scotland,4,7.4,70,E85 Bioethanol Cars,Rural (not London),1.63562835951e-05,5.61990782444e-06,3.16806767842e-06
2016,Scotland,4,7.4,70,E85 Bioethanol LGV,Rural (not London),2.09708377952e-05,7.57424231779e-06,4.27816621595e-06
2016,Scotland,4,7.4,70,FCEV Bus,Rural (not London),0.0,2.27617347264e-05,1.1982392607e-05
2016,Scotland,4,7.4,70,FCEV Cars,Rural (not London),0.0,5.50764480067e-06,3.06141782858e-06
2016,Scotland,4,7.4,70,FCEV LGV,Rural (not London),0.0,7.46197929402e-06,4.17151613874e-06
2016,Scotland,4,7.4,70,Full Hybrid Diesel Cars,Rural (not London),0.000133727662615,1.17193894766e-05,8.96257552085e-06
2016,Scotland,4,7.4,70,Full Hybrid Petrol Cars,Rural (not London),1.1449397789e-05,5.64797346669e-06,3.19473019772e-06
2016,Scotland,4,7.4,70,Full Hybrid Petrol LGV,Rural (not London),7.49118498788e-06,7.60025795898e-06,4.30288082498e-06
2016,Scotland,4,7.4,70,Hybrid Bus,Rural (not London),0.000441039883299,2.96947273455e-05,1.85687349585e-05
2016,Scotland,4,7.4,70,LGV,Rural (not London),0.00017552934878,1.36582993946e-05,1.00580200524e-05
2016,Scotland,4,7.4,70,LPG Cars,Rural (not London),1.0555555491e-05,5.64592301089e-06,3.19278251482e-06
2016,Scotland,4,7.4,70,LPG LGV,Rural (not London),1.21475459309e-05,7.60025795898e-06,4.30288082498e-06
2016,Scotland,4,7.4,70,Motorcycle,Rural (not London),2.50969860645e-05,3.24010852637e-06,2.11119868254e-06
2016,Scotland,4,7.4,70,Petrol Car,Rural (not London),1.63562835951e-05,5.64797346669e-06,3.19473019772e-06
2016,Scotland,4,7.4,70,Plug-In Hybrid Petrol Cars,Rural (not London),0.000326626905007,5.65981736145e-06,3.20598178405e-06
2016,Scotland,4,7.4,70,Plug-In Hybrid Petrol LGV,Rural (not London),0.000446366175311,7.620125416e-06,4.32175511378e-06
2016,Scotland,4,7.4,70,Rigid HGV,Rural (not London),0.000949253328145,2.95811350952e-05,1.84042619367e-05
2016,Scotland,4,7.4,80,Artic HGV,Rural (not London),0.001342853182,3.73226102965e-05,2.44512393692e-05
2016,Scotland,4,7.4,80,B100 Artic HGV,Rural (not London),0.00147713860497,3.64135557902e-05,2.35876377701e-05
2016,Scotland,4,7.4,80,B100 Bus,Rural (not London),0.00092658266658,2.890997348e-05,1.78232185135e-05
2016,Scotland,4,7.4,80,B100 Coach,Rural (not London),0.00123932270799,3.08589878841e-05,1.96747841983e-05
2016,Scotland,4,7.4,80,B100 Rigid HGV,Rural (not London),0.00101293611806,2.88230385195e-05,1.76840694621e-05
2016,Scotland,4,7.4,80,Battery EV Cars,Rural (not London),0.0,5.50764480067e-06,3.06141782858e-06
2016,Scotland,4,7.4,80,Battery EV LGV,Rural (not London),0.0,7.46197929402e-06,4.17151613874e-06
2016,Scotland,4,7.4,80,Biogas Bus,Rural (not London),0.00069444446126,2.41506240855e-05,1.33018365887e-05
2016,Scotland,4,7.4,80,Biomethane Bus,Rural (not London),0.00069444446126,2.41506240855e-05,1.33018365887e-05
2016,Scotland,4,7.4,80,Bus and Coach,Rural (not London),0.000921954459045,2.99674411508e-05,1.88278136193e-05
2016,Scotland,4,7.4,80,CNG Bus,Rural (not London),0.00069444446126,2.41506240855e-05,1.33018365887e-05
2016,Scotland,4,7.4,80,Diesel Car,Rural (not London),0.000123599995277,1.05656727101e-05,7.86654527474e-06
2016,Scotland,4,7.4,80,E85 Bioethanol Cars,Rural (not London),1.5649922716e-05,5.61990782444e-06,3.16806767842e-06
2016,Scotland,4,7.4,80,E85 Bioethanol LGV,Rural (not London),2.18882378249e-05,7.57424231779e-06,4.27816621595e-06
2016,Scotland,4,7.4,80,FCEV Bus,Rural (not London),0.0,2.27617347264e-05,1.1982392607e-05
2016,Scotland,4,7.4,80,FCEV Cars,Rural (not London),0.0,5.50764480067e-06,3.06141782858e-06
2016,Scotland,4,7.4,80,FCEV LGV,Rural (not London),0.0,7.46197929402e-06,4.17151613874e-06
2016,Scotland,4,7.4,80,Full Hybrid Diesel Cars,Rural (not London),0.000133586145239,1.16759720186e-05,8.92132902663e-06
2016,Scotland,4,7.4,80,Full Hybrid Petrol Cars,Rural (not London),1.09549464469e-05,5.64797346669e-06,3.19473019772e-06
2016,Scotland,4,7.4,80,Full Hybrid Petrol LGV,Rural (not London),7.6952692325e-06,7.60025795898e-06,4.30288082498e-06
2016,Scotland,4,7.4,80,Hybrid Bus,Rural (not London),0.000435059482697,3.03017859551e-05,1.9145440092e-05
2016,Scotland,4,7.4,80,LGV,Rural (not London),0.000183347685379,1.51686772369e-05,1.14928789117e-05
2016,Scotland,4,7.4,80,LPG Cars,Rural (not London),1.0555555491e-05,5.64592301089e-06,3.19278251482e-06
2016,Scotland,4,7.4,80,LPG LGV,Rural (not London),1.26933673528e-05,7.60025795898e-06,4.30288082498e-06
2016,Scotland,4,7.4,80,Motorcycle,Rural (not London),3.14227945637e-05,3.24010852637e-06,2.11119868254e-06
2016,Scotland,4,7.4,80,Petrol Car,Rural (not London),1.5649922716e-05,5.64797346669e-06,3.19473019772e-06
2016,Scotland,4,7.4,80,Plug-In Hybrid Petrol Cars,Rural (not London),0.000354710937245,5.65981736145e-06,3.20598178405e-06
2016,Scotland,4,7.4,80,Plug-In Hybrid Petrol LGV,Rural (not London),0.000474054599181,7.64980995882e-06,4.349955816e-06
2016,Scotland,4,7.4,80,Rigid HGV,Rural (not London),0.000920851074625,2.94697783829e-05,1.82984713319e-05
2016,Scotland,4,7.4,90,Artic HGV,Rural (not London),0.00123640010133,3.71141031792e-05,2.42531568801e-05
2016,Scotland,4,7.4,90,B100 Artic HGV,Rural (not London),0.00136004004162,3.62258979294e-05,2.34093640756e-05
2016,Scotland,4,7.4,90,B100 Bus,Rural (not London),0.000892919662874,2.88379051199e-05,1.77547535714e-05
2016,Scotland,4,7.4,90,B100 Coach,Rural (not London),0.00120206910651,3.0297851481e-05,1.91417038877e-05
2016,Scotland,4,7.4,90,B100 Rigid HGV,Rural (not London),0.000983966630884,2.88389474008e-05,1.76991816261e-05
2016,Scotland,4,7.4,90,Battery EV Cars,Rural (not London),0.0,5.50764480067e-06,3.06141782858e-06
2016,Scotland,4,7.4,90,Battery EV LGV,Rural (not London),0.0,7.46197929402e-06,4.17151613874e-06
2016,Scotland,4,7.4,90,Biogas Bus,Rural (not London),0.00069444446126,2.41506240855e-05,1.33018365887e-05
2016,Scotland,4,7.4,90,Biomethane Bus,Rural (not London),0.00069444446126,2.41506240855e-05,1.33018365887e-05
2016,Scotland,4,7.4,90,Bus and Coach,Rural (not London),0.000890437746421,2.98249924526e-05,1.86924862646e-05
2016,Scotland,4,7.4,90,CNG Bus,Rural (not London),0.00069444446126,2.41506240855e-05,1.33018365887e-05
2016,Scotland,4,7.4,90,Diesel Car,Rural (not London),0.000137677780003,1.06758307084e-05,7.97119446361e-06
2016,Scotland,4,7.4,90,E85 Bioethanol Cars,Rural (not London),1.5399806216e-05,5.66627022636e-06,3.21211200571e-06
2016,Scotland,4,7.4,90,E85 Bioethanol LGV,Rural (not London),2.32202455663e-05,7.6206047197e-06,4.32221031588e-06
2016,Scotland,4,7.4,90,FCEV Bus,Rural (not London),0.0,2.27617347264e-05,1.1982392607e-05
2016,Scotland,4,7.4,90,FCEV Cars,Rural (not London),0.0,5.50764480067e-06,3.06141782858e-06
2016,Scotland,4,7.4,90,FCEV LGV,Rural (not London),0.0,7.46197929402e-06,4.17151613874e-06
2016,Scotland,4,7.4,90,Full Hybrid Diesel Cars,Rural (not London),0.000138910341775,1.18103107525e-05,9.04895023268e-06
2016,Scotland,4,7.4,90,Full Hybrid Petrol Cars,Rural (not London),1.38598252306e-05,5.70592646909e-06,3.24978555e-06
2016,Scotland,4,7.4,90,Full Hybrid Petrol LGV,Rural (not London),1.05265380625e-05,7.65881122788e-06,4.35850643044e-06
2016,Scotland,4,7.4,90,Hybrid Bus,Rural (not London),0.000455785368104,3.10041432385e-05,1.9812679966e-05
2016,Scotland,4,7.4,90,LGV,Rural (not London),0.000199934773264,1.74216893356e-05,1.36332409966e-05
2016,Scotland,4,7.4,90,LPG Cars,Rural (not London),1.16666669783e-05,5.70447627979e-06,3.24840812027e-06
2016,Scotland,4,7.4,90,LPG LGV,Rural (not London),1.18854068205e-05,7.65881122788e-06,4.35850643044e-06
2016,Scotland,4,7.4,90,Motorcycle,Rural (not London),3.94582202716e-05,3.24010852637e-06,2.11119868254e-06
2016,Scotland,4,7.4,90,Petrol Car,Rural (not London),1.5399806216e-05,5.70592646909e-06,3.24978555e-06
2016,Scotland,4,7.4,90,Plug-In Hybrid Petrol Cars,Rural (not London),0.000694154470693,5.79048719374e-06,3.33011826115e-06
2016,Scotland,4,7.4,90,Plug-In Hybrid Petrol LGV,Rural (not London),0.000850632844958,7.86560940469e-06,4.55496456198e-06
2016,Scotland,4,7.4,90,Rigid HGV,Rural (not London),0.000894515076652,2.9487453503e-05,1.83152642421e-05
2016,Scotland,4,7.4,100,Artic HGV,Rural (not London),0.00123640010133,3.71141031792e-05,2.42531568801e-05
2016,Scotland,4,7.4,100,B100 Artic HGV,Rural (not London),0.00136004004162,3.62258979294e-05,2.34093640756e-05
2016,Scotland,4,7.4,100,B100 Bus,Rural (not London),0.000892919662874,2.88379051199e-05,1.77547535714e-05
2016,Scotland,4,7.4,100,B100 Coach,Rural (not London),0.0011760997586,2.9889646612e-05,1.87539080798e-05
2016,Scotland,4,7.4,100,B100 Rigid HGV,Rural (not London),0.000983966630884,2.88389474008e-05,1.76991816261e-05
2016,Scotland,4,7.4,100,Battery EV Cars,Rural (not London),0.0,5.50764480067e-06,3.06141782858e-06
2016,Scotland,4,7.4,100,Battery EV LGV,Rural (not London),0.0,7.46197929402e-06,4.17151613874e-06
2016,Scotland,4,7.4,100,Biogas Bus,Rural (not London),0.00069444446126,2.41506240855e-05,1.33018365887e-05
2016,Scotland,4,7.4,100,Biomethane Bus,Rural (not London),0.00069444446126,2.41506240855e-05,1.33018365887e-05
2016,Scotland,4,7.4,100,Bus and Coach,Rural (not London),0.000883827335201,2.9780818295e-05,1.86505203601e-05
2016,Scotland,4,7.4,100,CNG Bus,Rural (not London),0.00069444446126,2.41506240855e-05,1.33018365887e-05
2016,Scotland,4,7.4,100,Diesel Car,Rural (not London),0.000159999995958,1.09317479655e-05,8.21431603981e-06
2016,Scotland,4,7.4,100,E85 Bioethanol Cars,Rural (not London),1.56059322762e-05,5.66627022636e-06,3.21211200571e-06
2016,Scotland,4,7.4,100,E85 Bioethanol LGV,Rural (not London),2.49668573815e-05,7.6206047197e-06,4.32221031588e-06
2016,Scotland,4,7.4,100,FCEV Bus,Rural (not London),0.0,2.27617347264e-05,1.1982392607e-05
2016,Scotland,4,7.4,100,FCEV Cars,Rural (not London),0.0,5.50764480067e-06,3.06141782858e-06
2016,Scotland,4,7.4,100,FCEV LGV,Rural (not London),0.0,7.46197929402e-06,4.17151613874e-06
2016,Scotland,4,7.4,100,Full Hybrid Diesel Cars,Rural (not London),0.000150619103806,1.21224047689e-05,9.34544004849e-06
2016,Scotland,4,7.4,100,Full Hybrid Petrol Cars,Rural (not London),1.40453385029e-05,5.70592646909e-06,3.24978555e-06
2016,Scotland,4,7.4,100,Full Hybrid Petrol LGV,Rural (not London),1.15293833005e-05,7.65881122788e-06,4.35850643044e-06
2016,Scotland,4,7.4,100,Hybrid Bus,Rural (not London),0.000455785368104,3.10041432385e-05,1.9812679966e-05
2016,Scotland,4,7.4,100,LGV,Rural (not London),0.000225290612434,2.04135430977e-05,1.64755019796e-05
2016,Scotland,4,7.4,100,LPG Cars,Rural (not London),1.16666669783e-05,5.70447627979e-06,3.24840812027e-06
2016,Scotland,4,7.4,100,LPG LGV,Rural (not London),1.34283145599e-05,7.65881122788e-06,4.35850643044e-06
2016,Scotland,4,7.4,100,Motorcycle,Rural (not London),4.91736245749e-05,3.24010852637e-06,2.11119868254e-06
2016,Scotland,4,7.4,100,Petrol Car,Rural (not London),1.56059322762e-05,5.70592646909e-06,3.24978555e-06
2016,Scotland,4,7.4,100,Plug-In Hybrid Petrol Cars,Rural (not London),0.000754952663556,5.79048719374e-06,3.33011826115e-06
2016,Scotland,4,7.4,100,Plug-In Hybrid Petrol LGV,Rural (not London),0.000897733261809,7.94877450971e-06,4.63397145722e-06
2016,Scotland,4,7.4,100,Rigid HGV,Rural (not London),0.000894515076652,2.9487453503e-05,1.83152642421e-05
2016,Scotland,4,7.4,110,Artic HGV,Rural (not London),0.00123640010133,3.71141031792e-05,2.42531568801e-05
2016,Scotland,4,7.4,110,B100 Artic HGV,Rural (not London),0.00136004004162,3.62258979294e-05,2.34093640756e-05
2016,Scotland,4,7.4,110,B100 Bus,Rural (not London),0.000892919662874,2.88379051199e-05,1.77547535714e-05
2016,Scotland,4,7.4,110,B100 Coach,Rural (not London),0.00116613798309,2.97962760669e-05,1.86652068805e-05
2016,Scotland,4,7.4,110,B100 Rigid HGV,Rural (not London),0.000983966630884,2.88389474008e-05,1.76991816261e-05
2016,Scotland,4,7.4,110,Battery EV Cars,Rural (not London),0.0,5.50764480067e-06,3.06141782858e-06
2016,Scotland,4,7.4,110,Battery EV LGV,Rural (not London),0.0,7.46197929402e-06,4.17151613874e-06
2016,Scotland,4,7.4,110,Biogas Bus,Rural (not London),0.00069444446126,2.41506240855e-05,1.33018365887e-05
2016,Scotland,4,7.4,110,Biomethane Bus,Rural (not London),0.00069444446126,2.41506240855e-05,1.33018365887e-05
2016,Scotland,4,7.4,110,Bus and Coach,Rural (not London),0.000881291634869,2.97723763651e-05,1.86425022548e-05
2016,Scotland,4,7.4,110,CNG Bus,Rural (not London),0.00069444446126,2.41506240855e-05,1.33018365887e-05
2016,Scotland,4,7.4,110,Diesel Car,Rural (not London),0.000190566672245,1.13334244816e-05,8.59590909386e-06
2016,Scotland,4,7.4,110,E85 Bioethanol Cars,Rural (not London),1.62683008966e-05,5.66627022636e-06,3.21211200571e-06
2016,Scotland,4,7.4,110,E85 Bioethanol LGV,Rural (not London),2.71280787274e-05,7.6206047197e-06,4.32221031588e-06
2016,Scotland,4,7.4,110,FCEV Bus,Rural (not London),0.0,2.27617347264e-05,1.1982392607e-05
2016,Scotland,4,7.4,110,FCEV Cars,Rural (not London),0.0,5.50764480067e-06,3.06141782858e-06
2016,Scotland,4,7.4,110,FCEV LGV,Rural (not London),0.0,7.46197929402e-06,4.17151613874e-06
2016,Scotland,4,7.4,110,Full Hybrid Diesel Cars,Rural (not London),0.000170342624187,1.26122540678e-05,9.81079665507e-06
2016,Scotland,4,7.4,110,Full Hybrid Petrol Cars,Rural (not London),1.46414704432e-05,5.70592646909e-06,3.24978555e-06
2016,Scotland,4,7.4,110,Full Hybrid Petrol LGV,Rural (not London),1.29024547277e-05,7.65881122788e-06,4.35850643044e-06
2016,Scotland,4,7.4,110,Hybrid Bus,Rural (not London),0.000455785368104,3.10041432385e-05,1.9812679966e-05
2016,Scotland,4,7.4,110,LGV,Rural (not London),0.000259415188339,2.41461366386e-05,2.00214653887e-05
2016,Scotland,4,7.4,110,LPG Cars,Rural (not London),1.16666669783e-05,5.70447627979e-06,3.24840812027e-06
2016,Scotland,4,7.4,110,LPG LGV,Rural (not London),1.55087527673e-05,7.65881122788e-06,4.35850643044e-06
2016,Scotland,4,7.4,110,Motorcycle,Rural (not London),5.77457321924e-05,3.24010852637e-06,2.11119868254e-06
2016,Scotland,4,7.4,110,Petrol Car,Rural (not London),1.62683008966e-05,5.70592646909e-06,3.24978555e-06
2016,Scotland,4,7.4,110,Plug-In Hybrid Petrol Cars,Rural (not London),0.000820874294732,5.79048719374e-06,3.33011826115e-06
2016,Scotland,4,7.4,110,Plug-In Hybrid Petrol LGV,Rural (not London),0.000945440493524,8.05766558187e-06,4.73741783935e-06
2016,Scotland,4,7.4,110,Rigid HGV,Rural (not London),0.000894515076652,2.9487453503e-05,1.83152642421e-05
2016,Scotland,4,7.4,120,Artic HGV,Rural (not London),0.00123640010133,3.71141031792e-05,2.42531568801e-05
2016,Scotland,4,7.4,120,B100 Artic HGV,Rural (not London),0.00136004004162,3.62258979294e-05,2.34093640756e-05
2016,Scotland,4,7.4,120,B100 Bus,Rural (not London),0.000892919662874,2.88379051199e-05,1.77547535714e-05
2016,Scotland,4,7.4,120,B100 Coach,Rural (not London),0.00116613798309,2.97962760669e-05,1.86652068805e-05
2016,Scotland,4,7.4,120,B100 Rigid HGV,Rural (not London),0.000983966630884,2.88389474008e-05,1.76991816261e-05
2016,Scotland,4,7.4,120,Battery EV Cars,Rural (not London),0.0,5.50764480067e-06,3.06141782858e-06
2016,Scotland,4,7.4,120,Battery EV LGV,Rural (not London),0.0,7.46197929402e-06,4.17151613874e-06
2016,Scotland,4,7.4,120,Biogas Bus,Rural (not London),0.00069444446126,2.41506240855e-05,1.33018365887e-05
2016,Scotland,4,7.4,120,Biomethane Bus,Rural (not London),0.00069444446126,2.41506240855e-05,1.33018365887e-05
2016,Scotland,4,7.4,120,Bus and Coach,Rural (not London),0.000881291634869,2.97723763651e-05,1.86425022548e-05
2016,Scotland,4,7.4,120,CNG Bus,Rural (not London),0.00069444446126,2.41506240855e-05,1.33018365887e-05
2016,Scotland,4,7.4,120,Diesel Car,Rural (not London),0.00022937777976,1.1880861166e-05,9.11597362574e-06
2016,Scotland,4,7.4,120,E85 Bioethanol Cars,Rural (not London),1.73869120772e-05,5.66627022636e-06,3.21211200571e-06
2016,Scotland,4,7.4,120,E85 Bioethanol LGV,Rural (not London),2.92099921353e-05,7.6206047197e-06,4.32221031588e-06
2016,Scotland,4,7.4,120,FCEV Bus,Rural (not London),0.0,2.27617347264e-05,1.1982392607e-05
2016,Scotland,4,7.4,120,FCEV Cars,Rural (not London),0.0,5.50764480067e-06,3.06141782858e-06
2016,Scotland,4,7.4,120,FCEV LGV,Rural (not London),0.0,7.46197929402e-06,4.17151613874e-06
2016,Scotland,4,7.4,120,Full Hybrid Diesel Cars,Rural (not London),0.000200883136131,1.32798595587e-05,1.04450218714e-05
2016,Scotland,4,7.4,120,Full Hybrid Petrol Cars,Rural (not London),1.56482219609e-05,5.70592646909e-06,3.24978555e-06
2016,Scotland,4,7.4,120,Full Hybrid Petrol LGV,Rural (not London),1.46457514347e-05,7.65881122788e-06,4.35850643044e-06
2016,Scotland,4,7.4,120,Hybrid Bus,Rural (not London),0.000455785368104,3.10041432385e-05,1.9812679966e-05
2016,Scotland,4,7.4,120,LGV,Rural (not London),0.000261801644228,2.41860143433e-05,2.0059349481e-05
2016,Scotland,4,7.4,120,LPG Cars,Rural (not London),1.16666669783e-05,5.70447627979e-06,3.24840812027e-06
2016,Scotland,4,7.4,120,LPG LGV,Rural (not London),1.59030205396e-05,7.65881122788e-06,4.35850643044e-06
2016,Scotland,4,7.4,120,Motorcycle,Rural (not London),6.78560390952e-05,3.24010852637e-06,2.11119868254e-06
2016,Scotland,4,7.4,120,Petrol Car,Rural (not London),1.73869120772e-05,5.70592646909e-06,3.24978555e-06
2016,Scotland,4,7.4,120,Plug-In Hybrid Petrol Cars,Rural (not London),0.000891919422429,5.79048719374e-06,3.33011826115e-06
2016,Scotland,4,7.4,120,Plug-In Hybrid Petrol LGV,Rural (not London),0.000957748328801,8.20387776912e-06,4.87631950818e-06
2016,Scotland,4,7.4,120,Rigid HGV,Rural (not London),0.000894515076652,2.9487453503e-05,1.83152642421e-05
2016,Scotland,4,7.4,130,Artic HGV,Rural (not London),0.00123640010133,3.71141031792e-05,2.42531568801e-05
2016,Scotland,4,7.4,130,B100 Artic HGV,Rural (not London),0.00136004004162,3.62258979294e-05,2.34093640756e-05
2016,Scotland,4,7.4,130,B100 Bus,Rural (not London),0.000892919662874,2.88379051199e-05,1.77547535714e-05
2016,Scotland,4,7.4,130,B100 Coach,Rural (not London),0.00116613798309,2.97962760669e-05,1.86652068805e-05
2016,Scotland,4,7.4,130,B100 Rigid HGV,Rural (not London),0.000983966630884,2.88389474008e-05,1.76991816261e-05
2016,Scotland,4,7.4,130,Battery EV Cars,Rural (not London),0.0,5.50764480067e-06,3.06141782858e-06
2016,Scotland,4,7.4,130,Battery EV LGV,Rural (not London),0.0,7.46197929402e-06,4.17151613874e-06
2016,Scotland,4,7.4,130,Biogas Bus,Rural (not London),0.00069444446126,2.41506240855e-05,1.33018365887e-05
2016,Scotland,4,7.4,130,Biomethane Bus,Rural (not London),0.00069444446126,2.41506240855e-05,1.33018365887e-05
2016,Scotland,4,7.4,130,Bus and Coach,Rural (not London),0.000881291634869,2.97723763651e-05,1.86425022548e-05
2016,Scotland,4,7.4,130,CNG Bus,Rural (not London),0.00069444446126,2.41506240855e-05,1.33018365887e-05
2016,Scotland,4,7.4,130,Diesel Car,Rural (not London),0.000276433333056,1.25740571093e-05,9.77450963546e-06
2016,Scotland,4,7.4,130,E85 Bioethanol Cars,Rural (not London),1.89617676369e-05,5.66627022636e-06,3.21211200571e-06
2016,Scotland,4,7.4,130,E85 Bioethanol LGV,Rural (not London),2.94768851745e-05,7.6206047197e-06,4.32221031588e-06
2016,Scotland,4,7.4,130,FCEV Bus,Rural (not London),0.0,2.27617347264e-05,1.1982392607e-05
2016,Scotland,4,7.4,130,FCEV Cars,Rural (not London),0.0,5.50764480067e-06,3.06141782858e-06
2016,Scotland,4,7.4,130,FCEV LGV,Rural (not London),0.0,7.46197929402e-06,4.17151613874e-06
2016,Scotland,4,7.4,130,Full Hybrid Diesel Cars,Rural (not London),0.000247190648224,1.41252212416e-05,1.12481156975e-05
2016,Scotland,4,7.4,130,Full Hybrid Petrol Cars,Rural (not London),1.7065591237e-05,5.70592646909e-06,3.24978555e-06
2016,Scotland,4,7.4,130,Full Hybrid Petrol LGV,Rural (not London),1.47275250129e-05,7.65881122788e-06,4.35850643044e-06
2016,Scotland,4,7.4,130,Hybrid Bus,Rural (not London),0.000455785368104,3.10041432385e-05,1.9812679966e-05
2016,Scotland,4,7.4,130,LGV,Rural (not London),0.000264621136012,2.42365113081e-05,2.01073216886e-05
2016,Scotland,4,7.4,130,LPG Cars,Rural (not London),1.16666669783e-05,5.70447627979e-06,3.24840812027e-06
2016,Scotland,4,7.4,130,LPG LGV,Rural (not London),1.63810418599e-05,7.65881122788e-06,4.35850643044e-06
2016,Scotland,4,7.4,130,Motorcycle,Rural (not London),7.9596422438e-05,3.24010852637e-06,2.11119868254e-06
2016,Scotland,4,7.4,130,Petrol Car,Rural (not London),1.89617676369e-05,5.70592646909e-06,3.24978555e-06
2016,Scotland,4,7.4,130,Plug-In Hybrid Petrol Cars,Rural (not London),0.00096808798844,5.79048719374e-06,3.33011826115e-06
2016,Scotland,4,7.4,130,Plug-In Hybrid Petrol LGV,Rural (not London),0.000970662920736,8.40423581394e-06,5.06665946887e-06
2016,Scotland,4,7.4,130,Rigid HGV,Rural (not London),0.000894515076652,2.9487453503e-05,1.83152642421e-05
2016,Scotland,4,7.4,140,Artic HGV,Rural (not London),0.00123640010133,3.71141031792e-05,2.42531568801e-05
2016,Scotland,4,7.4,140,B100 Artic HGV,Rural (not London),0.00136004004162,3.62258979294e-05,2.34093640756e-05
2016,Scotland,4,7.4,140,B100 Bus,Rural (not London),0.000892919662874,2.88379051199e-05,1.77547535714e-05
2016,Scotland,4,7.4,140,B100 Coach,Rural (not London),0.00116613798309,2.97962760669e-05,1.86652068805e-05
2016,Scotland,4,7.4,140,B100 Rigid HGV,Rural (not London),0.000983966630884,2.88389474008e-05,1.76991816261e-05
2016,Scotland,4,7.4,140,Battery EV Cars,Rural (not London),0.0,5.50764480067e-06,3.06141782858e-06
2016,Scotland,4,7.4,140,Battery EV LGV,Rural (not London),0.0,7.46197929402e-06,4.17151613874e-06
2016,Scotland,4,7.4,140,Biogas Bus,Rural (not London),0.00069444446126,2.41506240855e-05,1.33018365887e-05
2016,Scotland,4,7.4,140,Biomethane Bus,Rural (not London),0.00069444446126,2.41506240855e-05,1.33018365887e-05
2016,Scotland,4,7.4,140,Bus and Coach,Rural (not London),0.000881291634869,2.97723763651e-05,1.86425022548e-05
2016,Scotland,4,7.4,140,CNG Bus,Rural (not London),0.00069444446126,2.41506240855e-05,1.33018365887e-05
2016,Scotland,4,7.4,140,Diesel Car,Rural (not London),0.000276433333056,1.25740571093e-05,9.77450963546e-06
2016,Scotland,4,7.4,140,E85 Bioethanol Cars,Rural (not London),1.89617676369e-05,5.66627022636e-06,3.21211200571e-06
2016,Scotland,4,7.4,140,E85 Bioethanol LGV,Rural (not London),2.94768851745e-05,7.6206047197e-06,4.32221031588e-06
2016,Scotland,4,7.4,140,FCEV Bus,Rural (not London),0.0,2.27617347264e-05,1.1982392607e-05
2016,Scotland,4,7.4,140,FCEV Cars,Rural (not London),0.0,5.50764480067e-06,3.06141782858e-06
2016,Scotland,4,7.4,140,FCEV LGV,Rural (not London),0.0,7.46197929402e-06,4.17151613874e-06
2016,Scotland,4,7.4,140,Full Hybrid Diesel Cars,Rural (not London),0.000247190648224,1.41252212416e-05,1.12481156975e-05
2016,Scotland,4,7.4,140,Full Hybrid Petrol Cars,Rural (not London),1.7065591237e-05,5.70592646909e-06,3.24978555e-06
2016,Scotland,4,7.4,140,Full Hybrid Petrol LGV,Rural (not London),1.47275250129e-05,7.65881122788e-06,4.35850643044e-06
2016,Scotland,4,7.4,140,Hybrid Bus,Rural (not London),0.000455785368104,3.10041432385e-05,1.9812679966e-05
2016,Scotland,4,7.4,140,LGV,Rural (not London),0.000264621136012,2.42365113081e-05,2.01073216886e-05
2016,Scotland,4,7.4,140,LPG Cars,Rural (not London),1.16666669783e-05,5.70447627979e-06,3.24840812027e-06
2016,Scotland,4,7.4,140,LPG LGV,Rural (not London),1.63810418599e-05,7.65881122788e-06,4.35850643044e-06
2016,Scotland,4,7.4,140,Motorcycle,Rural (not London),9.30251262616e-05,3.24010852637e-06,2.11119868254e-06
2016,Scotland,4,7.4,140,Petrol Car,Rural (not London),1.89617676369e-05,5.70592646909e-06,3.24978555e-06
2016,Scotland,4,7.4,140,Plug-In Hybrid Petrol Cars,Rural (not London),0.00096808798844,5.79048719374e-06,3.33011826115e-06
2016,Scotland,4,7.4,140,Plug-In Hybrid Petrol LGV,Rural (not London),0.000970662920736,8.61939042807e-06,5.27105703441e-06
2016,Scotland,4,7.4,140,Rigid HGV,Rural (not London),0.000894515076652,2.9487453503e-05,1.83152642421e-05
2016,Scotland,4,7.4,5,Artic HGV,Urban (not London),0.0031606964767,6.36903641862e-05,4.52512285847e-05
2016,Scotland,4,7.4,5,B100 Artic HGV,Urban (not London),0.00347676617093,6.10476199654e-05,4.27406230301e-05
2016,Scotland,4,7.4,5,B100 Bus,Urban (not London),0.00270971097052,4.80278686155e-05,3.16270998155e-05
2016,Scotland,4,7.4,5,B100 Coach,Urban (not London),0.0041058328934,6.52221642667e-05,4.7961682867e-05
2016,Scotland,4,7.4,5,B100 Rigid HGV,Urban (not London),0.00215217843652,4.51237065136e-05,2.92403146886e-05
2016,Scotland,4,7.4,5,Battery EV Cars,Urban (not London),0.0,7.75497937866e-06,4.12188956034e-06
2016,Scotland,4,7.4,5,Battery EV LGV,Urban (not London),0.0,1.09782886284e-05,5.83317932978e-06
2016,Scotland,4,7.4,5,Biogas Bus,Urban (not London),0.00069444446126,3.27659035975e-05,1.71282354131e-05
2016,Scotland,4,7.4,5,Biomethane Bus,Urban (not London),0.00069444446126,3.27659035975e-05,1.71282354131e-05
2016,Scotland,4,7.4,5,Bus and Coach,Urban (not London),0.00281874998473,5.28558521182e-05,3.62136852345e-05
2016,Scotland,4,7.4,5,CNG Bus,Urban (not London),0.00069444446126,3.27659035975e-05,1.71282354131e-05
2016,Scotland,4,7.4,5,Diesel Car,Urban (not London),0.000255899998592,1.6123176465e-05,1.20716767924e-05
2016,Scotland,4,7.4,5,E85 Bioethanol Cars,Urban (not London),3.79481462005e-05,7.92752325651e-06,4.2858064262e-06
2016,Scotland,4,7.4,5,E85 Bioethanol LGV,Urban (not London),3.36144839821e-05,1.11508325062e-05,5.9970957409e-06
2016,Scotland,4,7.4,5,FCEV Bus,Urban (not London),0.0,3.13770142384e-05,1.58087914315e-05
2016,Scotland,4,7.4,5,FCEV Cars,Urban (not London),0.0,7.75497937866e-06,4.12188956034e-06
2016,Scotland,4,7.4,5,FCEV LGV,Urban (not London),0.0,1.09782886284e-05,5.83317932978e-06
2016,Scotland,4,7.4,5,Full Hybrid Diesel Cars,Urban (not London),0.00027608484379,1.79600974661e-05,1.3816752471e-05
2016,Scotland,4,7.4,5,Full Hybrid Petrol Cars,Urban (not London),1.89740731003e-05,7.97065877123e-06,4.32678552897e-06
2016,Scotland,4,7.4,5,Full Hybrid Petrol LGV,Urban (not London),1.35751561174e-05,1.11900071715e-05,6.03431180934e-06
2016,Scotland,4,7.4,5,Hybrid Bus,Urban (not London),0.00397092988715,5.11762082169e-05,3.4618027712e-05
2016,Scotland,4,7.4,5,LGV,Urban (not London),0.000313074328005,2.36704108829e-05,1.78906957444e-05
2016,Scotland,4,7.4,5,LPG Cars,Urban (not London),1.13888891065e-05,7.9666979218e-06,4.3230220399e-06
2016,Scotland,4,7.4,5,LPG LGV,Urban (not London),2.83398512693e-05,1.11900071715e-05,6.03431180934e-06
2016,Scotland,4,7.4,5,Motorcycle,Urban (not London),2.4309822038e-05,4.50232619187e-06,2.78249285657e-06
2016,Scotland,4,7.4,5,Petrol Car,Urban (not London),3.79481462005e-05,7.97065877123e-06,4.32678552897e-06
2016,Scotland,4,7.4,5,Plug-In Hybrid Petrol Cars,Urban (not London),4.35792571807e-05,7.8082393884e-06,4.17248702433e-06
2016,Scotland,4,7.4,5,Plug-In Hybrid Petrol LGV,Urban (not London),8.46194088808e-05,1.09994698505e-05,5.85330190006e-06
2016,Scotland,4,7.4,5,Rigid HGV,Urban (not London),0.00195652595721,4.67204226879e-05,3.07571935991e-05
2016,Scotland,4,7.4,6,Artic HGV,Urban (not London),0.0031606964767,6.36903641862e-05,4.52512285847e-05
2016,Scotland,4,7.4,6,B100 Artic HGV,Urban (not London),0.00347676617093,6.10476199654e-05,4.27406230301e-05
2016,Scotland,4,7.4,6,B100 Bus,Urban (not London),0.00270971097052,4.80278686155e-05,3.16270998155e-05
2016,Scotland,4,7.4,6,B100 Coach,Urban (not London),0.0041058328934,6.52221642667e-05,4.7961682867e-05
2016,Scotland,4,7.4,6,B100 Rigid HGV,Urban (not London),0.00215217843652,4.51237065136e-05,2.92403146886e-05
2016,Scotland,4,7.4,6,Battery EV Cars,Urban (not London),0.0,7.75497937866e-06,4.12188956034e-06
2016,Scotland,4,7.4,6,Battery EV LGV,Urban (not London),0.0,1.09782886284e-05,5.83317932978e-06
2016,Scotland,4,7.4,6,Biogas Bus,Urban (not London),0.00069444446126,3.27659035975e-05,1.71282354131e-05
2016,Scotland,4,7.4,6,Biomethane Bus,Urban (not London),0.00069444446126,3.27659035975e-05,1.71282354131e-05
2016,Scotland,4,7.4,6,Bus and Coach,Urban (not London),0.00281874998473,5.28558521182e-05,3.62136852345e-05
2016,Scotland,4,7.4,6,CNG Bus,Urban (not London),0.00069444446126,3.27659035975e-05,1.71282354131e-05
2016,Scotland,4,7.4,6,Diesel Car,Urban (not London),0.000255899998592,1.6123176465e-05,1.20716767924e-05
2016,Scotland,4,7.4,6,E85 Bioethanol Cars,Urban (not London),3.74520241166e-05,7.92752325651e-06,4.2858064262e-06
2016,Scotland,4,7.4,6,E85 Bioethanol LGV,Urban (not London),3.35081276717e-05,1.11508325062e-05,5.9970957409e-06
2016,Scotland,4,7.4,6,FCEV Bus,Urban (not London),0.0,3.13770142384e-05,1.58087914315e-05
2016,Scotland,4,7.4,6,FCEV Cars,Urban (not London),0.0,7.75497937866e-06,4.12188956034e-06
2016,Scotland,4,7.4,6,FCEV LGV,Urban (not London),0.0,1.09782886284e-05,5.83317932978e-06
2016,Scotland,4,7.4,6,Full Hybrid Diesel Cars,Urban (not London),0.00027608484379,1.79600974661e-05,1.3816752471e-05
2016,Scotland,4,7.4,6,Full Hybrid Petrol Cars,Urban (not London),1.87260120583e-05,7.97065877123e-06,4.32678552897e-06
2016,Scotland,4,7.4,6,Full Hybrid Petrol LGV,Urban (not London),1.35213149406e-05,1.11900071715e-05,6.03431180934e-06
2016,Scotland,4,7.4,6,Hybrid Bus,Urban (not London),0.00343760405667,5.11762082169e-05,3.4618027712e-05
2016,Scotland,4,7.4,6,LGV,Urban (not London),0.000313070864649,2.36704108829e-05,1.78906957444e-05
2016,Scotland,4,7.4,6,LPG Cars,Urban (not London),1.13888891065e-05,7.9666979218e-06,4.3230220399e-06
2016,Scotland,4,7.4,6,LPG LGV,Urban (not London),2.83398512693e-05,1.11900071715e-05,6.03431180934e-06
2016,Scotland,4,7.4,6,Motorcycle,Urban (not London),2.4309822038e-05,4.50232619187e-06,2.78249285657e-06
2016,Scotland,4,7.4,6,Petrol Car,Urban (not London),3.74520241166e-05,7.97065877123e-06,4.32678552897e-06
2016,Scotland,4,7.4,6,Plug-In Hybrid Petrol Cars,Urban (not London),4.35792571807e-05,7.8082393884e-06,4.17248702433e-06
2016,Scotland,4,7.4,6,Plug-In Hybrid Petrol LGV,Urban (not London),8.46194088808e-05,1.09988350232e-05,5.85269845033e-06
2016,Scotland,4,7.4,6,Rigid HGV,Urban (not London),0.00195652595721,4.67204226879e-05,3.07571935991e-05
2016,Scotland,4,7.4,7,Artic HGV,Urban (not London),0.0031606964767,6.36903641862e-05,4.52512285847e-05
2016,Scotland,4,7.4,7,B100 Artic HGV,Urban (not London),0.00347676617093,6.10476199654e-05,4.27406230301e-05
2016,Scotland,4,7.4,7,B100 Bus,Urban (not London),0.00270971097052,4.80278686155e-05,3.16270998155e-05
2016,Scotland,4,7.4,7,B100 Coach,Urban (not London),0.0041058328934,6.52221642667e-05,4.7961682867e-05
2016,Scotland,4,7.4,7,B100 Rigid HGV,Urban (not London),0.00215217843652,4.51237065136e-05,2.92403146886e-05
2016,Scotland,4,7.4,7,Battery EV Cars,Urban (not London),0.0,7.75497937866e-06,4.12188956034e-06
2016,Scotland,4,7.4,7,Battery EV LGV,Urban (not London),0.0,1.09782886284e-05,5.83317932978e-06
2016,Scotland,4,7.4,7,Biogas Bus,Urban (not London),0.00069444446126,3.27659035975e-05,1.71282354131e-05
2016,Scotland,4,7.4,7,Biomethane Bus,Urban (not London),0.00069444446126,3.27659035975e-05,1.71282354131e-05
2016,Scotland,4,7.4,7,Bus and Coach,Urban (not London),0.00281874998473,5.28558521182e-05,3.62136852345e-05
2016,Scotland,4,7.4,7,CNG Bus,Urban (not London),0.00069444446126,3.27659035975e-05,1.71282354131e-05
2016,Scotland,4,7.4,7,Diesel Car,Urban (not London),0.000255899998592,1.6123176465e-05,1.20716767924e-05
2016,Scotland,4,7.4,7,E85 Bioethanol Cars,Urban (not London),3.69605913875e-05,7.92752325651e-06,4.2858064262e-06
2016,Scotland,4,7.4,7,E85 Bioethanol LGV,Urban (not London),3.34027790814e-05,1.11508325062e-05,5.9970957409e-06
2016,Scotland,4,7.4,7,FCEV Bus,Urban (not London),0.0,3.13770142384e-05,1.58087914315e-05
2016,Scotland,4,7.4,7,FCEV Cars,Urban (not London),0.0,7.75497937866e-06,4.12188956034e-06
2016,Scotland,4,7.4,7,FCEV LGV,Urban (not London),0.0,1.09782886284e-05,5.83317932978e-06
2016,Scotland,4,7.4,7,Full Hybrid Diesel Cars,Urban (not London),0.00027608484379,1.79600974661e-05,1.3816752471e-05
2016,Scotland,4,7.4,7,Full Hybrid Petrol Cars,Urban (not London),1.84802956937e-05,7.97065877123e-06,4.32678552897e-06
2016,Scotland,4,7.4,7,Full Hybrid Petrol LGV,Urban (not London),1.34679821713e-05,1.11900071715e-05,6.03431180934e-06
2016,Scotland,4,7.4,7,Hybrid Bus,Urban (not London),0.00304097239859,5.11762082169e-05,3.4618027712e-05
2016,Scotland,4,7.4,7,LGV,Urban (not London),0.000313067401294,2.36704108829e-05,1.78906957444e-05
2016,Scotland,4,7.4,7,LPG Cars,Urban (not London),1.13888891065e-05,7.9666979218e-06,4.3230220399e-06
2016,Scotland,4,7.4,7,LPG LGV,Urban (not London),2.83398512693e-05,1.11900071715e-05,6.03431180934e-06
2016,Scotland,4,7.4,7,Motorcycle,Urban (not London),2.4309822038e-05,4.50232619187e-06,2.78249285657e-06
2016,Scotland,4,7.4,7,Petrol Car,Urban (not London),3.69605913875e-05,7.97065877123e-06,4.32678552897e-06
2016,Scotland,4,7.4,7,Plug-In Hybrid Petrol Cars,Urban (not London),4.35792571807e-05,7.8082393884e-06,4.17248702433e-06
2016,Scotland,4,7.4,7,Plug-In Hybrid Petrol LGV,Urban (not London),8.46194088808e-05,1.09981274363e-05,5.85202587899e-06
2016,Scotland,4,7.4,7,Rigid HGV,Urban (not London),0.00195652595721,4.67204226879e-05,3.07571935991e-05
2016,Scotland,4,7.4,8,Artic HGV,Urban (not London),0.0031606964767,6.36903641862e-05,4.52512285847e-05
2016,Scotland,4,7.4,8,B100 Artic HGV,Urban (not London),0.00347676617093,6.10476199654e-05,4.27406230301e-05
2016,Scotland,4,7.4,8,B100 Bus,Urban (not London),0.00270971097052,4.80278686155e-05,3.16270998155e-05
2016,Scotland,4,7.4,8,B100 Coach,Urban (not London),0.0041058328934,6.52221642667e-05,4.7961682867e-05
2016,Scotland,4,7.4,8,B100 Rigid HGV,Urban (not London),0.00215217843652,4.51237065136e-05,2.92403146886e-05
2016,Scotland,4,7.4,8,Battery EV Cars,Urban (not London),0.0,7.75497937866e-06,4.12188956034e-06
2016,Scotland,4,7.4,8,Battery EV LGV,Urban (not London),0.0,1.09782886284e-05,5.83317932978e-06
2016,Scotland,4,7.4,8,Biogas Bus,Urban (not London),0.00069444446126,3.27659035975e-05,1.71282354131e-05
2016,Scotland,4,7.4,8,Biomethane Bus,Urban (not London),0.00069444446126,3.27659035975e-05,1.71282354131e-05
2016,Scotland,4,7.4,8,Bus and Coach,Urban (not London),0.00281874998473,5.28558521182e-05,3.62136852345e-05
2016,Scotland,4,7.4,8,CNG Bus,Urban (not London),0.00069444446126,3.27659035975e-05,1.71282354131e-05
2016,Scotland,4,7.4,8,Diesel Car,Urban (not London),0.000255899998592,1.6123176465e-05,1.20716767924e-05
2016,Scotland,4,7.4,8,E85 Bioethanol Cars,Urban (not London),3.6473851651e-05,7.92752325651e-06,4.2858064262e-06
2016,Scotland,4,7.4,8,E85 Bioethanol LGV,Urban (not London),3.32984382112e-05,1.11508325062e-05,5.9970957409e-06
2016,Scotland,4,7.4,8,FCEV Bus,Urban (not London),0.0,3.13770142384e-05,1.58087914315e-05
2016,Scotland,4,7.4,8,FCEV Cars,Urban (not London),0.0,7.75497937866e-06,4.12188956034e-06
2016,Scotland,4,7.4,8,FCEV LGV,Urban (not London),0.0,1.09782886284e-05,5.83317932978e-06
2016,Scotland,4,7.4,8,Full Hybrid Diesel Cars,Urban (not London),0.00027608484379,1.79600974661e-05,1.3816752471e-05
2016,Scotland,4,7.4,8,Full Hybrid Petrol Cars,Urban (not London),1.82369258255e-05,7.97065877123e-06,4.32678552897e-06
2016,Scotland,4,7.4,8,Full Hybrid Petrol LGV,Urban (not London),1.3415158719e-05,1.11900071715e-05,6.03431180934e-06
2016,Scotland,4,7.4,8,Hybrid Bus,Urban (not London),0.00274155149236,5.11762082169e-05,3.4618027712e-05
2016,Scotland,4,7.4,8,LGV,Urban (not London),0.000313063996146,2.36704108829e-05,1.78906957444e-05
2016,Scotland,4,7.4,8,LPG Cars,Urban (not London),1.13888891065e-05,7.9666979218e-06,4.3230220399e-06
2016,Scotland,4,7.4,8,LPG LGV,Urban (not London),2.83398512693e-05,1.11900071715e-05,6.03431180934e-06
2016,Scotland,4,7.4,8,Motorcycle,Urban (not London),2.4309822038e-05,4.50232619187e-06,2.78249285657e-06
2016,Scotland,4,7.4,8,Petrol Car,Urban (not London),3.6473851651e-05,7.97065877123e-06,4.32678552897e-06
2016,Scotland,4,7.4,8,Plug-In Hybrid Petrol Cars,Urban (not London),4.35792571807e-05,7.8082393884e-06,4.17248702433e-06
2016,Scotland,4,7.4,8,Plug-In Hybrid Petrol LGV,Urban (not London),8.46194088808e-05,1.09974835141e-05,5.85141424381e-06
2016,Scotland,4,7.4,8,Rigid HGV,Urban (not London),0.00195652595721,4.67204226879e-05,3.07571935991e-05
2016,Scotland,4,7.4,9,Artic HGV,Urban (not London),0.0031606964767,6.36903641862e-05,4.52512285847e-05
2016,Scotland,4,7.4,9,B100 Artic HGV,Urban (not London),0.00347676617093,6.10476199654e-05,4.27406230301e-05
2016,Scotland,4,7.4,9,B100 Bus,Urban (not London),0.00270971097052,4.80278686155e-05,3.16270998155e-05
2016,Scotland,4,7.4,9,B100 Coach,Urban (not London),0.0041058328934,6.52221642667e-05,4.7961682867e-05
2016,Scotland,4,7.4,9,B100 Rigid HGV,Urban (not London),0.00215217843652,4.51237065136e-05,2.92403146886e-05
2016,Scotland,4,7.4,9,Battery EV Cars,Urban (not London),0.0,7.75497937866e-06,4.12188956034e-06
2016,Scotland,4,7.4,9,Battery EV LGV,Urban (not London),0.0,1.09782886284e-05,5.83317932978e-06
2016,Scotland,4,7.4,9,Biogas Bus,Urban (not London),0.00069444446126,3.27659035975e-05,1.71282354131e-05
2016,Scotland,4,7.4,9,Biomethane Bus,Urban (not London),0.00069444446126,3.27659035975e-05,1.71282354131e-05
2016,Scotland,4,7.4,9,Bus and Coach,Urban (not London),0.00281874998473,5.28558521182e-05,3.62136852345e-05
2016,Scotland,4,7.4,9,CNG Bus,Urban (not London),0.00069444446126,3.27659035975e-05,1.71282354131e-05
2016,Scotland,4,7.4,9,Diesel Car,Urban (not London),0.000255899998592,1.6123176465e-05,1.20716767924e-05
2016,Scotland,4,7.4,9,E85 Bioethanol Cars,Urban (not London),3.59918049071e-05,7.92752325651e-06,4.2858064262e-06
2016,Scotland,4,7.4,9,E85 Bioethanol LGV,Urban (not London),3.31951014232e-05,1.11508325062e-05,5.9970957409e-06
2016,Scotland,4,7.4,9,FCEV Bus,Urban (not London),0.0,3.13770142384e-05,1.58087914315e-05
2016,Scotland,4,7.4,9,FCEV Cars,Urban (not London),0.0,7.75497937866e-06,4.12188956034e-06
2016,Scotland,4,7.4,9,FCEV LGV,Urban (not London),0.0,1.09782886284e-05,5.83317932978e-06
2016,Scotland,4,7.4,9,Full Hybrid Diesel Cars,Urban (not London),0.00027608484379,1.79600974661e-05,1.3816752471e-05
2016,Scotland,4,7.4,9,Full Hybrid Petrol Cars,Urban (not London),1.79959024535e-05,7.97065877123e-06,4.32678552897e-06
2016,Scotland,4,7.4,9,Full Hybrid Petrol LGV,Urban (not London),1.33628445838e-05,1.11900071715e-05,6.03431180934e-06
2016,Scotland,4,7.4,9,Hybrid Bus,Urban (not London),0.00250743003562,5.11762082169e-05,3.4618027712e-05
2016,Scotland,4,7.4,9,LGV,Urban (not London),0.000313060620101,2.36704108829e-05,1.78906957444e-05
2016,Scotland,4,7.4,9,LPG Cars,Urban (not London),1.13888891065e-05,7.9666979218e-06,4.3230220399e-06
2016,Scotland,4,7.4,9,LPG LGV,Urban (not London),2.83398512693e-05,1.11900071715e-05,6.03431180934e-06
2016,Scotland,4,7.4,9,Motorcycle,Urban (not London),2.4309822038e-05,4.50232619187e-06,2.78249285657e-06
2016,Scotland,4,7.4,9,Petrol Car,Urban (not London),3.59918049071e-05,7.97065877123e-06,4.32678552897e-06
2016,Scotland,4,7.4,9,Plug-In Hybrid Petrol Cars,Urban (not London),4.35792571807e-05,7.8082393884e-06,4.17248702433e-06
2016,Scotland,4,7.4,9,Plug-In Hybrid Petrol LGV,Urban (not London),8.46194088808e-05,1.09969369078e-05,5.85089537708e-06
2016,Scotland,4,7.4,9,Rigid HGV,Urban (not London),0.00195652595721,4.67204226879e-05,3.07571935991e-05
2016,Scotland,4,7.4,10,Artic HGV,Urban (not London),0.0031606964767,6.36903641862e-05,4.52512285847e-05
2016,Scotland,4,7.4,10,B100 Artic HGV,Urban (not London),0.00347676617093,6.10476199654e-05,4.27406230301e-05
2016,Scotland,4,7.4,10,B100 Bus,Urban (not London),0.00270971097052,4.80278686155e-05,3.16270998155e-05
2016,Scotland,4,7.4,10,B100 Coach,Urban (not London),0.0041058328934,6.52221642667e-05,4.7961682867e-05
2016,Scotland,4,7.4,10,B100 Rigid HGV,Urban (not London),0.00215217843652,4.51237065136e-05,2.92403146886e-05
2016,Scotland,4,7.4,10,Battery EV Cars,Urban (not London),0.0,7.75497937866e-06,4.12188956034e-06
2016,Scotland,4,7.4,10,Battery EV LGV,Urban (not London),0.0,1.09782886284e-05,5.83317932978e-06
2016,Scotland,4,7.4,10,Biogas Bus,Urban (not London),0.00069444446126,3.27659035975e-05,1.71282354131e-05
2016,Scotland,4,7.4,10,Biomethane Bus,Urban (not London),0.00069444446126,3.27659035975e-05,1.71282354131e-05
2016,Scotland,4,7.4,10,Bus and Coach,Urban (not London),0.00281874998473,5.28558521182e-05,3.62136852345e-05
2016,Scotland,4,7.4,10,CNG Bus,Urban (not London),0.00069444446126,3.27659035975e-05,1.71282354131e-05
2016,Scotland,4,7.4,10,Diesel Car,Urban (not London),0.000255899998592,1.6123176465e-05,1.20716767924e-05
2016,Scotland,4,7.4,10,E85 Bioethanol Cars,Urban (not London),3.55144475179e-05,7.92752325651e-06,4.2858064262e-06
2016,Scotland,4,7.4,10,E85 Bioethanol LGV,Urban (not London),3.30927687173e-05,1.11508325062e-05,5.9970957409e-06
2016,Scotland,4,7.4,10,FCEV Bus,Urban (not London),0.0,3.13770142384e-05,1.58087914315e-05
2016,Scotland,4,7.4,10,FCEV Cars,Urban (not London),0.0,7.75497937866e-06,4.12188956034e-06
2016,Scotland,4,7.4,10,FCEV LGV,Urban (not London),0.0,1.09782886284e-05,5.83317932978e-06
2016,Scotland,4,7.4,10,Full Hybrid Diesel Cars,Urban (not London),0.00027608484379,1.79600974661e-05,1.3816752471e-05
2016,Scotland,4,7.4,10,Full Hybrid Petrol Cars,Urban (not London),1.7757223759e-05,7.97065877123e-06,4.32678552897e-06
2016,Scotland,4,7.4,10,Full Hybrid Petrol LGV,Urban (not London),1.3311038856e-05,1.11900071715e-05,6.03431180934e-06
2016,Scotland,4,7.4,10,Hybrid Bus,Urban (not London),0.00231695338152,5.11762082169e-05,3.4618027712e-05
2016,Scotland,4,7.4,10,LGV,Urban (not London),0.000313057273161,2.36704108829e-05,1.78906957444e-05
2016,Scotland,4,7.4,10,LPG Cars,Urban (not London),1.13888891065e-05,7.9666979218e-06,4.3230220399e-06
2016,Scotland,4,7.4,10,LPG LGV,Urban (not London),2.83398512693e-05,1.11900071715e-05,6.03431180934e-06
2016,Scotland,4,7.4,10,Motorcycle,Urban (not London),2.4309822038e-05,4.50232619187e-06,2.78249285657e-06
2016,Scotland,4,7.4,10,Petrol Car,Urban (not London),3.55144475179e-05,7.97065877123e-06,4.32678552897e-06
2016,Scotland,4,7.4,10,Plug-In Hybrid Petrol Cars,Urban (not London),4.35792571807e-05,7.8082393884e-06,4.17248702433e-06
2016,Scotland,4,7.4,10,Plug-In Hybrid Petrol LGV,Urban (not London),8.46194088808e-05,1.09964885269e-05,5.85046927881e-06
2016,Scotland,4,7.4,10,Rigid HGV,Urban (not London),0.00195652595721,4.67204226879e-05,3.07571935991e-05
2016,Scotland,4,7.4,12,Artic HGV,Urban (not London),0.0031606964767,6.36903641862e-05,4.52512285847e-05
2016,Scotland,4,7.4,12,B100 Artic HGV,Urban (not London),0.00347676617093,6.10476199654e-05,4.27406230301e-05
2016,Scotland,4,7.4,12,B100 Bus,Urban (not London),0.00256929779425,4.73069958389e-05,3.0942272133e-05
2016,Scotland,4,7.4,12,B100 Coach,Urban (not London),0.0041058328934,6.32153387414e-05,4.60551964352e-05
2016,Scotland,4,7.4,12,B100 Rigid HGV,Urban (not London),0.00215217843652,4.51237065136e-05,2.92403146886e-05
2016,Scotland,4,7.4,12,Battery EV Cars,Urban (not London),0.0,7.75497937866e-06,4.12188956034e-06
2016,Scotland,4,7.4,12,Battery EV LGV,Urban (not London),0.0,1.09782886284e-05,5.83317932978e-06
2016,Scotland,4,7.4,12,Biogas Bus,Urban (not London),0.00069444446126,3.27659035975e-05,1.71282354131e-05
2016,Scotland,4,7.4,12,Biomethane Bus,Urban (not London),0.00069444446126,3.27659035975e-05,1.71282354131e-05
2016,Scotland,4,7.4,12,Bus and Coach,Urban (not London),0.00272684334777,5.22791524418e-05,3.56658238161e-05
2016,Scotland,4,7.4,12,CNG Bus,Urban (not London),0.00069444446126,3.27659035975e-05,1.71282354131e-05
2016,Scotland,4,7.4,12,Diesel Car,Urban (not London),0.000246513780439,1.59294831974e-05,1.18876687338e-05
2016,Scotland,4,7.4,12,E85 Bioethanol Cars,Urban (not London),3.46225278918e-05,7.92752325651e-06,4.2858064262e-06
2016,Scotland,4,7.4,12,E85 Bioethanol LGV,Urban (not London),3.25074870489e-05,1.11508325062e-05,5.9970957409e-06
2016,Scotland,4,7.4,12,FCEV Bus,Urban (not London),0.0,3.13770142384e-05,1.58087914315e-05
2016,Scotland,4,7.4,12,FCEV Cars,Urban (not London),0.0,7.75497937866e-06,4.12188956034e-06
2016,Scotland,4,7.4,12,FCEV LGV,Urban (not London),0.0,1.09782886284e-05,5.83317932978e-06
2016,Scotland,4,7.4,12,Full Hybrid Diesel Cars,Urban (not London),0.000260619359324,1.77238871402e-05,1.35923519338e-05
2016,Scotland,4,7.4,12,Full Hybrid Petrol Cars,Urban (not London),1.73112639459e-05,7.97065877123e-06,4.32678552897e-06
2016,Scotland,4,7.4,12,Full Hybrid Petrol LGV,Urban (not London),1.29564023155e-05,1.11900071715e-05,6.03431180934e-06
2016,Scotland,4,7.4,12,Hybrid Bus,Urban (not London),0.00201882841066,4.91463833896e-05,3.26896915794e-05
2016,Scotland,4,7.4,12,LGV,Urban (not London),0.000303389067994,2.30243367696e-05,1.72769250639e-05
2016,Scotland,4,7.4,12,LPG Cars,Urban (not London),1.13888891065e-05,7.9666979218e-06,4.3230220399e-06
2016,Scotland,4,7.4,12,LPG LGV,Urban (not London),2.74481481028e-05,1.11900071715e-05,6.03431180934e-06
2016,Scotland,4,7.4,12,Motorcycle,Urban (not London),2.30872847169e-05,4.50232619187e-06,2.78249285657e-06
2016,Scotland,4,7.4,12,Petrol Car,Urban (not London),3.46225278918e-05,7.97065877123e-06,4.32678552897e-06
2016,Scotland,4,7.4,12,Plug-In Hybrid Petrol Cars,Urban (not London),4.39739524154e-05,7.8082393884e-06,4.17248702433e-06
2016,Scotland,4,7.4,12,Plug-In Hybrid Petrol LGV,Urban (not London),8.60859145178e-05,1.09954644358e-05,5.84949657423e-06
2016,Scotland,4,7.4,12,Rigid HGV,Urban (not London),0.00195652595721,4.67204226879e-05,3.07571935991e-05
2016,Scotland,4,7.4,14,Artic HGV,Urban (not London),0.00298568839207,6.16019533481e-05,4.32672386523e-05
2016,Scotland,4,7.4,14,B100 Artic HGV,Urban (not London),0.00328425713815,5.91680509388e-05,4.0955030272e-05
2016,Scotland,4,7.4,14,B100 Bus,Urban (not London),0.00234537944198,4.60715091322e-05,2.97685583064e-05
2016,Scotland,4,7.4,14,B100 Coach,Urban (not London),0.00364892464131,5.96350291744e-05,4.26539045293e-05
2016,Scotland,4,7.4,14,B100 Rigid HGV,Urban (not London),0.0019918307662,4.40043040726e-05,2.81768807326e-05
2016,Scotland,4,7.4,14,Battery EV Cars,Urban (not London),0.0,7.75497937866e-06,4.12188956034e-06
2016,Scotland,4,7.4,14,Battery EV LGV,Urban (not London),0.0,1.09782886284e-05,5.83317932978e-06
2016,Scotland,4,7.4,14,Biogas Bus,Urban (not London),0.00069444446126,3.27659035975e-05,1.71282354131e-05
2016,Scotland,4,7.4,14,Biomethane Bus,Urban (not London),0.00069444446126,3.27659035975e-05,1.71282354131e-05
2016,Scotland,4,7.4,14,Bus and Coach,Urban (not London),0.00246397475712,5.04403833474e-05,3.39189900842e-05
2016,Scotland,4,7.4,14,CNG Bus,Urban (not London),0.00069444446126,3.27659035975e-05,1.71282354131e-05
2016,Scotland,4,7.4,14,Diesel Car,Urban (not London),0.000237457337789,1.57416216098e-05,1.1709199498e-05
2016,Scotland,4,7.4,14,E85 Bioethanol Cars,Urban (not London),3.37521851179e-05,7.92752325651e-06,4.2858064262e-06
2016,Scotland,4,7.4,14,E85 Bioethanol LGV,Urban (not London),3.19470891554e-05,1.11508325062e-05,5.9970957409e-06
2016,Scotland,4,7.4,14,FCEV Bus,Urban (not London),0.0,3.13770142384e-05,1.58087914315e-05
2016,Scotland,4,7.4,14,FCEV Cars,Urban (not London),0.0,7.75497937866e-06,4.12188956034e-06
2016,Scotland,4,7.4,14,FCEV LGV,Urban (not London),0.0,1.09782886284e-05,5.83317932978e-06
2016,Scotland,4,7.4,14,Full Hybrid Diesel Cars,Urban (not London),0.000248000113061,1.74947872438e-05,1.33747062137e-05
2016,Scotland,4,7.4,14,Full Hybrid Petrol Cars,Urban (not London),1.6876092559e-05,7.97065877123e-06,4.32678552897e-06
2016,Scotland,4,7.4,14,Full Hybrid Petrol LGV,Urban (not London),1.261419402e-05,1.11900071715e-05,6.03431180934e-06
2016,Scotland,4,7.4,14,Hybrid Bus,Urban (not London),0.00179031398147,4.75735869259e-05,3.11955336656e-05
2016,Scotland,4,7.4,14,LGV,Urban (not London),0.000294071884127,2.24078921747e-05,1.66913014255e-05
2016,Scotland,4,7.4,14,LPG Cars,Urban (not London),1.13888891065e-05,7.9666979218e-06,4.3230220399e-06
2016,Scotland,4,7.4,14,LPG LGV,Urban (not London),2.65886956186e-05,1.11900071715e-05,6.03431180934e-06
2016,Scotland,4,7.4,14,Motorcycle,Urban (not London),2.20096535486e-05,4.50232619187e-06,2.78249285657e-06
2016,Scotland,4,7.4,14,Petrol Car,Urban (not London),3.37521851179e-05,7.97065877123e-06,4.32678552897e-06
2016,Scotland,4,7.4,14,Plug-In Hybrid Petrol Cars,Urban (not London),4.43914141215e-05,7.8082393884e-06,4.17248702433e-06
2016,Scotland,4,7.4,14,Plug-In Hybrid Petrol LGV,Urban (not London),8.75659025041e-05,1.099475503e-05,5.84882218391e-06
2016,Scotland,4,7.4,14,Rigid HGV,Urban (not London),0.00181075523142,4.54766413895e-05,2.95756017294e-05
2016,Scotland,4,7.4,16,Artic HGV,Urban (not London),0.00282838009298,5.98541628278e-05,4.16068396589e-05
2016,Scotland,4,7.4,16,B100 Artic HGV,Urban (not London),0.00311121810228,5.75950398343e-05,3.94606686314e-05
2016,Scotland,4,7.4,16,B100 Bus,Urban (not London),0.002172566019,4.50492298114e-05,2.87973962259e-05
2016,Scotland,4,7.4,16,B100 Coach,Urban (not London),0.00329387164675,5.68622053834e-05,4.00197241106e-05
2016,Scotland,4,7.4,16,B100 Rigid HGV,Urban (not London),0.00186038098764,4.30792133557e-05,2.72980450973e-05
2016,Scotland,4,7.4,16,Battery EV Cars,Urban (not London),0.0,7.75497937866e-06,4.12188956034e-06
2016,Scotland,4,7.4,16,Battery EV LGV,Urban (not London),0.0,1.09782886284e-05,5.83317932978e-06
2016,Scotland,4,7.4,16,Biogas Bus,Urban (not London),0.00069444446126,3.27659035975e-05,1.71282354131e-05
2016,Scotland,4,7.4,16,Biomethane Bus,Urban (not London),0.00069444446126,3.27659035975e-05,1.71282354131e-05
2016,Scotland,4,7.4,16,Bus and Coach,Urban (not London),0.0022604833357,4.89463418489e-05,3.24996508425e-05
2016,Scotland,4,7.4,16,CNG Bus,Urban (not London),0.00069444446126,3.27659035975e-05,1.71282354131e-05
2016,Scotland,4,7.4,16,Diesel Car,Urban (not London),0.000228730670642,1.55595898832e-05,1.15362690849e-05
2016,Scotland,4,7.4,16,E85 Bioethanol Cars,Urban (not London),3.29034155584e-05,7.92752325651e-06,4.2858064262e-06
2016,Scotland,4,7.4,16,E85 Bioethanol LGV,Urban (not London),3.14115750371e-05,1.11508325062e-05,5.9970957409e-06
2016,Scotland,4,7.4,16,FCEV Bus,Urban (not London),0.0,3.13770142384e-05,1.58087914315e-05
2016,Scotland,4,7.4,16,FCEV Cars,Urban (not London),0.0,7.75497937866e-06,4.12188956034e-06
2016,Scotland,4,7.4,16,FCEV LGV,Urban (not London),0.0,1.09782886284e-05,5.83317932978e-06
2016,Scotland,4,7.4,16,Full Hybrid Diesel Cars,Urban (not London),0.00023726055224,1.7272795958e-05,1.31638162202e-05
2016,Scotland,4,7.4,16,Full Hybrid Petrol Cars,Urban (not London),1.64517077792e-05,7.97065877123e-06,4.32678552897e-06
2016,Scotland,4,7.4,16,Full Hybrid Petrol LGV,Urban (not London),1.22844139696e-05,1.11900071715e-05,6.03431180934e-06
2016,Scotland,4,7.4,16,Hybrid Bus,Urban (not London),0.00160647102166,4.63174837932e-05,3.00022365991e-05
2016,Scotland,4,7.4,16,LGV,Urban (not London),0.000285105750663,2.18210770981e-05,1.6133828467e-05
2016,Scotland,4,7.4,16,LPG Cars,Urban (not London),1.13888891065e-05,7.9666979218e-06,4.3230220399e-06
2016,Scotland,4,7.4,16,LPG LGV,Urban (not London),2.57614956354e-05,1.11900071715e-05,6.03431180934e-06
2016,Scotland,4,7.4,16,Motorcycle,Urban (not London),2.10665821214e-05,4.50232619187e-06,2.78249285657e-06
2016,Scotland,4,7.4,16,Petrol Car,Urban (not London),3.29034155584e-05,7.97065877123e-06,4.32678552897e-06
2016,Scotland,4,7.4,16,Plug-In Hybrid Petrol Cars,Urban (not London),4.48316495749e-05,7.8082393884e-06,4.17248702433e-06
2016,Scotland,4,7.4,16,Plug-In Hybrid Petrol LGV,Urban (not London),8.905937284e-05,1.09942875497e-05,5.84837789575e-06
2016,Scotland,4,7.4,16,Rigid HGV,Urban (not London),0.00169125548564,4.44487632194e-05,2.85991154669e-05
2016,Scotland,4,7.4,18,Artic HGV,Urban (not London),0.00268613407388,5.83708861086e-05,4.01977231377e-05
2016,Scotland,4,7.4,18,B100 Artic HGV,Urban (not London),0.00295474752784,5.6260087149e-05,3.81924655812e-05
2016,Scotland,4,7.4,18,B100 Bus,Urban (not London),0.00203364691697,4.41883421445e-05,2.79795531242e-05
2016,Scotland,4,7.4,18,B100 Coach,Urban (not London),0.00301014259458,5.4647334764e-05,3.79155935661e-05
2016,Scotland,4,7.4,18,B100 Rigid HGV,Urban (not London),0.00175040843897,4.23016281275e-05,2.65593407676e-05
2016,Scotland,4,7.4,18,Battery EV Cars,Urban (not London),0.0,7.75497937866e-06,4.12188956034e-06
2016,Scotland,4,7.4,18,Battery EV LGV,Urban (not London),0.0,1.09782886284e-05,5.83317932978e-06
2016,Scotland,4,7.4,18,Biogas Bus,Urban (not London),0.00069444446126,3.27659035975e-05,1.71282354131e-05
2016,Scotland,4,7.4,18,Biomethane Bus,Urban (not London),0.00069444446126,3.27659035975e-05,1.71282354131e-05
2016,Scotland,4,7.4,18,Bus and Coach,Urban (not London),0.00209733238444,4.77073226648e-05,3.13225827995e-05
2016,Scotland,4,7.4,18,CNG Bus,Urban (not London),0.00069444446126,3.27659035975e-05,1.71282354131e-05
2016,Scotland,4,7.4,18,Diesel Car,Urban (not London),0.000220333778998,1.53833880177e-05,1.13688774945e-05
2016,Scotland,4,7.4,18,E85 Bioethanol Cars,Urban (not London),3.20762192132e-05,7.92752325651e-06,4.2858064262e-06
2016,Scotland,4,7.4,18,E85 Bioethanol LGV,Urban (not London),3.09009446937e-05,1.11508325062e-05,5.9970957409e-06
2016,Scotland,4,7.4,18,FCEV Bus,Urban (not London),0.0,3.13770142384e-05,1.58087914315e-05
2016,Scotland,4,7.4,18,FCEV Cars,Urban (not London),0.0,7.75497937866e-06,4.12188956034e-06
2016,Scotland,4,7.4,18,FCEV LGV,Urban (not London),0.0,1.09782886284e-05,5.83317932978e-06
2016,Scotland,4,7.4,18,Full Hybrid Diesel Cars,Urban (not London),0.000227859200095,1.70579169207e-05,1.29596801344e-05
2016,Scotland,4,7.4,18,Full Hybrid Petrol Cars,Urban (not London),1.60381096066e-05,7.97065877123e-06,4.32678552897e-06
2016,Scotland,4,7.4,18,Full Hybrid Petrol LGV,Urban (not London),1.19670639833e-05,1.11900071715e-05,6.03431180934e-06
2016,Scotland,4,7.4,18,Hybrid Bus,Urban (not London),0.00145406892989,4.5288074034e-05,2.90242969641e-05
2016,Scotland,4,7.4,18,LGV,Urban (not London),0.000276490609394,2.126389154e-05,1.56045007316e-05
2016,Scotland,4,7.4,18,LPG Cars,Urban (not London),1.13888891065e-05,7.9666979218e-06,4.3230220399e-06
2016,Scotland,4,7.4,18,LPG LGV,Urban (not London),2.49665463343e-05,1.11900071715e-05,6.03431180934e-06
2016,Scotland,4,7.4,18,Motorcycle,Urban (not London),2.02485061891e-05,4.50232619187e-06,2.78249285657e-06
2016,Scotland,4,7.4,18,Petrol Car,Urban (not London),3.20762192132e-05,7.97065877123e-06,4.32678552897e-06
2016,Scotland,4,7.4,18,Plug-In Hybrid Petrol Cars,Urban (not London),4.52946551377e-05,7.8082393884e-06,4.17248702433e-06
2016,Scotland,4,7.4,18,Plug-In Hybrid Petrol LGV,Urban (not London),9.05663255253e-05,1.09940092443e-05,5.84811368753e-06
2016,Scotland,4,7.4,18,Rigid HGV,Urban (not London),0.00159128033556,4.35847796325e-05,2.77783346974e-05
2016,Scotland,4,7.4,20,Artic HGV,Urban (not London),0.00255711190403,5.70971460547e-05,3.89876731788e-05
2016,Scotland,4,7.4,20,B100 Artic HGV,Urban (not London),0.00281282304786,5.51137236471e-05,3.71034184354e-05
2016,Scotland,4,7.4,20,B100 Bus,Urban (not London),0.0019186596619,4.34531357314e-05,2.7281104849e-05
2016,Scotland,4,7.4,20,B100 Coach,Urban (not London),0.00277844956145,5.28349846718e-05,3.6193861888e-05
2016,Scotland,4,7.4,20,B100 Rigid HGV,Urban (not London),0.00165705161635,4.16390248574e-05,2.59298649326e-05
2016,Scotland,4,7.4,20,Battery EV Cars,Urban (not London),0.0,7.75497937866e-06,4.12188956034e-06
2016,Scotland,4,7.4,20,Battery EV LGV,Urban (not London),0.0,1.09782886284e-05,5.83317932978e-06
2016,Scotland,4,7.4,20,Biogas Bus,Urban (not London),0.00069444446126,3.27659035975e-05,1.71282354131e-05
2016,Scotland,4,7.4,20,Biomethane Bus,Urban (not London),0.00069444446126,3.27659035975e-05,1.71282354131e-05
2016,Scotland,4,7.4,20,Bus and Coach,Urban (not London),0.00196309178136,4.66628516733e-05,3.03303368128e-05
2016,Scotland,4,7.4,20,CNG Bus,Urban (not London),0.00069444446126,3.27659035975e-05,1.71282354131e-05
2016,Scotland,4,7.4,20,Diesel Car,Urban (not London),0.000212266662857,1.52130160131e-05,1.12070247269e-05
2016,Scotland,4,7.4,20,E85 Bioethanol Cars,Urban (not London),3.11674411932e-05,7.92752325651e-06,4.2858064262e-06
2016,Scotland,4,7.4,20,E85 Bioethanol LGV,Urban (not London),3.02376465697e-05,1.11508325062e-05,5.9970957409e-06
2016,Scotland,4,7.4,20,FCEV Bus,Urban (not London),0.0,3.13770142384e-05,1.58087914315e-05
2016,Scotland,4,7.4,20,FCEV Cars,Urban (not London),0.0,7.75497937866e-06,4.12188956034e-06
2016,Scotland,4,7.4,20,FCEV LGV,Urban (not London),0.0,1.09782886284e-05,5.83317932978e-06
2016,Scotland,4,7.4,20,Full Hybrid Diesel Cars,Urban (not London),0.000219467459829,1.68501464941e-05,1.27622979562e-05
2016,Scotland,4,7.4,20,Full Hybrid Petrol Cars,Urban (not London),1.55837205966e-05,7.97065877123e-06,4.32678552897e-06
2016,Scotland,4,7.4,20,Full Hybrid Petrol LGV,Urban (not London),1.15722568808e-05,1.11900071715e-05,6.03431180934e-06
2016,Scotland,4,7.4,20,Hybrid Bus,Urban (not London),0.00132508785464,4.44259931101e-05,2.8205320632e-05
2016,Scotland,4,7.4,20,LGV,Urban (not London),0.000268220697762,2.07363355003e-05,1.51033236762e-05
2016,Scotland,4,7.4,20,LPG Cars,Urban (not London),1.13888891065e-05,7.9666979218e-06,4.3230220399e-06
2016,Scotland,4,7.4,20,LPG LGV,Urban (not London),2.42038495344e-05,1.11900071715e-05,6.03431180934e-06
2016,Scotland,4,7.4,20,Motorcycle,Urban (not London),1.95466200239e-05,4.50232619187e-06,2.78249285657e-06
2016,Scotland,4,7.4,20,Petrol Car,Urban (not London),3.11674411932e-05,7.97065877123e-06,4.32678552897e-06
2016,Scotland,4,7.4,20,Plug-In Hybrid Petrol Cars,Urban (not London),4.57804308098e-05,7.8082393884e-06,4.17248702433e-06
2016,Scotland,4,7.4,20,Plug-In Hybrid Petrol LGV,Urban (not London),9.2086767836e-05,1.09938828246e-05,5.84799363423e-06
2016,Scotland,4,7.4,20,Rigid HGV,Urban (not London),0.00150641053915,4.28485509474e-05,2.70789169008e-05
2016,Scotland,4,7.4,25,Artic HGV,Urban (not London),0.00228407303803,5.45861585124e-05,3.66022359231e-05
2016,Scotland,4,7.4,25,B100 Artic HGV,Urban (not London),0.00251248036511,5.285383304e-05,3.49565270881e-05
2016,Scotland,4,7.4,25,B100 Bus,Urban (not London),0.00169982505031,4.20129945269e-05,2.59129737969e-05
2016,Scotland,4,7.4,25,B100 Coach,Urban (not London),0.00235202442855,4.94714658998e-05,3.29985196004e-05
2016,Scotland,4,7.4,25,B100 Rigid HGV,Urban (not London),0.00147653522436,4.03463855037e-05,2.47018597292e-05
2016,Scotland,4,7.4,25,Battery EV Cars,Urban (not London),0.0,7.75497937866e-06,4.12188956034e-06
2016,Scotland,4,7.4,25,Battery EV LGV,Urban (not London),0.0,1.09782886284e-05,5.83317932978e-06
2016,Scotland,4,7.4,25,Biogas Bus,Urban (not London),0.00069444446126,3.27659035975e-05,1.71282354131e-05
2016,Scotland,4,7.4,25,Biomethane Bus,Urban (not London),0.00069444446126,3.27659035975e-05,1.71282354131e-05
2016,Scotland,4,7.4,25,Bus and Coach,Urban (not London),0.00171130988747,4.46523554274e-05,2.84203633782e-05
2016,Scotland,4,7.4,25,CNG Bus,Urban (not London),0.00069444446126,3.27659035975e-05,1.71282354131e-05
2016,Scotland,4,7.4,25,Diesel Car,Urban (not London),0.000193541665794,1.48125964188e-05,1.08266258394e-05
2016,Scotland,4,7.4,25,E85 Bioethanol Cars,Urban (not London),2.87822913378e-05,7.92752325651e-06,4.2858064262e-06
2016,Scotland,4,7.4,25,E85 Bioethanol LGV,Urban (not London),2.83092776954e-05,1.11508325062e-05,5.9970957409e-06
2016,Scotland,4,7.4,25,FCEV Bus,Urban (not London),0.0,3.13770142384e-05,1.58087914315e-05
2016,Scotland,4,7.4,25,FCEV Cars,Urban (not London),0.0,7.75497937866e-06,4.12188956034e-06
2016,Scotland,4,7.4,25,FCEV LGV,Urban (not London),0.0,1.09782886284e-05,5.83317932978e-06
2016,Scotland,4,7.4,25,Full Hybrid Diesel Cars,Urban (not London),0.000201674178243,1.63618296938e-05,1.22983965412e-05
2016,Scotland,4,7.4,25,Full Hybrid Petrol Cars,Urban (not London),1.43911456689e-05,7.97065877123e-06,4.32678552897e-06
2016,Scotland,4,7.4,25,Full Hybrid Petrol LGV,Urban (not London),1.0447751265e-05,1.11900071715e-05,6.03431180934e-06
2016,Scotland,4,7.4,25,Hybrid Bus,Urban (not London),0.00107416033279,4.27667000622e-05,2.66289898718e-05
2016,Scotland,4,7.4,25,LGV,Urban (not London),0.000249069271376,1.95470765902e-05,1.39735284392e-05
2016,Scotland,4,7.4,25,LPG Cars,Urban (not London),1.13888891065e-05,7.9666979218e-06,4.3230220399e-06
2016,Scotland,4,7.4,25,LPG LGV,Urban (not London),2.24382092711e-05,1.11900071715e-05,6.03431180934e-06
2016,Scotland,4,7.4,25,Motorcycle,Urban (not London),1.82489038707e-05,4.50232619187e-06,2.78249285657e-06
2016,Scotland,4,7.4,25,Petrol Car,Urban (not London),2.87822913378e-05,7.97065877123e-06,4.32678552897e-06
2016,Scotland,4,7.4,25,Plug-In Hybrid Petrol Cars,Urban (not London),4.70944942208e-05,7.8082393884e-06,4.17248702433e-06
2016,Scotland,4,7.4,25,Plug-In Hybrid Petrol LGV,Urban (not London),9.59468598012e-05,1.09940701805e-05,5.84817144045e-06
2016,Scotland,4,7.4,25,Rigid HGV,Urban (not London),0.00134230474941,4.14122878283e-05,2.57144656644e-05
2016,Scotland,4,7.4,30,Artic HGV,Urban (not London),0.00207044766285,5.27408265043e-05,3.48491703335e-05
2016,Scotland,4,7.4,30,B100 Artic HGV,Urban (not London),0.00227749231271,5.11930338689e-05,3.33787684212e-05
2016,Scotland,4,7.4,30,B100 Bus,Urban (not London),0.00154223141726,4.09620079154e-05,2.49145341513e-05
2016,Scotland,4,7.4,30,B100 Coach,Urban (not London),0.00206341198646,4.71479797852e-05,3.0791208701e-05
2016,Scotland,4,7.4,30,B100 Rigid HGV,Urban (not London),0.00134882063139,3.94091402995e-05,2.38114753301e-05
2016,Scotland,4,7.4,30,Battery EV Cars,Urban (not London),0.0,7.75497937866e-06,4.12188956034e-06
2016,Scotland,4,7.4,30,Battery EV LGV,Urban (not London),0.0,1.09782886284e-05,5.83317932978e-06
2016,Scotland,4,7.4,30,Biogas Bus,Urban (not London),0.00069444446126,3.27659035975e-05,1.71282354131e-05
2016,Scotland,4,7.4,30,Biomethane Bus,Urban (not London),0.00069444446126,3.27659035975e-05,1.71282354131e-05
2016,Scotland,4,7.4,30,Bus and Coach,Urban (not London),0.00153469271027,4.32131855632e-05,2.70531545539e-05
2016,Scotland,4,7.4,30,CNG Bus,Urban (not London),0.00069444446126,3.27659035975e-05,1.71282354131e-05
2016,Scotland,4,7.4,30,Diesel Car,Urban (not London),0.000176877772901,1.44486157296e-05,1.04808441392e-05
2016,Scotland,4,7.4,30,E85 Bioethanol Cars,Urban (not London),2.66106126219e-05,7.92752325651e-06,4.2858064262e-06
2016,Scotland,4,7.4,30,E85 Bioethanol LGV,Urban (not London),2.66316146735e-05,1.11508325062e-05,5.9970957409e-06
2016,Scotland,4,7.4,30,FCEV Bus,Urban (not London),0.0,3.13770142384e-05,1.58087914315e-05
2016,Scotland,4,7.4,30,FCEV Cars,Urban (not London),0.0,7.75497937866e-06,4.12188956034e-06
2016,Scotland,4,7.4,30,FCEV LGV,Urban (not London),0.0,1.09782886284e-05,5.83317932978e-06
2016,Scotland,4,7.4,30,Full Hybrid Diesel Cars,Urban (not London),0.000187142431969,1.59179508046e-05,1.18767120512e-05
2016,Scotland,4,7.4,30,Full Hybrid Petrol Cars,Urban (not London),1.33053063109e-05,7.97065877123e-06,4.32678552897e-06
2016,Scotland,4,7.4,30,Full Hybrid Petrol LGV,Urban (not London),9.44911244005e-06,1.11900071715e-05,6.03431180934e-06
2016,Scotland,4,7.4,30,Hybrid Bus,Urban (not London),0.000891491537914,4.15602153225e-05,2.54828319157e-05
2016,Scotland,4,7.4,30,LGV,Urban (not London),0.000232114849496,1.85430053534e-05,1.3019659491e-05
2016,Scotland,4,7.4,30,LPG Cars,Urban (not London),1.13888891065e-05,7.9666979218e-06,4.3230220399e-06
2016,Scotland,4,7.4,30,LPG LGV,Urban (not London),2.08741439565e-05,1.11900071715e-05,6.03431180934e-06
2016,Scotland,4,7.4,30,Motorcycle,Urban (not London),1.7521006157e-05,4.50232619187e-06,2.78249285657e-06
2016,Scotland,4,7.4,30,Petrol Car,Urban (not London),2.66106126219e-05,7.97065877123e-06,4.32678552897e-06
2016,Scotland,4,7.4,30,Plug-In Hybrid Petrol Cars,Urban (not London),4.85508753627e-05,7.8082393884e-06,4.17248702433e-06
2016,Scotland,4,7.4,30,Plug-In Hybrid Petrol LGV,Urban (not London),9.98912291834e-05,1.09947841338e-05,5.8488499235e-06
2016,Scotland,4,7.4,30,Rigid HGV,Urban (not London),0.00122620060574,4.03709018428e-05,2.47251500696e-05
2016,Scotland,4,7.4,35,Artic HGV,Urban (not London),0.00190549343824,5.13345912623e-05,3.35132463078e-05
2016,Scotland,4,7.4,35,B100 Artic HGV,Urban (not London),0.0020960427355,4.99274246977e-05,3.21764346154e-05
2016,Scotland,4,7.4,35,B100 Bus,Urban (not London),0.00142167741433,4.01663382945e-05,2.41586494667e-05
2016,Scotland,4,7.4,35,B100 Coach,Urban (not London),0.00185771798715,4.54441287729e-05,2.91725500574e-05
2016,Scotland,4,7.4,35,B100 Rigid HGV,Urban (not London),0.00125699397177,3.87046820833e-05,2.31422400248e-05
2016,Scotland,4,7.4,35,Battery EV Cars,Urban (not London),0.0,7.75497937866e-06,4.12188956034e-06
2016,Scotland,4,7.4,35,Battery EV LGV,Urban (not London),0.0,1.09782886284e-05,5.83317932978e-06
2016,Scotland,4,7.4,35,Biogas Bus,Urban (not London),0.00069444446126,3.27659035975e-05,1.71282354131e-05
2016,Scotland,4,7.4,35,Biomethane Bus,Urban (not London),0.00069444446126,3.27659035975e-05,1.71282354131e-05
2016,Scotland,4,7.4,35,Bus and Coach,Urban (not London),0.00140342616942,4.21378972533e-05,2.60316282947e-05
2016,Scotland,4,7.4,35,CNG Bus,Urban (not London),0.00069444446126,3.27659035975e-05,1.71282354131e-05
2016,Scotland,4,7.4,35,Diesel Car,Urban (not London),0.000162274998729,1.41210748552e-05,1.01696805359e-05
2016,Scotland,4,7.4,35,E85 Bioethanol Cars,Urban (not London),2.46453237196e-05,7.92752325651e-06,4.2858064262e-06
2016,Scotland,4,7.4,35,E85 Bioethanol LGV,Urban (not London),2.51869714702e-05,1.11508325062e-05,5.9970957409e-06
2016,Scotland,4,7.4,35,FCEV Bus,Urban (not London),0.0,3.13770142384e-05,1.58087914315e-05
2016,Scotland,4,7.4,35,FCEV Cars,Urban (not London),0.0,7.75497937866e-06,4.12188956034e-06
2016,Scotland,4,7.4,35,FCEV LGV,Urban (not London),0.0,1.09782886284e-05,5.83317932978e-06
2016,Scotland,4,7.4,35,Full Hybrid Diesel Cars,Urban (not London),0.000175001594471,1.55185116455e-05,1.14972444862e-05
2016,Scotland,4,7.4,35,Full Hybrid Petrol Cars,Urban (not London),1.23226618598e-05,7.97065877123e-06,4.32678552897e-06
2016,Scotland,4,7.4,35,Full Hybrid Petrol LGV,Urban (not London),8.56738734001e-06,1.11900071715e-05,6.03431180934e-06
2016,Scotland,4,7.4,35,Hybrid Bus,Urban (not London),0.000753102242015,4.06351973652e-05,2.46040654019e-05
2016,Scotland,4,7.4,35,LGV,Urban (not London),0.000217356850044,1.77241181518e-05,1.22417168313e-05
2016,Scotland,4,7.4,35,LPG Cars,Urban (not London),1.13888891065e-05,7.9666979218e-06,4.3230220399e-06
2016,Scotland,4,7.4,35,LPG LGV,Urban (not London),1.95116517716e-05,1.11900071715e-05,6.03431180934e-06
2016,Scotland,4,7.4,35,Motorcycle,Urban (not London),1.72796717379e-05,4.50232619187e-06,2.78249285657e-06
2016,Scotland,4,7.4,35,Petrol Car,Urban (not London),2.46453237196e-05,7.97065877123e-06,4.32678552897e-06
2016,Scotland,4,7.4,35,Plug-In Hybrid Petrol Cars,Urban (not London),5.01495742355e-05,7.8082393884e-06,4.17248702433e-06
2016,Scotland,4,7.4,35,Plug-In Hybrid Petrol LGV,Urban (not London),0.000103919868707,1.09958782559e-05,5.84988947594e-06
2016,Scotland,4,7.4,35,Rigid HGV,Urban (not London),0.00114272185601,3.95881688746e-05,2.39815544774e-05
2016,Scotland,4,7.4,40,Artic HGV,Urban (not London),0.00178042391781,5.02338407387e-05,3.24675311276e-05
2016,Scotland,4,7.4,40,B100 Artic HGV,Urban (not London),0.0019584663678,4.89367484988e-05,3.1235293136e-05
2016,Scotland,4,7.4,40,B100 Bus,Urban (not London),0.00132557621691,3.95484239561e-05,2.35716288444e-05
2016,Scotland,4,7.4,40,B100 Coach,Urban (not London),0.00170575082302,4.41405754827e-05,2.79341747955e-05
2016,Scotland,4,7.4,40,B100 Rigid HGV,Urban (not London),0.00119089032523,3.8162284909e-05,2.26269639825e-05
2016,Scotland,4,7.4,40,Battery EV Cars,Urban (not London),0.0,7.75497937866e-06,4.12188956034e-06
2016,Scotland,4,7.4,40,Battery EV LGV,Urban (not London),0.0,1.09782886284e-05,5.83317932978e-06
2016,Scotland,4,7.4,40,Biogas Bus,Urban (not London),0.00069444446126,3.27659035975e-05,1.71282354131e-05
2016,Scotland,4,7.4,40,Biomethane Bus,Urban (not London),0.00069444446126,3.27659035975e-05,1.71282354131e-05
2016,Scotland,4,7.4,40,Bus and Coach,Urban (not London),0.00130184099544,4.13100351579e-05,2.52451591223e-05
2016,Scotland,4,7.4,40,CNG Bus,Urban (not London),0.00069444446126,3.27659035975e-05,1.71282354131e-05
2016,Scotland,4,7.4,40,Diesel Car,Urban (not London),0.000149733328726,1.3829974705e-05,9.89313502942e-06
2016,Scotland,4,7.4,40,E85 Bioethanol Cars,Urban (not London),2.28793414863e-05,7.92752325651e-06,4.2858064262e-06
2016,Scotland,4,7.4,40,E85 Bioethanol LGV,Urban (not London),2.39576675085e-05,1.11508325062e-05,5.9970957409e-06
2016,Scotland,4,7.4,40,FCEV Bus,Urban (not London),0.0,3.13770142384e-05,1.58087914315e-05
2016,Scotland,4,7.4,40,FCEV Cars,Urban (not London),0.0,7.75497937866e-06,4.12188956034e-06
2016,Scotland,4,7.4,40,FCEV LGV,Urban (not London),0.0,1.09782886284e-05,5.83317932978e-06
2016,Scotland,4,7.4,40,Full Hybrid Diesel Cars,Urban (not London),0.000164784520166,1.51635103975e-05,1.11599938464e-05
2016,Scotland,4,7.4,40,Full Hybrid Petrol Cars,Urban (not London),1.14396707431e-05,7.97065877123e-06,4.32678552897e-06
2016,Scotland,4,7.4,40,Full Hybrid Petrol LGV,Urban (not London),7.79362380854e-06,1.11900071715e-05,6.03431180934e-06
2016,Scotland,4,7.4,40,Hybrid Bus,Urban (not London),0.00064565485809,3.99064338126e-05,2.39117398451e-05
2016,Scotland,4,7.4,40,LGV,Urban (not London),0.000204794720048,1.70904186234e-05,1.16397022794e-05
2016,Scotland,4,7.4,40,LPG Cars,Urban (not London),1.13888891065e-05,7.9666979218e-06,4.3230220399e-06
2016,Scotland,4,7.4,40,LPG LGV,Urban (not London),1.83507327165e-05,1.11900071715e-05,6.03431180934e-06
2016,Scotland,4,7.4,40,Motorcycle,Urban (not London),1.74633696588e-05,4.50232619187e-06,2.78249285657e-06
2016,Scotland,4,7.4,40,Petrol Car,Urban (not London),2.28793414863e-05,7.97065877123e-06,4.32678552897e-06
2016,Scotland,4,7.4,40,Plug-In Hybrid Petrol Cars,Urban (not London),5.18905908393e-05,7.8082393884e-06,4.17248702433e-06
2016,Scotland,4,7.4,40,Plug-In Hybrid Petrol LGV,Urban (not London),0.000108032785647,1.09972661448e-05,5.85120733376e-06
2016,Scotland,4,7.4,40,Rigid HGV,Urban (not London),0.00108262756839,3.89855085814e-05,2.34090275626e-05
2016,Scotland,4,7.4,45,Artic HGV,Urban (not London),0.00168739561923,4.93547522638e-05,3.16323967127e-05
2016,Scotland,4,7.4,45,B100 Artic HGV,Urban (not London),0.00185613520443,4.81455681438e-05,3.04836721625e-05
2016,Scotland,4,7.4,45,B100 Bus,Urban (not London),0.00124662986491,3.90600362152e-05,2.31076610362e-05
2016,Scotland,4,7.4,45,B100 Coach,Urban (not London),0.00159047497436,4.31112421211e-05,2.695630792e-05
2016,Scotland,4,7.4,45,B100 Rigid HGV,Urban (not London),0.0011436707573,3.77383403247e-05,2.22242160817e-05
2016,Scotland,4,7.4,45,Battery EV Cars,Urban (not London),0.0,7.75497937866e-06,4.12188956034e-06
2016,Scotland,4,7.4,45,Battery EV LGV,Urban (not London),0.0,1.09782886284e-05,5.83317932978e-06
2016,Scotland,4,7.4,45,Biogas Bus,Urban (not London),0.00069444446126,3.27659035975e-05,1.71282354131e-05
2016,Scotland,4,7.4,45,Biomethane Bus,Urban (not London),0.00069444446126,3.27659035975e-05,1.71282354131e-05
2016,Scotland,4,7.4,45,Bus and Coach,Urban (not London),0.00122082408052,4.06590115745e-05,2.46266863542e-05
2016,Scotland,4,7.4,45,CNG Bus,Urban (not London),0.00069444446126,3.27659035975e-05,1.71282354131e-05
2016,Scotland,4,7.4,45,Diesel Car,Urban (not London),0.000139252777444,1.35753143695e-05,9.65120761975e-06
2016,Scotland,4,7.4,45,E85 Bioethanol Cars,Urban (not London),2.13055827771e-05,7.92752325651e-06,4.2858064262e-06
2016,Scotland,4,7.4,45,E85 Bioethanol LGV,Urban (not London),2.29260185733e-05,1.11508325062e-05,5.9970957409e-06
2016,Scotland,4,7.4,45,FCEV Bus,Urban (not London),0.0,3.13770142384e-05,1.58087914315e-05
2016,Scotland,4,7.4,45,FCEV Cars,Urban (not London),0.0,7.75497937866e-06,4.12188956034e-06
2016,Scotland,4,7.4,45,FCEV LGV,Urban (not London),0.0,1.09782886284e-05,5.83317932978e-06
2016,Scotland,4,7.4,45,Full Hybrid Diesel Cars,Urban (not London),0.000156213005539,1.48529488797e-05,1.08649601316e-05
2016,Scotland,4,7.4,45,Full Hybrid Petrol Cars,Urban (not London),1.06527913886e-05,7.97065877123e-06,4.32678552897e-06
2016,Scotland,4,7.4,45,Full Hybrid Petrol LGV,Urban (not London),7.1188687798e-06,1.11900071715e-05,6.03431180934e-06
2016,Scotland,4,7.4,45,Hybrid Bus,Urban (not London),0.000561089836992,3.93306436308e-05,2.33647388086e-05
2016,Scotland,4,7.4,45,LGV,Urban (not London),0.000194427877432,1.66419031302e-05,1.12136131065e-05
2016,Scotland,4,7.4,45,LPG Cars,Urban (not London),1.13888891065e-05,7.9666979218e-06,4.3230220399e-06
2016,Scotland,4,7.4,45,LPG LGV,Urban (not London),1.73913886101e-05,1.11900071715e-05,6.03431180934e-06
2016,Scotland,4,7.4,45,Motorcycle,Urban (not London),1.80295137397e-05,4.50232619187e-06,2.78249285657e-06
2016,Scotland,4,7.4,45,Petrol Car,Urban (not London),2.13055827771e-05,7.97065877123e-06,4.32678552897e-06
2016,Scotland,4,7.4,45,Plug-In Hybrid Petrol Cars,Urban (not London),5.3773928812e-05,7.8082393884e-06,4.17248702433e-06
2016,Scotland,4,7.4,45,Plug-In Hybrid Petrol LGV,Urban (not London),0.000112229980004,1.09988914119e-05,5.85275211051e-06
2016,Scotland,4,7.4,45,Rigid HGV,Urban (not London),0.00103970069904,3.85144594475e-05,2.29615288845e-05
2016,Scotland,4,7.4,50,Artic HGV,Urban (not London),0.00161907006986,4.86421376991e-05,3.09554161504e-05
2016,Scotland,4,7.4,50,B100 Artic HGV,Urban (not London),0.001780977007,4.7504214308e-05,2.98743889289e-05
2016,Scotland,4,7.4,50,B100 Bus,Urban (not London),0.00118027091958,3.86695937777e-05,2.2736741812e-05
2016,Scotland,4,7.4,50,B100 Coach,Urban (not London),0.00150125392247,4.22783341492e-05,2.61650438915e-05
2016,Scotland,4,7.4,50,B100 Rigid HGV,Urban (not London),0.00111030146945,3.74046248908e-05,2.19071862375e-05
2016,Scotland,4,7.4,50,Battery EV Cars,Urban (not London),0.0,7.75497937866e-06,4.12188956034e-06
2016,Scotland,4,7.4,50,Battery EV LGV,Urban (not London),0.0,1.09782886284e-05,5.83317932978e-06
2016,Scotland,4,7.4,50,Biogas Bus,Urban (not London),0.00069444446126,3.27659035975e-05,1.71282354131e-05
2016,Scotland,4,7.4,50,Biomethane Bus,Urban (not London),0.00069444446126,3.27659035975e-05,1.71282354131e-05
2016,Scotland,4,7.4,50,Bus and Coach,Urban (not London),0.00115467829164,4.01395082008e-05,2.41331599682e-05
2016,Scotland,4,7.4,50,CNG Bus,Urban (not London),0.00069444446126,3.27659035975e-05,1.71282354131e-05
2016,Scotland,4,7.4,50,Diesel Car,Urban (not London),0.000130833330331,1.33570938488e-05,9.44389830693e-06
2016,Scotland,4,7.4,50,E85 Bioethanol Cars,Urban (not London),1.99169680855e-05,7.92752325651e-06,4.2858064262e-06
2016,Scotland,4,7.4,50,E85 Bioethanol LGV,Urban (not London),2.20743422688e-05,1.11508325062e-05,5.9970957409e-06
2016,Scotland,4,7.4,50,FCEV Bus,Urban (not London),0.0,3.13770142384e-05,1.58087914315e-05
2016,Scotland,4,7.4,50,FCEV Cars,Urban (not London),0.0,7.75497937866e-06,4.12188956034e-06
2016,Scotland,4,7.4,50,FCEV LGV,Urban (not London),0.0,1.09782886284e-05,5.83317932978e-06
2016,Scotland,4,7.4,50,Full Hybrid Diesel Cars,Urban (not London),0.000149111278006,1.45868261825e-05,1.06121442514e-05
2016,Scotland,4,7.4,50,Full Hybrid Petrol Cars,Urban (not London),9.95848404273e-06,7.97065877123e-06,4.32678552897e-06
2016,Scotland,4,7.4,50,Full Hybrid Petrol LGV,Urban (not London),6.53417146168e-06,1.11900071715e-05,6.03431180934e-06
2016,Scotland,4,7.4,50,Hybrid Bus,Urban (not London),0.000494284555316,3.88853550248e-05,2.29417146329e-05
2016,Scotland,4,7.4,50,LGV,Urban (not London),0.000186255725566,1.63785753102e-05,1.09634520413e-05
2016,Scotland,4,7.4,50,LPG Cars,Urban (not London),1.13888891065e-05,7.9666979218e-06,4.3230220399e-06
2016,Scotland,4,7.4,50,LPG LGV,Urban (not London),1.66336176335e-05,1.11900071715e-05,6.03431180934e-06
2016,Scotland,4,7.4,50,Motorcycle,Urban (not London),1.89516904356e-05,4.50232619187e-06,2.78249285657e-06
2016,Scotland,4,7.4,50,Petrol Car,Urban (not London),1.99169680855e-05,7.97065877123e-06,4.32678552897e-06
2016,Scotland,4,7.4,50,Plug-In Hybrid Petrol Cars,Urban (not London),5.57995808776e-05,7.8082393884e-06,4.17248702433e-06
2016,Scotland,4,7.4,50,Plug-In Hybrid Petrol LGV,Urban (not London),0.000116511451779,1.10007222247e-05,5.85449106438e-06
2016,Scotland,4,7.4,50,Rigid HGV,Urban (not London),0.00100936496165,3.81436620955e-05,2.26092743105e-05
2016,Scotland,4,7.4,60,Artic HGV,Urban (not London),0.00152851908933,4.75764973089e-05,2.99430557789e-05
2016,Scotland,4,7.4,60,B100 Artic HGV,Urban (not London),0.00168137089349,4.65451375931e-05,2.89632644126e-05
2016,Scotland,4,7.4,60,B100 Bus,Urban (not London),0.00107414054219,3.81028185075e-05,2.21983063966e-05
2016,Scotland,4,7.4,60,B100 Coach,Urban (not London),0.00137522467412,4.10151660617e-05,2.49650347541e-05
2016,Scotland,4,7.4,60,B100 Rigid HGV,Urban (not London),0.00106984085869,3.69384142687e-05,2.14642877836e-05
2016,Scotland,4,7.4,60,Battery EV Cars,Urban (not London),0.0,7.75497937866e-06,4.12188956034e-06
2016,Scotland,4,7.4,60,Battery EV LGV,Urban (not London),0.0,1.09782886284e-05,5.83317932978e-06
2016,Scotland,4,7.4,60,Biogas Bus,Urban (not London),0.00069444446126,3.27659035975e-05,1.71282354131e-05
2016,Scotland,4,7.4,60,Biomethane Bus,Urban (not London),0.00069444446126,3.27659035975e-05,1.71282354131e-05
2016,Scotland,4,7.4,60,Bus and Coach,Urban (not London),0.00105313106906,3.93827431253e-05,2.34142316913e-05
2016,Scotland,4,7.4,60,CNG Bus,Urban (not London),0.00069444446126,3.27659035975e-05,1.71282354131e-05
2016,Scotland,4,7.4,60,Diesel Car,Urban (not London),0.000120177777717,1.30299722514e-05,9.13313215278e-06
2016,Scotland,4,7.4,60,E85 Bioethanol Cars,Urban (not London),1.76668272616e-05,7.86724194768e-06,4.22853963755e-06
2016,Scotland,4,7.4,60,E85 Bioethanol LGV,Urban (not London),2.08401670534e-05,1.10905511974e-05,5.93982895225e-06
2016,Scotland,4,7.4,60,FCEV Bus,Urban (not London),0.0,3.13770142384e-05,1.58087914315e-05
2016,Scotland,4,7.4,60,FCEV Cars,Urban (not London),0.0,7.75497937866e-06,4.12188956034e-06
2016,Scotland,4,7.4,60,FCEV LGV,Urban (not London),0.0,1.09782886284e-05,5.83317932978e-06
2016,Scotland,4,7.4,60,Full Hybrid Diesel Cars,Urban (not London),0.000138907809742,1.41878972499e-05,1.02331614471e-05
2016,Scotland,4,7.4,60,Full Hybrid Petrol Cars,Urban (not London),1.23667787193e-05,7.89530804468e-06,4.25520192948e-06
2016,Scotland,4,7.4,60,Full Hybrid Petrol LGV,Urban (not London),7.8387947724e-06,1.11165672934e-05,5.96454401602e-06
2016,Scotland,4,7.4,60,Hybrid Bus,Urban (not London),0.000500392750837,3.83499318559e-05,2.24330597121e-05
2016,Scotland,4,7.4,60,LGV,Urban (not London),0.000176493223989,1.64050125022e-05,1.0988566828e-05
2016,Scotland,4,7.4,60,LPG Cars,Urban (not London),1.0555555491e-05,7.89325804362e-06,4.25325424658e-06
2016,Scotland,4,7.4,60,LPG LGV,Urban (not London),1.22288429338e-05,1.11165672934e-05,5.96454401602e-06
2016,Scotland,4,7.4,60,Motorcycle,Urban (not London),2.1822641429e-05,4.50232619187e-06,2.78249285657e-06
2016,Scotland,4,7.4,60,Petrol Car,Urban (not London),1.76668272616e-05,7.89530804468e-06,4.25520192948e-06
2016,Scotland,4,7.4,60,Plug-In Hybrid Petrol Cars,Urban (not London),0.000301389227388,7.90715148469e-06,4.26645374318e-06
2016,Scotland,4,7.4,60,Plug-In Hybrid Petrol LGV,Urban (not London),0.000419149670051,1.11115341497e-05,5.95976280238e-06
2016,Scotland,4,7.4,60,Rigid HGV,Urban (not London),0.000972582609393,3.76256539312e-05,2.21171649173e-05
2016,Scotland,4,7.4,70,Artic HGV,Urban (not London),0.0014541890705,4.68474318041e-05,2.92504446406e-05
2016,Scotland,4,7.4,70,B100 Artic HGV,Urban (not London),0.00159960798919,4.58889808215e-05,2.83399149339e-05
2016,Scotland,4,7.4,70,B100 Bus,Urban (not London),0.000992248184048,3.77403994207e-05,2.18540062633e-05
2016,Scotland,4,7.4,70,B100 Coach,Urban (not London),0.00129375432152,4.01056349801e-05,2.41009802266e-05
2016,Scotland,4,7.4,70,B100 Rigid HGV,Urban (not London),0.00104417861439,3.66741514881e-05,2.12132381421e-05
2016,Scotland,4,7.4,70,Battery EV Cars,Urban (not London),0.0,7.75497937866e-06,4.12188956034e-06
2016,Scotland,4,7.4,70,Battery EV LGV,Urban (not London),0.0,1.09782886284e-05,5.83317932978e-06
2016,Scotland,4,7.4,70,Biogas Bus,Urban (not London),0.00069444446126,3.27659035975e-05,1.71282354131e-05
2016,Scotland,4,7.4,70,Biomethane Bus,Urban (not London),0.00069444446126,3.27659035975e-05,1.71282354131e-05
2016,Scotland,4,7.4,70,Bus and Coach,Urban (not London),0.000978790805675,3.88898697565e-05,2.29460019909e-05
2016,Scotland,4,7.4,70,CNG Bus,Urban (not London),0.00069444446126,3.27659035975e-05,1.71282354131e-05
2016,Scotland,4,7.4,70,Diesel Car,Urban (not London),0.000117766663607,1.28486099129e-05,8.96083838597e-06
2016,Scotland,4,7.4,70,E85 Bioethanol Cars,Urban (not London),1.63562835951e-05,7.86724194768e-06,4.22853963755e-06
2016,Scotland,4,7.4,70,E85 Bioethanol LGV,Urban (not London),2.09708377952e-05,1.10905511974e-05,5.93982895225e-06
2016,Scotland,4,7.4,70,FCEV Bus,Urban (not London),0.0,3.13770142384e-05,1.58087914315e-05
2016,Scotland,4,7.4,70,FCEV Cars,Urban (not London),0.0,7.75497937866e-06,4.12188956034e-06
2016,Scotland,4,7.4,70,FCEV LGV,Urban (not London),0.0,1.09782886284e-05,5.83317932978e-06
2016,Scotland,4,7.4,70,Full Hybrid Diesel Cars,Urban (not London),0.000133727662615,1.39667235999e-05,1.00230472526e-05
2016,Scotland,4,7.4,70,Full Hybrid Petrol Cars,Urban (not London),1.1449397789e-05,7.89530804468e-06,4.25520192948e-06
2016,Scotland,4,7.4,70,Full Hybrid Petrol LGV,Urban (not London),7.49118498788e-06,1.11165672934e-05,5.96454401602e-06
2016,Scotland,4,7.4,70,Hybrid Bus,Urban (not London),0.000441039883299,3.83100086765e-05,2.2395133783e-05
2016,Scotland,4,7.4,70,LGV,Urban (not London),0.000175530629349,1.71746578417e-05,1.17197305372e-05
2016,Scotland,4,7.4,70,LPG Cars,Urban (not London),1.0555555491e-05,7.89325804362e-06,4.25325424658e-06
2016,Scotland,4,7.4,70,LPG LGV,Urban (not London),1.21475459309e-05,1.11165672934e-05,5.96454401602e-06
2016,Scotland,4,7.4,70,Motorcycle,Urban (not London),2.60826982412e-05,4.50232619187e-06,2.78249285657e-06
2016,Scotland,4,7.4,70,Petrol Car,Urban (not London),1.63562835951e-05,7.89530804468e-06,4.25520192948e-06
2016,Scotland,4,7.4,70,Plug-In Hybrid Petrol Cars,Urban (not London),0.000326626905007,7.90715148469e-06,4.26645374318e-06
2016,Scotland,4,7.4,70,Plug-In Hybrid Petrol LGV,Urban (not London),0.000446366175311,1.11364352051e-05,5.98341785008e-06
2016,Scotland,4,7.4,70,Rigid HGV,Urban (not London),0.000949253328145,3.73320290237e-05,2.18382192543e-05
2016,Scotland,4,7.4,80,Artic HGV,Urban (not London),0.001342853182,4.63534488517e-05,2.87811599264e-05
2016,Scotland,4,7.4,80,B100 Artic HGV,Urban (not London),0.00147713860497,4.54443943454e-05,2.79175583273e-05
2016,Scotland,4,7.4,80,B100 Bus,Urban (not London),0.00092658266658,3.75252529921e-05,2.1649619157e-05
2016,Scotland,4,7.4,80,B100 Coach,Urban (not London),0.00123932270799,3.94742710341e-05,2.35011830227e-05
2016,Scotland,4,7.4,80,B100 Rigid HGV,Urban (not London),0.00101293611806,3.65739324479e-05,2.11180267797e-05
2016,Scotland,4,7.4,80,Battery EV Cars,Urban (not London),0.0,7.75497937866e-06,4.12188956034e-06
2016,Scotland,4,7.4,80,Battery EV LGV,Urban (not London),0.0,1.09782886284e-05,5.83317932978e-06
2016,Scotland,4,7.4,80,Biogas Bus,Urban (not London),0.00069444446126,3.27659035975e-05,1.71282354131e-05
2016,Scotland,4,7.4,80,Biomethane Bus,Urban (not London),0.00069444446126,3.27659035975e-05,1.71282354131e-05
2016,Scotland,4,7.4,80,Bus and Coach,Urban (not London),0.000921954459045,3.85827224818e-05,2.26542124437e-05
2016,Scotland,4,7.4,80,CNG Bus,Urban (not London),0.00069444446126,3.27659035975e-05,1.71282354131e-05
2016,Scotland,4,7.4,80,Diesel Car,Urban (not London),0.000123599995277,1.28130077428e-05,8.9270170065e-06
2016,Scotland,4,7.4,80,E85 Bioethanol Cars,Urban (not London),1.5649922716e-05,7.86724194768e-06,4.22853963755e-06
2016,Scotland,4,7.4,80,E85 Bioethanol LGV,Urban (not London),2.18882378249e-05,1.10905511974e-05,5.93982895225e-06
2016,Scotland,4,7.4,80,FCEV Bus,Urban (not London),0.0,3.13770142384e-05,1.58087914315e-05
2016,Scotland,4,7.4,80,FCEV Cars,Urban (not London),0.0,7.75497937866e-06,4.12188956034e-06
2016,Scotland,4,7.4,80,FCEV LGV,Urban (not London),0.0,1.09782886284e-05,5.83317932978e-06
2016,Scotland,4,7.4,80,Full Hybrid Diesel Cars,Urban (not London),0.000133586145239,1.39233070513e-05,9.9818007584e-06
2016,Scotland,4,7.4,80,Full Hybrid Petrol Cars,Urban (not London),1.09549464469e-05,7.89530804468e-06,4.25520192948e-06
2016,Scotland,4,7.4,80,Full Hybrid Petrol LGV,Urban (not London),7.6952692325e-06,1.11165672934e-05,5.96454401602e-06
2016,Scotland,4,7.4,80,Hybrid Bus,Urban (not London),0.000435059482697,3.89170672861e-05,2.29718389164e-05
2016,Scotland,4,7.4,80,LGV,Urban (not London),0.000183349024155,1.8685048417e-05,1.31546012199e-05
2016,Scotland,4,7.4,80,LPG Cars,Urban (not London),1.0555555491e-05,7.89325804362e-06,4.25325424658e-06
2016,Scotland,4,7.4,80,LPG LGV,Urban (not London),1.26933673528e-05,1.11165672934e-05,5.96454401602e-06
2016,Scotland,4,7.4,80,Motorcycle,Urban (not London),3.18192505802e-05,4.50232619187e-06,2.78249285657e-06
2016,Scotland,4,7.4,80,Petrol Car,Urban (not London),1.5649922716e-05,7.89530804468e-06,4.25520192948e-06
2016,Scotland,4,7.4,80,Plug-In Hybrid Petrol Cars,Urban (not London),0.000354710937245,7.90715148469e-06,4.26645374318e-06
2016,Scotland,4,7.4,80,Plug-In Hybrid Petrol LGV,Urban (not London),0.000474054599181,1.11661192932e-05,6.01161855229e-06
2016,Scotland,4,7.4,80,Rigid HGV,Urban (not London),0.000920851074625,3.72206704924e-05,2.17324304685e-05
2016,Scotland,4,7.4,90,Artic HGV,Urban (not London),0.00123640010133,4.61449417344e-05,2.85830774374e-05
2016,Scotland,4,7.4,90,B100 Artic HGV,Urban (not London),0.00136004004162,4.52567401226e-05,2.77392846328e-05
2016,Scotland,4,7.4,90,B100 Bus,Urban (not London),0.000892919662874,3.74531846319e-05,2.15811523958e-05
2016,Scotland,4,7.4,90,B100 Coach,Urban (not London),0.00120206910651,3.8913130993e-05,2.29681027122e-05
2016,Scotland,4,7.4,90,B100 Rigid HGV,Urban (not London),0.000983966630884,3.65898413293e-05,2.11331407627e-05
2016,Scotland,4,7.4,90,Battery EV Cars,Urban (not London),0.0,7.75497937866e-06,4.12188956034e-06
2016,Scotland,4,7.4,90,Battery EV LGV,Urban (not London),0.0,1.09782886284e-05,5.83317932978e-06
2016,Scotland,4,7.4,90,Biogas Bus,Urban (not London),0.00069444446126,3.27659035975e-05,1.71282354131e-05
2016,Scotland,4,7.4,90,Biomethane Bus,Urban (not London),0.00069444446126,3.27659035975e-05,1.71282354131e-05
2016,Scotland,4,7.4,90,Bus and Coach,Urban (not London),0.000890437746421,3.84402737836e-05,2.25188869081e-05
2016,Scotland,4,7.4,90,CNG Bus,Urban (not London),0.00069444446126,3.27659035975e-05,1.71282354131e-05
2016,Scotland,4,7.4,90,Diesel Car,Urban (not London),0.000137677780003,1.29231648316e-05,9.03166619537e-06
2016,Scotland,4,7.4,90,E85 Bioethanol Cars,Urban (not London),1.5399806216e-05,7.9136043496e-06,4.27258373747e-06
2016,Scotland,4,7.4,90,E85 Bioethanol LGV,Urban (not London),2.32202455663e-05,1.11369135993e-05,5.98387350692e-06
2016,Scotland,4,7.4,90,FCEV Bus,Urban (not London),0.0,3.13770142384e-05,1.58087914315e-05
2016,Scotland,4,7.4,90,FCEV Cars,Urban (not London),0.0,7.75497937866e-06,4.12188956034e-06
2016,Scotland,4,7.4,90,FCEV LGV,Urban (not London),0.0,1.09782886284e-05,5.83317932978e-06
2016,Scotland,4,7.4,90,Full Hybrid Diesel Cars,Urban (not London),0.000138910341775,1.40576448757e-05,1.01094219644e-05
2016,Scotland,4,7.4,90,Full Hybrid Petrol Cars,Urban (not London),1.38598252306e-05,7.95326104708e-06,4.31025728176e-06
2016,Scotland,4,7.4,90,Full Hybrid Petrol LGV,Urban (not London),1.05265380625e-05,1.11751205623e-05,6.02016962148e-06
2016,Scotland,4,7.4,90,Hybrid Bus,Urban (not London),0.000455785368104,3.96194227505e-05,2.36390787904e-05
2016,Scotland,4,7.4,90,LGV,Urban (not London),0.000199936228455,2.0938079615e-05,1.52949796757e-05
2016,Scotland,4,7.4,90,LPG Cars,Urban (not London),1.16666669783e-05,7.95181131252e-06,4.30887985203e-06
2016,Scotland,4,7.4,90,LPG LGV,Urban (not London),1.18854068205e-05,1.11751205623e-05,6.02016962148e-06
2016,Scotland,4,7.4,90,Motorcycle,Urban (not London),3.91117027903e-05,4.50232619187e-06,2.78249285657e-06
2016,Scotland,4,7.4,90,Petrol Car,Urban (not London),1.5399806216e-05,7.95326104708e-06,4.31025728176e-06
2016,Scotland,4,7.4,90,Plug-In Hybrid Petrol Cars,Urban (not London),0.000694154470693,8.03782131698e-06,4.39058976553e-06
2016,Scotland,4,7.4,90,Plug-In Hybrid Petrol LGV,Urban (not London),0.000850632844958,1.13819187391e-05,6.21662775302e-06
2016,Scotland,4,7.4,90,Rigid HGV,Urban (not London),0.000894515076652,3.72383474314e-05,2.17492215597e-05
2016,Scotland,4,7.4,100,Artic HGV,Urban (not London),0.00123640010133,4.61449417344e-05,2.85830774374e-05
2016,Scotland,4,7.4,100,B100 Artic HGV,Urban (not London),0.00136004004162,4.52567401226e-05,2.77392846328e-05
2016,Scotland,4,7.4,100,B100 Bus,Urban (not London),0.000892919662874,3.74531846319e-05,2.15811523958e-05
2016,Scotland,4,7.4,100,B100 Coach,Urban (not London),0.0011760997586,3.8504927943e-05,2.25803087233e-05
2016,Scotland,4,7.4,100,B100 Rigid HGV,Urban (not London),0.000983966630884,3.65898413293e-05,2.11331407627e-05
2016,Scotland,4,7.4,100,Battery EV Cars,Urban (not London),0.0,7.75497937866e-06,4.12188956034e-06
2016,Scotland,4,7.4,100,Battery EV LGV,Urban (not London),0.0,1.09782886284e-05,5.83317932978e-06
2016,Scotland,4,7.4,100,Biogas Bus,Urban (not London),0.00069444446126,3.27659035975e-05,1.71282354131e-05
2016,Scotland,4,7.4,100,Biomethane Bus,Urban (not London),0.00069444446126,3.27659035975e-05,1.71282354131e-05
2016,Scotland,4,7.4,100,Bus and Coach,Urban (not London),0.000883827335201,3.8396097807e-05,2.24769210035e-05
2016,Scotland,4,7.4,100,CNG Bus,Urban (not London),0.00069444446126,3.27659035975e-05,1.71282354131e-05
2016,Scotland,4,7.4,100,Diesel Car,Urban (not London),0.000159999995958,1.31790820888e-05,9.27478777157e-06
2016,Scotland,4,7.4,100,E85 Bioethanol Cars,Urban (not London),1.56059322762e-05,7.9136043496e-06,4.27258373747e-06
2016,Scotland,4,7.4,100,E85 Bioethanol LGV,Urban (not London),2.49668573815e-05,1.11369135993e-05,5.98387350692e-06
2016,Scotland,4,7.4,100,FCEV Bus,Urban (not London),0.0,3.13770142384e-05,1.58087914315e-05
2016,Scotland,4,7.4,100,FCEV Cars,Urban (not London),0.0,7.75497937866e-06,4.12188956034e-06
2016,Scotland,4,7.4,100,FCEV LGV,Urban (not London),0.0,1.09782886284e-05,5.83317932978e-06
2016,Scotland,4,7.4,100,Full Hybrid Diesel Cars,Urban (not London),0.000150619103806,1.43697388921e-05,1.04059117803e-05
2016,Scotland,4,7.4,100,Full Hybrid Petrol Cars,Urban (not London),1.40453385029e-05,7.95326104708e-06,4.31025728176e-06
2016,Scotland,4,7.4,100,Full Hybrid Petrol LGV,Urban (not London),1.15293833005e-05,1.11751205623e-05,6.02016962148e-06
2016,Scotland,4,7.4,100,Hybrid Bus,Urban (not London),0.000455785368104,3.96194227505e-05,2.36390787904e-05
2016,Scotland,4,7.4,100,LGV,Urban (not London),0.000225292271352,2.39299588429e-05,1.8137265215e-05
2016,Scotland,4,7.4,100,LPG Cars,Urban (not London),1.16666669783e-05,7.95181131252e-06,4.30887985203e-06
2016,Scotland,4,7.4,100,LPG LGV,Urban (not London),1.34283145599e-05,1.11751205623e-05,6.02016962148e-06
2016,Scotland,4,7.4,100,Motorcycle,Urban (not London),4.79425907542e-05,4.50232619187e-06,2.78249285657e-06
2016,Scotland,4,7.4,100,Petrol Car,Urban (not London),1.56059322762e-05,7.95326104708e-06,4.31025728176e-06
2016,Scotland,4,7.4,100,Plug-In Hybrid Petrol Cars,Urban (not London),0.000754952663556,8.03782131698e-06,4.39058976553e-06
2016,Scotland,4,7.4,100,Plug-In Hybrid Petrol LGV,Urban (not London),0.000897733261809,1.14650838441e-05,6.29563464827e-06
2016,Scotland,4,7.4,100,Rigid HGV,Urban (not London),0.000894515076652,3.72383474314e-05,2.17492215597e-05
2016,Scotland,4,7.4,110,Artic HGV,Urban (not London),0.00123640010133,4.61449417344e-05,2.85830774374e-05
2016,Scotland,4,7.4,110,B100 Artic HGV,Urban (not London),0.00136004004162,4.52567401226e-05,2.77392846328e-05
2016,Scotland,4,7.4,110,B100 Bus,Urban (not London),0.000892919662874,3.74531846319e-05,2.15811523958e-05
2016,Scotland,4,7.4,110,B100 Coach,Urban (not London),0.00116613798309,3.84115555789e-05,2.2491605705e-05
2016,Scotland,4,7.4,110,B100 Rigid HGV,Urban (not London),0.000983966630884,3.65898413293e-05,2.11331407627e-05
2016,Scotland,4,7.4,110,Battery EV Cars,Urban (not London),0.0,7.75497937866e-06,4.12188956034e-06
2016,Scotland,4,7.4,110,Battery EV LGV,Urban (not London),0.0,1.09782886284e-05,5.83317932978e-06
2016,Scotland,4,7.4,110,Biogas Bus,Urban (not London),0.00069444446126,3.27659035975e-05,1.71282354131e-05
2016,Scotland,4,7.4,110,Biomethane Bus,Urban (not London),0.00069444446126,3.27659035975e-05,1.71282354131e-05
2016,Scotland,4,7.4,110,Bus and Coach,Urban (not London),0.000881291634869,3.83876576961e-05,2.24689010793e-05
2016,Scotland,4,7.4,110,CNG Bus,Urban (not London),0.00069444446126,3.27659035975e-05,1.71282354131e-05
2016,Scotland,4,7.4,110,Diesel Car,Urban (not London),0.000190566672245,1.35807595143e-05,9.65638082562e-06
2016,Scotland,4,7.4,110,E85 Bioethanol Cars,Urban (not London),1.62683008966e-05,7.9136043496e-06,4.27258373747e-06
2016,Scotland,4,7.4,110,E85 Bioethanol LGV,Urban (not London),2.71280787274e-05,1.11369135993e-05,5.98387350692e-06
2016,Scotland,4,7.4,110,FCEV Bus,Urban (not London),0.0,3.13770142384e-05,1.58087914315e-05
2016,Scotland,4,7.4,110,FCEV Cars,Urban (not London),0.0,7.75497937866e-06,4.12188956034e-06
2016,Scotland,4,7.4,110,FCEV LGV,Urban (not London),0.0,1.09782886284e-05,5.83317932978e-06
2016,Scotland,4,7.4,110,Full Hybrid Diesel Cars,Urban (not London),0.000170342624187,1.48595891005e-05,1.08712683868e-05
2016,Scotland,4,7.4,110,Full Hybrid Petrol Cars,Urban (not London),1.46414704432e-05,7.95326104708e-06,4.31025728176e-06
2016,Scotland,4,7.4,110,Full Hybrid Petrol LGV,Urban (not London),1.29024547277e-05,1.11751205623e-05,6.02016962148e-06
2016,Scotland,4,7.4,110,Hybrid Bus,Urban (not London),0.000455785368104,3.96194227505e-05,2.36390787904e-05
2016,Scotland,4,7.4,110,LGV,Urban (not London),0.000259417109191,2.76625814877e-05,2.1683257728e-05
2016,Scotland,4,7.4,110,LPG Cars,Urban (not London),1.16666669783e-05,7.95181131252e-06,4.30887985203e-06
2016,Scotland,4,7.4,110,LPG LGV,Urban (not London),1.55087527673e-05,1.11751205623e-05,6.02016962148e-06
2016,Scotland,4,7.4,110,Motorcycle,Urban (not London),5.57145722269e-05,4.50232619187e-06,2.78249285657e-06
2016,Scotland,4,7.4,110,Petrol Car,Urban (not London),1.62683008966e-05,7.95326104708e-06,4.31025728176e-06
2016,Scotland,4,7.4,110,Plug-In Hybrid Petrol Cars,Urban (not London),0.000820874294732,8.03782131698e-06,4.39058976553e-06
2016,Scotland,4,7.4,110,Plug-In Hybrid Petrol LGV,Urban (not London),0.000945440493524,1.15739749162e-05,6.39908103039e-06
2016,Scotland,4,7.4,110,Rigid HGV,Urban (not London),0.000894515076652,3.72383474314e-05,2.17492215597e-05
2016,Scotland,4,7.4,120,Artic HGV,Urban (not London),0.00123640010133,4.61449417344e-05,2.85830774374e-05
2016,Scotland,4,7.4,120,B100 Artic HGV,Urban (not London),0.00136004004162,4.52567401226e-05,2.77392846328e-05
2016,Scotland,4,7.4,120,B100 Bus,Urban (not London),0.000892919662874,3.74531846319e-05,2.15811523958e-05
2016,Scotland,4,7.4,120,B100 Coach,Urban (not London),0.00116613798309,3.84115555789e-05,2.2491605705e-05
2016,Scotland,4,7.4,120,B100 Rigid HGV,Urban (not London),0.000983966630884,3.65898413293e-05,2.11331407627e-05
2016,Scotland,4,7.4,120,Battery EV Cars,Urban (not London),0.0,7.75497937866e-06,4.12188956034e-06
2016,Scotland,4,7.4,120,Battery EV LGV,Urban (not London),0.0,1.09782886284e-05,5.83317932978e-06
2016,Scotland,4,7.4,120,Biogas Bus,Urban (not London),0.00069444446126,3.27659035975e-05,1.71282354131e-05
2016,Scotland,4,7.4,120,Biomethane Bus,Urban (not London),0.00069444446126,3.27659035975e-05,1.71282354131e-05
2016,Scotland,4,7.4,120,Bus and Coach,Urban (not London),0.000881291634869,3.83876576961e-05,2.24689010793e-05
2016,Scotland,4,7.4,120,CNG Bus,Urban (not London),0.00069444446126,3.27659035975e-05,1.71282354131e-05
2016,Scotland,4,7.4,120,Diesel Car,Urban (not London),0.00022937777976,1.41281952892e-05,1.01764453575e-05
2016,Scotland,4,7.4,120,E85 Bioethanol Cars,Urban (not London),1.73869120772e-05,7.9136043496e-06,4.27258373747e-06
2016,Scotland,4,7.4,120,E85 Bioethanol LGV,Urban (not London),2.92099921353e-05,1.11369135993e-05,5.98387350692e-06
2016,Scotland,4,7.4,120,FCEV Bus,Urban (not London),0.0,3.13770142384e-05,1.58087914315e-05
2016,Scotland,4,7.4,120,FCEV Cars,Urban (not London),0.0,7.75497937866e-06,4.12188956034e-06
2016,Scotland,4,7.4,120,FCEV LGV,Urban (not London),0.0,1.09782886284e-05,5.83317932978e-06
2016,Scotland,4,7.4,120,Full Hybrid Diesel Cars,Urban (not London),0.000200883136131,1.55271936819e-05,1.15054936032e-05
2016,Scotland,4,7.4,120,Full Hybrid Petrol Cars,Urban (not London),1.56482219609e-05,7.95326104708e-06,4.31025728176e-06
2016,Scotland,4,7.4,120,Full Hybrid Petrol LGV,Urban (not London),1.46457514347e-05,1.11751205623e-05,6.02016962148e-06
2016,Scotland,4,7.4,120,Hybrid Bus,Urban (not London),0.000455785368104,3.96194227505e-05,2.36390787904e-05
2016,Scotland,4,7.4,120,LGV,Urban (not London),0.000261803565081,2.77024610114e-05,2.17211418203e-05
2016,Scotland,4,7.4,120,LPG Cars,Urban (not London),1.16666669783e-05,7.95181131252e-06,4.30887985203e-06
2016,Scotland,4,7.4,120,LPG LGV,Urban (not London),1.59030205396e-05,1.11751205623e-05,6.02016962148e-06
2016,Scotland,4,7.4,120,Motorcycle,Urban (not London),6.48811765132e-05,4.50232619187e-06,2.78249285657e-06
2016,Scotland,4,7.4,120,Petrol Car,Urban (not London),1.73869120772e-05,7.95326104708e-06,4.31025728176e-06
2016,Scotland,4,7.4,120,Plug-In Hybrid Petrol Cars,Urban (not London),0.000891919422429,8.03782131698e-06,4.39058976553e-06
2016,Scotland,4,7.4,120,Plug-In Hybrid Petrol LGV,Urban (not London),0.000957748328801,1.17201871035e-05,6.53798269923e-06
2016,Scotland,4,7.4,120,Rigid HGV,Urban (not London),0.000894515076652,3.72383474314e-05,2.17492215597e-05
2016,Scotland,4,7.4,130,Artic HGV,Urban (not London),0.00123640010133,4.61449417344e-05,2.85830774374e-05
2016,Scotland,4,7.4,130,B100 Artic HGV,Urban (not London),0.00136004004162,4.52567401226e-05,2.77392846328e-05
2016,Scotland,4,7.4,130,B100 Bus,Urban (not London),0.000892919662874,3.74531846319e-05,2.15811523958e-05
2016,Scotland,4,7.4,130,B100 Coach,Urban (not London),0.00116613798309,3.84115555789e-05,2.2491605705e-05
2016,Scotland,4,7.4,130,B100 Rigid HGV,Urban (not London),0.000983966630884,3.65898413293e-05,2.11331407627e-05
2016,Scotland,4,7.4,130,Battery EV Cars,Urban (not London),0.0,7.75497937866e-06,4.12188956034e-06
2016,Scotland,4,7.4,130,Battery EV LGV,Urban (not London),0.0,1.09782886284e-05,5.83317932978e-06
2016,Scotland,4,7.4,130,Biogas Bus,Urban (not London),0.00069444446126,3.27659035975e-05,1.71282354131e-05
2016,Scotland,4,7.4,130,Biomethane Bus,Urban (not London),0.00069444446126,3.27659035975e-05,1.71282354131e-05
2016,Scotland,4,7.4,130,Bus and Coach,Urban (not London),0.000881291634869,3.83876576961e-05,2.24689010793e-05
2016,Scotland,4,7.4,130,CNG Bus,Urban (not London),0.00069444446126,3.27659035975e-05,1.71282354131e-05
2016,Scotland,4,7.4,130,Diesel Car,Urban (not London),0.000276433333056,1.4821392142e-05,1.08349813672e-05
2016,Scotland,4,7.4,130,E85 Bioethanol Cars,Urban (not London),1.89617676369e-05,7.9136043496e-06,4.27258373747e-06
2016,Scotland,4,7.4,130,E85 Bioethanol LGV,Urban (not London),2.94768851745e-05,1.11369135993e-05,5.98387350692e-06
2016,Scotland,4,7.4,130,FCEV Bus,Urban (not London),0.0,3.13770142384e-05,1.58087914315e-05
2016,Scotland,4,7.4,130,FCEV Cars,Urban (not London),0.0,7.75497937866e-06,4.12188956034e-06
2016,Scotland,4,7.4,130,FCEV LGV,Urban (not London),0.0,1.09782886284e-05,5.83317932978e-06
2016,Scotland,4,7.4,130,Full Hybrid Diesel Cars,Urban (not London),0.000247190648224,1.63725562743e-05,1.23085874293e-05
2016,Scotland,4,7.4,130,Full Hybrid Petrol Cars,Urban (not London),1.7065591237e-05,7.95326104708e-06,4.31025728176e-06
2016,Scotland,4,7.4,130,Full Hybrid Petrol LGV,Urban (not London),1.47275250129e-05,1.11751205623e-05,6.02016962148e-06
2016,Scotland,4,7.4,130,Hybrid Bus,Urban (not London),0.000455785368104,3.96194227505e-05,2.36390787904e-05
2016,Scotland,4,7.4,130,LGV,Urban (not London),0.000264623085968,2.77529561572e-05,2.17691140278e-05
2016,Scotland,4,7.4,130,LPG Cars,Urban (not London),1.16666669783e-05,7.95181131252e-06,4.30887985203e-06
2016,Scotland,4,7.4,130,LPG LGV,Urban (not London),1.63810418599e-05,1.11751205623e-05,6.02016962148e-06
2016,Scotland,4,7.4,130,Motorcycle,Urban (not London),7.55256987759e-05,4.50232619187e-06,2.78249285657e-06
2016,Scotland,4,7.4,130,Petrol Car,Urban (not London),1.89617676369e-05,7.95326104708e-06,4.31025728176e-06
2016,Scotland,4,7.4,130,Plug-In Hybrid Petrol Cars,Urban (not London),0.00096808798844,8.03782131698e-06,4.39058976553e-06
2016,Scotland,4,7.4,130,Plug-In Hybrid Petrol LGV,Urban (not London),0.000970662920736,1.19205451483e-05,6.72832265991e-06
2016,Scotland,4,7.4,130,Rigid HGV,Urban (not London),0.000894515076652,3.72383474314e-05,2.17492215597e-05
2016,Scotland,4,7.4,140,Artic HGV,Urban (not London),0.00123640010133,4.61449417344e-05,2.85830774374e-05
2016,Scotland,4,7.4,140,B100 Artic HGV,Urban (not London),0.00136004004162,4.52567401226e-05,2.77392846328e-05
2016,Scotland,4,7.4,140,B100 Bus,Urban (not London),0.000892919662874,3.74531846319e-05,2.15811523958e-05
2016,Scotland,4,7.4,140,B100 Coach,Urban (not London),0.00116613798309,3.84115555789e-05,2.2491605705e-05
2016,Scotland,4,7.4,140,B100 Rigid HGV,Urban (not London),0.000983966630884,3.65898413293e-05,2.11331407627e-05
2016,Scotland,4,7.4,140,Battery EV Cars,Urban (not London),0.0,7.75497937866e-06,4.12188956034e-06
2016,Scotland,4,7.4,140,Battery EV LGV,Urban (not London),0.0,1.09782886284e-05,5.83317932978e-06
2016,Scotland,4,7.4,140,Biogas Bus,Urban (not London),0.00069444446126,3.27659035975e-05,1.71282354131e-05
2016,Scotland,4,7.4,140,Biomethane Bus,Urban (not London),0.00069444446126,3.27659035975e-05,1.71282354131e-05
2016,Scotland,4,7.4,140,Bus and Coach,Urban (not London),0.000881291634869,3.83876576961e-05,2.24689010793e-05
2016,Scotland,4,7.4,140,CNG Bus,Urban (not London),0.00069444446126,3.27659035975e-05,1.71282354131e-05
2016,Scotland,4,7.4,140,Diesel Car,Urban (not London),0.000276433333056,1.4821392142e-05,1.08349813672e-05
2016,Scotland,4,7.4,140,E85 Bioethanol Cars,Urban (not London),1.89617676369e-05,7.9136043496e-06,4.27258373747e-06
2016,Scotland,4,7.4,140,E85 Bioethanol LGV,Urban (not London),2.94768851745e-05,1.11369135993e-05,5.98387350692e-06
2016,Scotland,4,7.4,140,FCEV Bus,Urban (not London),0.0,3.13770142384e-05,1.58087914315e-05
2016,Scotland,4,7.4,140,FCEV Cars,Urban (not London),0.0,7.75497937866e-06,4.12188956034e-06
2016,Scotland,4,7.4,140,FCEV LGV,Urban (not London),0.0,1.09782886284e-05,5.83317932978e-06
2016,Scotland,4,7.4,140,Full Hybrid Diesel Cars,Urban (not London),0.000247190648224,1.63725562743e-05,1.23085874293e-05
2016,Scotland,4,7.4,140,Full Hybrid Petrol Cars,Urban (not London),1.7065591237e-05,7.95326104708e-06,4.31025728176e-06
2016,Scotland,4,7.4,140,Full Hybrid Petrol LGV,Urban (not London),1.47275250129e-05,1.11751205623e-05,6.02016962148e-06
2016,Scotland,4,7.4,140,Hybrid Bus,Urban (not London),0.000455785368104,3.96194227505e-05,2.36390787904e-05
2016,Scotland,4,7.4,140,LGV,Urban (not London),0.000264623085968,2.77529561572e-05,2.17691140278e-05
2016,Scotland,4,7.4,140,LPG Cars,Urban (not London),1.16666669783e-05,7.95181131252e-06,4.30887985203e-06
2016,Scotland,4,7.4,140,LPG LGV,Urban (not London),1.63810418599e-05,1.11751205623e-05,6.02016962148e-06
2016,Scotland,4,7.4,140,Motorcycle,Urban (not London),8.77009588294e-05,4.50232619187e-06,2.78249285657e-06
2016,Scotland,4,7.4,140,Petrol Car,Urban (not London),1.89617676369e-05,7.95326104708e-06,4.31025728176e-06
2016,Scotland,4,7.4,140,Plug-In Hybrid Petrol Cars,Urban (not London),0.00096808798844,8.03782131698e-06,4.39058976553e-06
2016,Scotland,4,7.4,140,Plug-In Hybrid Petrol LGV,Urban (not London),0.000970662920736,1.21356997624e-05,6.9327197707e-06
2016,Scotland,4,7.4,140,Rigid HGV,Urban (not London),0.000894515076652,3.72383474314e-05,2.17492215597e-05
2016,Scotland,5,7.4,5,Artic HGV,Motorway (not London),0.00883572269231,6.19970887783e-05,5.11845682922e-05
2016,Scotland,5,7.4,5,B100 Artic HGV,Motorway (not London),0.00971929449588,5.79268926231e-05,4.73178806715e-05
2016,Scotland,5,7.4,5,B100 Bus,Motorway (not London),0.00611911341548,3.92363108404e-05,3.0390379834e-05
2016,Scotland,5,7.4,5,B100 Coach,Motorway (not London),0.0135699622333,5.18123997608e-05,4.23376659455e-05
2016,Scotland,5,7.4,5,B100 Rigid HGV,Motorway (not London),0.00614522211254,3.77704054699e-05,2.92833592539e-05
2016,Scotland,5,7.4,5,Battery EV Cars,Motorway (not London),0.0,4.0696081669e-06,2.40208009927e-06
2016,Scotland,5,7.4,5,Battery EV LGV,Motorway (not London),0.0,5.21319179825e-06,3.13913324135e-06
2016,Scotland,5,7.4,5,Biogas Bus,Motorway (not London),0.00069444446126,1.93561409105e-05,1.15042184916e-05
2016,Scotland,5,7.4,5,Biomethane Bus,Motorway (not London),0.00069444446126,1.93561409105e-05,1.15042184916e-05
2016,Scotland,5,7.4,5,Bus and Coach,Motorway (not London),0.012336329557,6.06435824011e-05,5.07272889081e-05
2016,Scotland,5,7.4,5,CNG Bus,Motorway (not London),0.00069444446126,1.93561409105e-05,1.15042184916e-05
2016,Scotland,5,7.4,5,Diesel Car,Motorway (not London),0.00027608484379,5.47597574041e-06,3.73812895305e-06
2016,Scotland,5,7.4,5,E85 Bioethanol Cars,Motorway (not London),2.08237343031e-05,4.37862718172e-06,2.69564793598e-06
2016,Scotland,5,7.4,5,E85 Bioethanol LGV,Motorway (not London),1.69553404703e-05,5.38566700925e-06,3.30298507834e-06
2016,Scotland,5,7.4,5,FCEV Bus,Motorway (not London),0.0,1.79672515515e-05,1.018477451e-05
2016,Scotland,5,7.4,5,FCEV Cars,Motorway (not London),0.0,4.0696081669e-06,2.40208009927e-06
2016,Scotland,5,7.4,5,FCEV LGV,Motorway (not London),0.0,5.21319179825e-06,3.13913324135e-06
2016,Scotland,5,7.4,5,Full Hybrid Diesel Cars,Motorway (not London),0.00027608484379,5.47604986423e-06,3.73819943889e-06
2016,Scotland,5,7.4,5,Full Hybrid Petrol Cars,Motorway (not London),1.04121281765e-05,4.45588193543e-06,2.76904006569e-06
2016,Scotland,5,7.4,5,Full Hybrid Petrol LGV,Motorway (not London),5.29644285052e-06,5.42500720258e-06,3.34035826199e-06
2016,Scotland,5,7.4,5,Hybrid Bus,Motorway (not London),0.00397092988715,3.7766447349e-05,2.89940089715e-05
2016,Scotland,5,7.4,5,LGV,Motorway (not London),0.000589952222072,6.61534841129e-06,4.47118191005e-06
2016,Scotland,5,7.4,5,LPG Cars,Motorway (not London),8.6111112978e-06,4.45405203209e-06,2.76730133919e-06
2016,Scotland,5,7.4,5,LPG LGV,Motorway (not London),5.21353722434e-05,5.42500720258e-06,3.34035826199e-06
2016,Scotland,5,7.4,5,Motorcycle,Motorway (not London),1.79103517439e-05,2.54074529948e-06,1.79528831268e-06
2016,Scotland,5,7.4,5,Petrol Car,Motorway (not London),2.08237343031e-05,4.45588193543e-06,2.76903983831e-06
2016,Scotland,5,7.4,5,Plug-In Hybrid Petrol Cars,Motorway (not London),2.08236565413e-06,4.10823577113e-06,2.43877593675e-06
2016,Scotland,5,7.4,5,Plug-In Hybrid Petrol LGV,Motorway (not London),2.04353818845e-06,5.23437302036e-06,3.15925581162e-06
2016,Scotland,5,7.4,5,Rigid HGV,Motorway (not London),0.00558656547219,4.00961689593e-05,3.14928329317e-05
2016,Scotland,5,7.4,6,Artic HGV,Motorway (not London),0.00786096788943,6.19970887783e-05,5.11845682922e-05
2016,Scotland,5,7.4,6,B100 Artic HGV,Motorway (not London),0.00864706467837,5.79268926231e-05,4.73178806715e-05
2016,Scotland,5,7.4,6,B100 Bus,Motorway (not London),0.0054235891439,3.92363108404e-05,3.0390379834e-05
2016,Scotland,5,7.4,6,B100 Coach,Motorway (not London),0.0116242626682,5.18123997608e-05,4.23376659455e-05
2016,Scotland,5,7.4,6,B100 Rigid HGV,Motorway (not London),0.00547657068819,3.77704054699e-05,2.92833592539e-05
2016,Scotland,5,7.4,6,Battery EV Cars,Motorway (not London),0.0,4.0696081669e-06,2.40208009927e-06
2016,Scotland,5,7.4,6,Battery EV LGV,Motorway (not London),0.0,5.21319179825e-06,3.13913324135e-06
2016,Scotland,5,7.4,6,Biogas Bus,Motorway (not London),0.00069444446126,1.93561409105e-05,1.15042184916e-05
2016,Scotland,5,7.4,6,Biomethane Bus,Motorway (not London),0.00069444446126,1.93561409105e-05,1.15042184916e-05
2016,Scotland,5,7.4,6,Bus and Coach,Motorway (not London),0.0105675114319,6.06435824011e-05,5.07272889081e-05
2016,Scotland,5,7.4,6,CNG Bus,Motorway (not London),0.00069444446126,1.93561409105e-05,1.15042184916e-05
2016,Scotland,5,7.4,6,Diesel Car,Motorway (not London),0.00027608484379,5.47597574041e-06,3.73812895305e-06
2016,Scotland,5,7.4,6,E85 Bioethanol Cars,Motorway (not London),2.04004136322e-05,4.37862718172e-06,2.69564793598e-06
2016,Scotland,5,7.4,6,E85 Bioethanol LGV,Motorway (not London),1.67692087416e-05,5.38064614375e-06,3.298215006e-06
2016,Scotland,5,7.4,6,FCEV Bus,Motorway (not London),0.0,1.79672515515e-05,1.018477451e-05
2016,Scotland,5,7.4,6,FCEV Cars,Motorway (not London),0.0,4.0696081669e-06,2.40208009927e-06
2016,Scotland,5,7.4,6,FCEV LGV,Motorway (not London),0.0,5.21319179825e-06,3.13913324135e-06
2016,Scotland,5,7.4,6,Full Hybrid Diesel Cars,Motorway (not London),0.00027608484379,5.47604986423e-06,3.73819943889e-06
2016,Scotland,5,7.4,6,Full Hybrid Petrol Cars,Motorway (not London),1.02004678411e-05,4.45588193543e-06,2.76904006569e-06
2016,Scotland,5,7.4,6,Full Hybrid Petrol LGV,Motorway (not London),5.20226740264e-06,5.41865620107e-06,3.33432467414e-06
2016,Scotland,5,7.4,6,Hybrid Bus,Motorway (not London),0.00343760405667,3.7766447349e-05,2.89940089715e-05
2016,Scotland,5,7.4,6,LGV,Motorway (not London),0.000536121311598,6.44870169708e-06,4.3128679863e-06
2016,Scotland,5,7.4,6,LPG Cars,Motorway (not London),8.6111112978e-06,4.45405203209e-06,2.76730133919e-06
2016,Scotland,5,7.4,6,LPG LGV,Motorway (not London),4.74792796012e-05,5.41865620107e-06,3.33432467414e-06
2016,Scotland,5,7.4,6,Motorcycle,Motorway (not London),1.79103517439e-05,2.54074529948e-06,1.79528831268e-06
2016,Scotland,5,7.4,6,Petrol Car,Motorway (not London),2.04004136322e-05,4.45588193543e-06,2.76903983831e-06
2016,Scotland,5,7.4,6,Plug-In Hybrid Petrol Cars,Motorway (not London),2.04003345061e-06,4.10823577113e-06,2.43877593675e-06
2016,Scotland,5,7.4,6,Plug-In Hybrid Petrol LGV,Motorway (not London),2.02492492463e-06,5.23373819306e-06,3.15865236189e-06
2016,Scotland,5,7.4,6,Rigid HGV,Motorway (not London),0.00497870054096,4.00961689593e-05,3.14928329317e-05
2016,Scotland,5,7.4,7,Artic HGV,Motorway (not London),0.00706441095099,6.19970887783e-05,5.11845682922e-05
2016,Scotland,5,7.4,7,B100 Artic HGV,Motorway (not London),0.00777085218579,5.79268926231e-05,4.73178806715e-05
2016,Scotland,5,7.4,7,B100 Bus,Motorway (not London),0.00488929543644,3.92363108404e-05,3.0390379834e-05
2016,Scotland,5,7.4,7,B100 Coach,Motorway (not London),0.0102018723264,5.18123997608e-05,4.23376659455e-05
2016,Scotland,5,7.4,7,B100 Rigid HGV,Motorway (not London),0.00495836371556,3.77704054699e-05,2.92833592539e-05
2016,Scotland,5,7.4,7,Battery EV Cars,Motorway (not London),0.0,4.0696081669e-06,2.40208009927e-06
2016,Scotland,5,7.4,7,Battery EV LGV,Motorway (not London),0.0,5.21319179825e-06,3.13913324135e-06
2016,Scotland,5,7.4,7,Biogas Bus,Motorway (not London),0.00069444446126,1.93561409105e-05,1.15042184916e-05
2016,Scotland,5,7.4,7,Biomethane Bus,Motorway (not London),0.00069444446126,1.93561409105e-05,1.15042184916e-05
2016,Scotland,5,7.4,7,Bus and Coach,Motorway (not London),0.00927442964166,6.06435824011e-05,5.07272889081e-05
2016,Scotland,5,7.4,7,CNG Bus,Motorway (not London),0.00069444446126,1.93561409105e-05,1.15042184916e-05
2016,Scotland,5,7.4,7,Diesel Car,Motorway (not London),0.00027608484379,5.47597574041e-06,3.73812895305e-06
2016,Scotland,5,7.4,7,E85 Bioethanol Cars,Motorway (not London),1.99732930923e-05,4.37862718172e-06,2.69564793598e-06
2016,Scotland,5,7.4,7,E85 Bioethanol LGV,Motorway (not London),1.65581313922e-05,5.37504911335e-06,3.2928978726e-06
2016,Scotland,5,7.4,7,FCEV Bus,Motorway (not London),0.0,1.79672515515e-05,1.018477451e-05
2016,Scotland,5,7.4,7,FCEV Cars,Motorway (not London),0.0,4.0696081669e-06,2.40208009927e-06
2016,Scotland,5,7.4,7,FCEV LGV,Motorway (not London),0.0,5.21319179825e-06,3.13913324135e-06
2016,Scotland,5,7.4,7,Full Hybrid Diesel Cars,Motorway (not London),0.00027608484379,5.47604986423e-06,3.73819943889e-06
2016,Scotland,5,7.4,7,Full Hybrid Petrol Cars,Motorway (not London),9.98690848064e-06,4.45588193543e-06,2.76904006569e-06
2016,Scotland,5,7.4,7,Full Hybrid Petrol LGV,Motorway (not London),5.09547135152e-06,5.41157669431e-06,3.32759896082e-06
2016,Scotland,5,7.4,7,Hybrid Bus,Motorway (not London),0.00304097239859,3.7766447349e-05,2.89940089715e-05
2016,Scotland,5,7.4,7,LGV,Motorway (not London),0.000497528817505,6.33199852018e-06,4.20200012741e-06
2016,Scotland,5,7.4,7,LPG Cars,Motorway (not London),8.6111112978e-06,4.45405203209e-06,2.76730133919e-06
2016,Scotland,5,7.4,7,LPG LGV,Motorway (not London),4.41319134552e-05,5.41157669431e-06,3.32759896082e-06
2016,Scotland,5,7.4,7,Motorcycle,Motorway (not London),1.79103517439e-05,2.54074529948e-06,1.79528831268e-06
2016,Scotland,5,7.4,7,Petrol Car,Motorway (not London),1.99732930923e-05,4.45588193543e-06,2.76903983831e-06
2016,Scotland,5,7.4,7,Plug-In Hybrid Petrol Cars,Motorway (not London),1.99732130568e-06,4.10823577113e-06,2.43877593675e-06
2016,Scotland,5,7.4,7,Plug-In Hybrid Petrol LGV,Motorway (not London),2.00381714421e-06,5.23303015143e-06,3.15798001793e-06
2016,Scotland,5,7.4,7,Rigid HGV,Motorway (not London),0.00450760312378,4.00961689593e-05,3.14928329317e-05
2016,Scotland,5,7.4,8,Artic HGV,Motorway (not London),0.00640252884477,6.19970887783e-05,5.11845682922e-05
2016,Scotland,5,7.4,8,B100 Artic HGV,Motorway (not London),0.00704278144985,5.79268926231e-05,4.73178806715e-05
2016,Scotland,5,7.4,8,B100 Bus,Motorway (not London),0.00446144538,3.92363108404e-05,3.0390379834e-05
2016,Scotland,5,7.4,8,B100 Coach,Motorway (not London),0.00910649634898,5.18123997608e-05,4.23376659455e-05
2016,Scotland,5,7.4,8,B100 Rigid HGV,Motorway (not London),0.00453763082623,3.77704054699e-05,2.92833592539e-05
2016,Scotland,5,7.4,8,Battery EV Cars,Motorway (not London),0.0,4.0696081669e-06,2.40208009927e-06
2016,Scotland,5,7.4,8,Battery EV LGV,Motorway (not London),0.0,5.21319179825e-06,3.13913324135e-06
2016,Scotland,5,7.4,8,Biogas Bus,Motorway (not London),0.00069444446126,1.93561409105e-05,1.15042184916e-05
2016,Scotland,5,7.4,8,Biomethane Bus,Motorway (not London),0.00069444446126,1.93561409105e-05,1.15042184916e-05
2016,Scotland,5,7.4,8,Bus and Coach,Motorway (not London),0.00827863253653,6.06435824011e-05,5.07272889081e-05
2016,Scotland,5,7.4,8,CNG Bus,Motorway (not London),0.00069444446126,1.93561409105e-05,1.15042184916e-05
2016,Scotland,5,7.4,8,Diesel Car,Motorway (not London),0.00027608484379,5.47597574041e-06,3.73812895305e-06
2016,Scotland,5,7.4,8,E85 Bioethanol Cars,Motorway (not London),1.95655466086e-05,4.37862718172e-06,2.69564793598e-06
2016,Scotland,5,7.4,8,E85 Bioethanol LGV,Motorway (not London),1.63396907737e-05,5.369959581e-06,3.28806277139e-06
2016,Scotland,5,7.4,8,FCEV Bus,Motorway (not London),0.0,1.79672515515e-05,1.018477451e-05
2016,Scotland,5,7.4,8,FCEV Cars,Motorway (not London),0.0,4.0696081669e-06,2.40208009927e-06
2016,Scotland,5,7.4,8,FCEV LGV,Motorway (not London),0.0,5.21319179825e-06,3.13913324135e-06
2016,Scotland,5,7.4,8,Full Hybrid Diesel Cars,Motorway (not London),0.00027608484379,5.47604986423e-06,3.73819943889e-06
2016,Scotland,5,7.4,8,Full Hybrid Petrol Cars,Motorway (not London),9.7830352388e-06,4.45588193543e-06,2.76904006569e-06
2016,Scotland,5,7.4,8,Full Hybrid Petrol LGV,Motorway (not London),4.98494864587e-06,5.40513883607e-06,3.3214830637e-06
2016,Scotland,5,7.4,8,Hybrid Bus,Motorway (not London),0.00274155149236,3.7766447349e-05,2.89940089715e-05
2016,Scotland,5,7.4,8,LGV,Motorway (not London),0.000468463462312,6.24361291557e-06,4.1180333028e-06
2016,Scotland,5,7.4,8,LPG Cars,Motorway (not London),8.6111112978e-06,4.45405203209e-06,2.76730133919e-06
2016,Scotland,5,7.4,8,LPG LGV,Motorway (not London),4.16030597989e-05,5.40513883607e-06,3.3214830637e-06
2016,Scotland,5,7.4,8,Motorcycle,Motorway (not London),1.79103517439e-05,2.54074529948e-06,1.79528831268e-06
2016,Scotland,5,7.4,8,Petrol Car,Motorway (not London),1.95655466086e-05,4.45588193543e-06,2.76903983831e-06
2016,Scotland,5,7.4,8,Plug-In Hybrid Petrol Cars,Motorway (not London),1.95654683921e-06,4.10823577113e-06,2.43877593675e-06
2016,Scotland,5,7.4,8,Plug-In Hybrid Petrol LGV,Motorway (not London),1.98197312784e-06,5.23238622918e-06,3.15736838274e-06
2016,Scotland,5,7.4,8,Rigid HGV,Motorway (not London),0.00412511918694,4.00961689593e-05,3.14928329317e-05
2016,Scotland,5,7.4,9,Artic HGV,Motorway (not London),0.00584528082982,6.19970887783e-05,5.11845682922e-05
2016,Scotland,5,7.4,9,B100 Artic HGV,Motorway (not London),0.00642980914563,5.79268926231e-05,4.73178806715e-05
2016,Scotland,5,7.4,9,B100 Bus,Motorway (not London),0.0041081905365,3.92363108404e-05,3.0390379834e-05
2016,Scotland,5,7.4,9,B100 Coach,Motorway (not London),0.00823059491813,5.18123997608e-05,4.23376659455e-05
2016,Scotland,5,7.4,9,B100 Rigid HGV,Motorway (not London),0.00418684724718,3.77704054699e-05,2.92833592539e-05
2016,Scotland,5,7.4,9,Battery EV Cars,Motorway (not London),0.0,4.0696081669e-06,2.40208009927e-06
2016,Scotland,5,7.4,9,Battery EV LGV,Motorway (not London),0.0,5.21319179825e-06,3.13913324135e-06
2016,Scotland,5,7.4,9,Biogas Bus,Motorway (not London),0.00069444446126,1.93561409105e-05,1.15042184916e-05
2016,Scotland,5,7.4,9,Biomethane Bus,Motorway (not London),0.00069444446126,1.93561409105e-05,1.15042184916e-05
2016,Scotland,5,7.4,9,Bus and Coach,Motorway (not London),0.00748235918581,6.06435824011e-05,5.07272889081e-05
2016,Scotland,5,7.4,9,CNG Bus,Motorway (not London),0.00069444446126,1.93561409105e-05,1.15042184916e-05
2016,Scotland,5,7.4,9,Diesel Car,Motorway (not London),0.00027608484379,5.47597574041e-06,3.73812895305e-06
2016,Scotland,5,7.4,9,E85 Bioethanol Cars,Motorway (not London),1.91828112293e-05,4.37862718172e-06,2.69564793598e-06
2016,Scotland,5,7.4,9,E85 Bioethanol LGV,Motorway (not London),1.61218922585e-05,5.36564039066e-06,3.28395935867e-06
2016,Scotland,5,7.4,9,FCEV Bus,Motorway (not London),0.0,1.79672515515e-05,1.018477451e-05
2016,Scotland,5,7.4,9,FCEV Cars,Motorway (not London),0.0,4.0696081669e-06,2.40208009927e-06
2016,Scotland,5,7.4,9,FCEV LGV,Motorway (not London),0.0,5.21319179825e-06,3.13913324135e-06
2016,Scotland,5,7.4,9,Full Hybrid Diesel Cars,Motorway (not London),0.00027608484379,5.47604986423e-06,3.73819943889e-06
2016,Scotland,5,7.4,9,Full Hybrid Petrol Cars,Motorway (not London),9.59166663961e-06,4.45588193543e-06,2.76904006569e-06
2016,Scotland,5,7.4,9,Full Hybrid Petrol LGV,Motorway (not London),4.87475108457e-06,5.39967550139e-06,3.31629280481e-06
2016,Scotland,5,7.4,9,Hybrid Bus,Motorway (not London),0.00250743003562,3.7766447349e-05,2.89940089715e-05
2016,Scotland,5,7.4,9,LGV,Motorway (not London),0.000445752462838,6.174016562e-06,4.05191667596e-06
2016,Scotland,5,7.4,9,LPG Cars,Motorway (not London),8.6111112978e-06,4.45405203209e-06,2.76730133919e-06
2016,Scotland,5,7.4,9,LPG LGV,Motorway (not London),3.9620368625e-05,5.39967550139e-06,3.31629280481e-06
2016,Scotland,5,7.4,9,Motorcycle,Motorway (not London),1.79103517439e-05,2.54074529948e-06,1.79528831268e-06
2016,Scotland,5,7.4,9,Petrol Car,Motorway (not London),1.91828112293e-05,4.45588193543e-06,2.76903983831e-06
2016,Scotland,5,7.4,9,Plug-In Hybrid Petrol Cars,Motorway (not London),1.91827302842e-06,4.10823577113e-06,2.43877593675e-06
2016,Scotland,5,7.4,9,Plug-In Hybrid Petrol LGV,Motorway (not London),1.96019323084e-06,5.23184007761e-06,3.15684928864e-06
2016,Scotland,5,7.4,9,Rigid HGV,Motorway (not London),0.00380622479133,4.00961689593e-05,3.14928329317e-05
2016,Scotland,5,7.4,10,Artic HGV,Motorway (not London),0.00537062203512,6.19970887783e-05,5.11845682922e-05
2016,Scotland,5,7.4,10,B100 Artic HGV,Motorway (not London),0.00590768409893,5.79268926231e-05,4.73178806715e-05
2016,Scotland,5,7.4,10,B100 Bus,Motorway (not London),0.00380965042859,3.92363108404e-05,3.0390379834e-05
2016,Scotland,5,7.4,10,B100 Coach,Motorway (not London),0.00750999338925,5.18123997608e-05,4.23376659455e-05
2016,Scotland,5,7.4,10,B100 Rigid HGV,Motorway (not London),0.00388859957457,3.77704054699e-05,2.92833592539e-05
2016,Scotland,5,7.4,10,Battery EV Cars,Motorway (not London),0.0,4.0696081669e-06,2.40208009927e-06
2016,Scotland,5,7.4,10,Battery EV LGV,Motorway (not London),0.0,5.21319179825e-06,3.13913324135e-06
2016,Scotland,5,7.4,10,Biogas Bus,Motorway (not London),0.00069444446126,1.93561409105e-05,1.15042184916e-05
2016,Scotland,5,7.4,10,Biomethane Bus,Motorway (not London),0.00069444446126,1.93561409105e-05,1.15042184916e-05
2016,Scotland,5,7.4,10,Bus and Coach,Motorway (not London),0.00682726688683,6.06435824011e-05,5.07272889081e-05
2016,Scotland,5,7.4,10,CNG Bus,Motorway (not London),0.00069444446126,1.93561409105e-05,1.15042184916e-05
2016,Scotland,5,7.4,10,Diesel Car,Motorway (not London),0.00027608484379,5.47597574041e-06,3.73812895305e-06
2016,Scotland,5,7.4,10,E85 Bioethanol Cars,Motorway (not London),1.88249650819e-05,4.37862718172e-06,2.69564793598e-06
2016,Scotland,5,7.4,10,E85 Bioethanol LGV,Motorway (not London),1.59085084306e-05,5.36209654456e-06,3.28059286403e-06
2016,Scotland,5,7.4,10,FCEV Bus,Motorway (not London),0.0,1.79672515515e-05,1.018477451e-05
2016,Scotland,5,7.4,10,FCEV Cars,Motorway (not London),0.0,4.0696081669e-06,2.40208009927e-06
2016,Scotland,5,7.4,10,FCEV LGV,Motorway (not London),0.0,5.21319179825e-06,3.13913324135e-06
2016,Scotland,5,7.4,10,Full Hybrid Diesel Cars,Motorway (not London),0.00027608484379,5.47604986423e-06,3.73819943889e-06
2016,Scotland,5,7.4,10,Full Hybrid Petrol Cars,Motorway (not London),9.41274447541e-06,4.45588193543e-06,2.76904006569e-06
2016,Scotland,5,7.4,10,Full Hybrid Petrol LGV,Motorway (not London),4.76678815176e-06,5.39519260201e-06,3.31203432324e-06
2016,Scotland,5,7.4,10,Hybrid Bus,Motorway (not London),0.00231695338152,3.7766447349e-05,2.89940089715e-05
2016,Scotland,5,7.4,10,LGV,Motorway (not London),0.000427492079325,6.1177124735e-06,3.99842792831e-06
2016,Scotland,5,7.4,10,LPG Cars,Motorway (not London),8.6111112978e-06,4.45405203209e-06,2.76730133919e-06
2016,Scotland,5,7.4,10,LPG LGV,Motorway (not London),3.80204292014e-05,5.39519260201e-06,3.31203432324e-06
2016,Scotland,5,7.4,10,Motorcycle,Motorway (not London),1.79103517439e-05,2.54074529948e-06,1.79528831268e-06
2016,Scotland,5,7.4,10,Petrol Car,Motorway (not London),1.88249650819e-05,4.45588193543e-06,2.76903983831e-06
2016,Scotland,5,7.4,10,Plug-In Hybrid Petrol Cars,Motorway (not London),1.88248850463e-06,4.10823577113e-06,2.43877593675e-06
2016,Scotland,5,7.4,10,Plug-In Hybrid Petrol LGV,Motorway (not London),1.93885489352e-06,5.23139169673e-06,3.15642341775e-06
2016,Scotland,5,7.4,10,Rigid HGV,Motorway (not London),0.00353509071283,4.00961689593e-05,3.14928329317e-05
2016,Scotland,5,7.4,12,Artic HGV,Motorway (not London),0.00460696173832,5.71984601265e-05,4.66258679808e-05
2016,Scotland,5,7.4,12,B100 Artic HGV,Motorway (not London),0.00506765814498,5.36081242899e-05,4.32150482084e-05
2016,Scotland,5,7.4,12,B100 Bus,Motorway (not London),0.0033283426892,3.70718953491e-05,2.83341851173e-05
2016,Scotland,5,7.4,12,B100 Coach,Motorway (not London),0.00638587819412,4.98055705975e-05,4.04311795137e-05
2016,Scotland,5,7.4,12,B100 Rigid HGV,Motorway (not London),0.00340594886802,3.55265074177e-05,2.7151656468e-05
2016,Scotland,5,7.4,12,Battery EV Cars,Motorway (not London),0.0,4.0696081669e-06,2.40208009927e-06
2016,Scotland,5,7.4,12,Battery EV LGV,Motorway (not London),0.0,5.21319179825e-06,3.13913324135e-06
2016,Scotland,5,7.4,12,Biogas Bus,Motorway (not London),0.00069444446126,1.93561409105e-05,1.15042184916e-05
2016,Scotland,5,7.4,12,Biomethane Bus,Motorway (not London),0.00069444446126,1.93561409105e-05,1.15042184916e-05
2016,Scotland,5,7.4,12,Bus and Coach,Motorway (not London),0.00580534385517,5.50313925487e-05,4.5395707275e-05
2016,Scotland,5,7.4,12,CNG Bus,Motorway (not London),0.00069444446126,1.93561409105e-05,1.15042184916e-05
2016,Scotland,5,7.4,12,Diesel Car,Motorway (not London),0.000260619359324,5.35483286512e-06,3.62304331247e-06
2016,Scotland,5,7.4,12,E85 Bioethanol Cars,Motorway (not London),1.82245676115e-05,4.3607446969e-06,2.67865948445e-06
2016,Scotland,5,7.4,12,E85 Bioethanol LGV,Motorway (not London),1.56105834321e-05,5.35400022272e-06,3.27290126734e-06
2016,Scotland,5,7.4,12,FCEV Bus,Motorway (not London),0.0,1.79672515515e-05,1.018477451e-05
2016,Scotland,5,7.4,12,FCEV Cars,Motorway (not London),0.0,4.0696081669e-06,2.40208009927e-06
2016,Scotland,5,7.4,12,FCEV LGV,Motorway (not London),0.0,5.21319179825e-06,3.13913324135e-06
2016,Scotland,5,7.4,12,Full Hybrid Diesel Cars,Motorway (not London),0.000260619359324,5.35490607945e-06,3.62311288882e-06
2016,Scotland,5,7.4,12,Full Hybrid Petrol Cars,Motorway (not London),9.11254846869e-06,4.4335288294e-06,2.74780450127e-06
2016,Scotland,5,7.4,12,Full Hybrid Petrol LGV,Motorway (not London),4.56042153019e-06,5.38495169167e-06,3.30230545842e-06
2016,Scotland,5,7.4,12,Hybrid Bus,Motorway (not London),0.00201882841066,3.57366188837e-05,2.70656746579e-05
2016,Scotland,5,7.4,12,LGV,Motorway (not London),0.000399885000661,6.01731062488e-06,3.90304649045e-06
2016,Scotland,5,7.4,12,LPG Cars,Motorway (not London),8.6111112978e-06,4.43141925643e-06,2.74580020232e-06
2016,Scotland,5,7.4,12,LPG LGV,Motorway (not London),3.55875272362e-05,5.38495169167e-06,3.30230545842e-06
2016,Scotland,5,7.4,12,Motorcycle,Motorway (not London),1.66959962371e-05,2.54074529948e-06,1.79528831268e-06
2016,Scotland,5,7.4,12,Petrol Car,Motorway (not London),1.82245676115e-05,4.4335288294e-06,2.74780427389e-06
2016,Scotland,5,7.4,12,Plug-In Hybrid Petrol Cars,Motorway (not London),1.82244866664e-06,4.10600023315e-06,2.436652494e-06
2016,Scotland,5,7.4,12,Plug-In Hybrid Petrol LGV,Motorway (not London),1.91534149963e-06,5.23036760569e-06,3.15545048579e-06
2016,Scotland,5,7.4,12,Rigid HGV,Motorway (not London),0.00309631717391,3.76029493054e-05,2.91242740786e-05
2016,Scotland,5,7.4,14,Artic HGV,Motorway (not London),0.00402089580894,5.34671526111e-05,4.30811269325e-05
2016,Scotland,5,7.4,14,B100 Artic HGV,Motorway (not London),0.0044229850173,5.02499497088e-05,4.00247845391e-05
2016,Scotland,5,7.4,14,B100 Bus,Motorway (not London),0.00295316753909,3.53907526005e-05,2.6737097869e-05
2016,Scotland,5,7.4,14,B100 Coach,Motorway (not London),0.00554513558745,4.62252646685e-05,3.70298876078e-05
2016,Scotland,5,7.4,14,B100 Rigid HGV,Motorway (not London),0.00302972155623,3.37941310136e-05,2.55058985204e-05
2016,Scotland,5,7.4,14,Battery EV Cars,Motorway (not London),0.0,4.0696081669e-06,2.40208009927e-06
2016,Scotland,5,7.4,14,Battery EV LGV,Motorway (not London),0.0,5.21319179825e-06,3.13913324135e-06
2016,Scotland,5,7.4,14,Biogas Bus,Motorway (not London),0.00069444446126,1.93561409105e-05,1.15042184916e-05
2016,Scotland,5,7.4,14,Biomethane Bus,Motorway (not London),0.00069444446126,1.93561409105e-05,1.15042184916e-05
2016,Scotland,5,7.4,14,Bus and Coach,Motorway (not London),0.00504103209823,5.09132369189e-05,4.14834576077e-05
2016,Scotland,5,7.4,14,CNG Bus,Motorway (not London),0.00069444446126,1.93561409105e-05,1.15042184916e-05
2016,Scotland,5,7.4,14,Diesel Car,Motorway (not London),0.000248000113061,5.26025132785e-06,3.53319114765e-06
2016,Scotland,5,7.4,14,E85 Bioethanol Cars,Motorway (not London),1.77006731974e-05,4.34495768786e-06,2.66366168944e-06
2016,Scotland,5,7.4,14,E85 Bioethanol LGV,Motorway (not London),1.53375603986e-05,5.3483904594e-06,3.26757231051e-06
2016,Scotland,5,7.4,14,FCEV Bus,Motorway (not London),0.0,1.79672515515e-05,1.018477451e-05
2016,Scotland,5,7.4,14,FCEV Cars,Motorway (not London),0.0,4.0696081669e-06,2.40208009927e-06
2016,Scotland,5,7.4,14,FCEV LGV,Motorway (not London),0.0,5.21319179825e-06,3.13913324135e-06
2016,Scotland,5,7.4,14,Full Hybrid Diesel Cars,Motorway (not London),0.000248000113061,5.26032363268e-06,3.53325958713e-06
2016,Scotland,5,7.4,14,Full Hybrid Petrol Cars,Motorway (not London),8.85060399014e-06,4.4137950681e-06,2.72905731435e-06
2016,Scotland,5,7.4,14,Full Hybrid Petrol LGV,Motorway (not London),4.3664945224e-06,5.37785626875e-06,3.29556473844e-06
2016,Scotland,5,7.4,14,Hybrid Bus,Motorway (not London),0.00179031398147,3.41638224199e-05,2.55715149251e-05
2016,Scotland,5,7.4,14,LGV,Motorway (not London),0.00037992830039,5.94244966123e-06,3.8319280975e-06
2016,Scotland,5,7.4,14,LPG Cars,Motorway (not London),8.6111112978e-06,4.41143856733e-06,2.72681859315e-06
2016,Scotland,5,7.4,14,LPG LGV,Motorway (not London),3.38141253451e-05,5.37785626875e-06,3.29556473844e-06
2016,Scotland,5,7.4,14,Motorcycle,Motorway (not London),1.55753623403e-05,2.54074529948e-06,1.79528831268e-06
2016,Scotland,5,7.4,14,Petrol Car,Motorway (not London),1.77006731974e-05,4.41379461336e-06,2.72905708698e-06
2016,Scotland,5,7.4,14,Plug-In Hybrid Petrol Cars,Motorway (not London),1.77005915702e-06,4.1040270844e-06,2.43477779804e-06
2016,Scotland,5,7.4,14,Plug-In Hybrid Petrol LGV,Motorway (not London),1.89444574517e-06,5.22965819982e-06,3.15477655022e-06
2016,Scotland,5,7.4,14,Rigid HGV,Motorway (not London),0.00275429221801,3.56780874426e-05,2.72956549452e-05
2016,Scotland,5,7.4,16,Artic HGV,Motorway (not London),0.00355769880116,5.05067437189e-05,4.0268736484e-05
2016,Scotland,5,7.4,16,B100 Artic HGV,Motorway (not London),0.00391346868128,4.7585581342e-05,3.74936316803e-05
2016,Scotland,5,7.4,16,B100 Bus,Motorway (not London),0.00264982599765,3.40459300787e-05,2.54595179285e-05
2016,Scotland,5,7.4,16,B100 Coach,Motorway (not London),0.0048934975639,4.34524445154e-05,3.43957071891e-05
2016,Scotland,5,7.4,16,B100 Rigid HGV,Motorway (not London),0.00272641470656,3.24197717418e-05,2.42002552113e-05
2016,Scotland,5,7.4,16,Battery EV Cars,Motorway (not London),0.0,4.0696081669e-06,2.40208009927e-06
2016,Scotland,5,7.4,16,Battery EV LGV,Motorway (not London),0.0,5.21319179825e-06,3.13913324135e-06
2016,Scotland,5,7.4,16,Biogas Bus,Motorway (not London),0.00069444446126,1.93561409105e-05,1.15042184916e-05
2016,Scotland,5,7.4,16,Biomethane Bus,Motorway (not London),0.00069444446126,1.93561409105e-05,1.15042184916e-05
2016,Scotland,5,7.4,16,Bus and Coach,Motorway (not London),0.00444863410667,4.77557732665e-05,3.84838676837e-05
2016,Scotland,5,7.4,16,CNG Bus,Motorway (not London),0.00069444446126,1.93561409105e-05,1.15042184916e-05
2016,Scotland,5,7.4,16,Diesel Car,Motorway (not London),0.00023726055224,5.18362185176e-06,3.46039291799e-06
2016,Scotland,5,7.4,16,E85 Bioethanol Cars,Motorway (not London),1.72381933226e-05,4.33109380538e-06,2.65049129666e-06
2016,Scotland,5,7.4,16,E85 Bioethanol LGV,Motorway (not London),1.50563637362e-05,5.34469290869e-06,3.26405938722e-06
2016,Scotland,5,7.4,16,FCEV Bus,Motorway (not London),0.0,1.79672515515e-05,1.018477451e-05
2016,Scotland,5,7.4,16,FCEV Cars,Motorway (not London),0.0,4.0696081669e-06,2.40208009927e-06
2016,Scotland,5,7.4,16,FCEV LGV,Motorway (not London),0.0,5.21319179825e-06,3.13913324135e-06
2016,Scotland,5,7.4,16,Full Hybrid Diesel Cars,Motorway (not London),0.00023726055224,5.18369279234e-06,3.46046022059e-06
2016,Scotland,5,7.4,16,Full Hybrid Petrol Cars,Motorway (not London),8.6193676907e-06,4.39646555606e-06,2.71259432338e-06
2016,Scotland,5,7.4,16,Full Hybrid Petrol LGV,Motorway (not London),4.16827015215e-06,5.37317919225e-06,3.2911211747e-06
2016,Scotland,5,7.4,16,Hybrid Bus,Motorway (not London),0.00160647102166,3.29077229253e-05,2.43782196776e-05
2016,Scotland,5,7.4,16,LGV,Motorway (not London),0.000364766747225,5.8840478232e-06,3.77644664695e-06
2016,Scotland,5,7.4,16,LPG Cars,Motorway (not London),8.6111112978e-06,4.3938921408e-06,2.71014960163e-06
2016,Scotland,5,7.4,16,LPG LGV,Motorway (not London),3.24551438098e-05,5.37317919225e-06,3.2911211747e-06
2016,Scotland,5,7.4,16,Motorcycle,Motorway (not London),1.45469266499e-05,2.54074529948e-06,1.79528831268e-06
2016,Scotland,5,7.4,16,Petrol Car,Motorway (not London),1.72381933226e-05,4.39646510131e-06,2.71259409601e-06
2016,Scotland,5,7.4,16,Plug-In Hybrid Petrol Cars,Motorway (not London),1.72381123775e-06,4.10229404224e-06,2.43313138526e-06
2016,Scotland,5,7.4,16,Plug-In Hybrid Petrol LGV,Motorway (not London),1.87285934317e-06,5.2291902648e-06,3.15433203468e-06
2016,Scotland,5,7.4,16,Rigid HGV,Motorway (not London),0.00247855880298,3.41510167345e-05,2.58449399553e-05
2016,Scotland,5,7.4,18,Artic HGV,Motorway (not London),0.00318273995072,4.81116912852e-05,3.79934353987e-05
2016,Scotland,5,7.4,18,B100 Artic HGV,Motorway (not London),0.00350101408549,4.5430035243e-05,3.54458643415e-05
2016,Scotland,5,7.4,18,B100 Bus,Motorway (not London),0.00239806738682,3.29425347445e-05,2.44112907239e-05
2016,Scotland,5,7.4,18,B100 Coach,Motorway (not London),0.00437432248145,4.12375702581e-05,3.22915766446e-05
2016,Scotland,5,7.4,18,B100 Rigid HGV,Motorway (not London),0.00247561070137,3.13042182825e-05,2.3140482881e-05
2016,Scotland,5,7.4,18,Battery EV Cars,Motorway (not London),0.0,4.0696081669e-06,2.40208009927e-06
2016,Scotland,5,7.4,18,Battery EV LGV,Motorway (not London),0.0,5.21319179825e-06,3.13913324135e-06
2016,Scotland,5,7.4,18,Biogas Bus,Motorway (not London),0.00069444446126,1.93561409105e-05,1.15042184916e-05
2016,Scotland,5,7.4,18,Biomethane Bus,Motorway (not London),0.00069444446126,1.93561409105e-05,1.15042184916e-05
2016,Scotland,5,7.4,18,Bus and Coach,Motorway (not London),0.00397665705532,4.52526583103e-05,3.61059101124e-05
2016,Scotland,5,7.4,18,CNG Bus,Motorway (not London),0.00069444446126,1.93561409105e-05,1.15042184916e-05
2016,Scotland,5,7.4,18,Diesel Car,Motorway (not London),0.000227859200095,5.11981534146e-06,3.39977668773e-06
2016,Scotland,5,7.4,18,E85 Bioethanol Cars,Motorway (not London),1.68258884514e-05,4.31898797615e-06,2.63899050879e-06
2016,Scotland,5,7.4,18,E85 Bioethanol LGV,Motorway (not London),1.50109572132e-05,5.34249193151e-06,3.26196868627e-06
2016,Scotland,5,7.4,18,FCEV Bus,Motorway (not London),0.0,1.79672515515e-05,1.018477451e-05
2016,Scotland,5,7.4,18,FCEV Cars,Motorway (not London),0.0,4.0696081669e-06,2.40208009927e-06
2016,Scotland,5,7.4,18,FCEV LGV,Motorway (not London),0.0,5.21319179825e-06,3.13913324135e-06
2016,Scotland,5,7.4,18,Full Hybrid Diesel Cars,Motorway (not London),0.000227859200095,5.1198849178e-06,3.39984285347e-06
2016,Scotland,5,7.4,18,Full Hybrid Petrol Cars,Motorway (not London),8.41321798362e-06,4.38133292846e-06,2.69821839538e-06
2016,Scotland,5,7.4,18,Full Hybrid Petrol LGV,Motorway (not London),4.08918594985e-06,5.37039522897e-06,3.28847681885e-06
2016,Scotland,5,7.4,18,Hybrid Bus,Motorway (not London),0.00145406892989,3.18783095281e-05,2.34002800426e-05
2016,Scotland,5,7.4,18,LGV,Motorway (not London),0.000352823757567,5.83693690714e-06,3.73169132217e-06
2016,Scotland,5,7.4,18,LPG Cars,Motorway (not London),8.6111112978e-06,4.3785703383e-06,2.69559404842e-06
2016,Scotland,5,7.4,18,LPG LGV,Motorway (not London),3.13744603773e-05,5.37039522897e-06,3.28847681885e-06
2016,Scotland,5,7.4,18,Motorcycle,Motorway (not London),1.36091930472e-05,2.54074529948e-06,1.79528831268e-06
2016,Scotland,5,7.4,18,Petrol Car,Motorway (not London),1.68258884514e-05,4.38133292846e-06,2.69821816801e-06
2016,Scotland,5,7.4,18,Plug-In Hybrid Petrol Cars,Motorway (not London),1.682580546e-06,4.10078064306e-06,2.43169370151e-06
2016,Scotland,5,7.4,18,Plug-In Hybrid Petrol LGV,Motorway (not London),1.87497914794e-06,5.22891195942e-06,3.1540675991e-06
2016,Scotland,5,7.4,18,Rigid HGV,Motorway (not London),0.00225055520423,3.29115173372e-05,2.46674135269e-05
2016,Scotland,5,7.4,20,Artic HGV,Motorway (not London),0.00287316250615,4.61397794425e-05,3.61201200576e-05
2016,Scotland,5,7.4,20,B100 Artic HGV,Motorway (not London),0.00316047878005,4.36553127656e-05,3.37598794431e-05
2016,Scotland,5,7.4,20,B100 Bus,Motorway (not London),0.00218500522897,3.20177350659e-05,2.3532731575e-05
2016,Scotland,5,7.4,20,B100 Coach,Motorway (not London),0.00395030528307,3.94252201659e-05,3.05698449665e-05
2016,Scotland,5,7.4,20,B100 Rigid HGV,Motorway (not London),0.00226406333968,3.03811902995e-05,2.22636044782e-05
2016,Scotland,5,7.4,20,Battery EV Cars,Motorway (not London),0.0,4.0696081669e-06,2.40208009927e-06
2016,Scotland,5,7.4,20,Battery EV LGV,Motorway (not London),0.0,5.21319179825e-06,3.13913324135e-06
2016,Scotland,5,7.4,20,Biogas Bus,Motorway (not London),0.00069444446126,1.93561409105e-05,1.15042184916e-05
2016,Scotland,5,7.4,20,Biomethane Bus,Motorway (not London),0.00069444446126,1.93561409105e-05,1.15042184916e-05
2016,Scotland,5,7.4,20,Bus and Coach,Motorway (not London),0.00359118636698,4.32158522017e-05,3.41709455824e-05
2016,Scotland,5,7.4,20,CNG Bus,Motorway (not London),0.00069444446126,1.93561409105e-05,1.15042184916e-05
2016,Scotland,5,7.4,20,Diesel Car,Motorway (not London),0.000219467459829,5.06556170876e-06,3.34823562298e-06
2016,Scotland,5,7.4,20,E85 Bioethanol Cars,Motorway (not London),1.64554803632e-05,4.30848058386e-06,2.62900834969e-06
2016,Scotland,5,7.4,20,E85 Bioethanol LGV,Motorway (not London),1.47728060256e-05,5.34149285158e-06,3.26101940118e-06
2016,Scotland,5,7.4,20,FCEV Bus,Motorway (not London),0.0,1.79672515515e-05,1.018477451e-05
2016,Scotland,5,7.4,20,FCEV Cars,Motorway (not London),0.0,4.0696081669e-06,2.40208009927e-06
2016,Scotland,5,7.4,20,FCEV LGV,Motorway (not London),0.0,5.21319179825e-06,3.13913324135e-06
2016,Scotland,5,7.4,20,Full Hybrid Diesel Cars,Motorway (not London),0.000219467459829,5.06562992086e-06,3.34830042448e-06
2016,Scotland,5,7.4,20,Full Hybrid Petrol Cars,Motorway (not London),8.22801757749e-06,4.36819846072e-06,2.68574081019e-06
2016,Scotland,5,7.4,20,Full Hybrid Petrol LGV,Motorway (not London),3.91242019759e-06,5.36913148608e-06,3.28727605847e-06
2016,Scotland,5,7.4,20,Hybrid Bus,Motorway (not London),0.00132508785464,3.10162322421e-05,2.25813037105e-05
2016,Scotland,5,7.4,20,LGV,Motorway (not London),0.000343135790899,5.79795323574e-06,3.69465692529e-06
2016,Scotland,5,7.4,20,LPG Cars,Motorway (not London),8.6111112978e-06,4.36527170677e-06,2.68296025752e-06
2016,Scotland,5,7.4,20,LPG LGV,Motorway (not London),3.04904715449e-05,5.36913148608e-06,3.28727605847e-06
2016,Scotland,5,7.4,20,Motorcycle,Motorway (not London),1.27606990645e-05,2.54074529948e-06,1.79528831268e-06
2016,Scotland,5,7.4,20,Petrol Car,Motorway (not London),1.64554803632e-05,4.36819846072e-06,2.68574058282e-06
2016,Scotland,5,7.4,20,Plug-In Hybrid Petrol Cars,Motorway (not London),1.64553966897e-06,4.09946733271e-06,2.43044610215e-06
2016,Scotland,5,7.4,20,Plug-In Hybrid Petrol LGV,Motorway (not London),1.85795158814e-06,5.22878553966e-06,3.1539475458e-06
2016,Scotland,5,7.4,20,Rigid HGV,Motorway (not London),0.00205823942088,3.18859274557e-05,2.36931045947e-05
2016,Scotland,5,7.4,25,Artic HGV,Motorway (not London),0.00229350430891,4.24727804784e-05,3.26364715875e-05
2016,Scotland,5,7.4,25,B100 Artic HGV,Motorway (not London),0.00252285483293,4.03550147894e-05,3.06245929096e-05
2016,Scotland,5,7.4,25,B100 Bus,Motorway (not London),0.00177077599801,3.02364605886e-05,2.18405220949e-05
2016,Scotland,5,7.4,25,B100 Coach,Motorway (not London),0.0031628604047,3.60617050319e-05,2.73745026789e-05
2016,Scotland,5,7.4,25,B100 Rigid HGV,Motorway (not London),0.00185403414071,2.86474642053e-05,2.0616565962e-05
2016,Scotland,5,7.4,25,Battery EV Cars,Motorway (not London),0.0,4.0696081669e-06,2.40208009927e-06
2016,Scotland,5,7.4,25,Battery EV LGV,Motorway (not London),0.0,5.21319179825e-06,3.13913324135e-06
2016,Scotland,5,7.4,25,Biogas Bus,Motorway (not London),0.00069444446126,1.93561409105e-05,1.15042184916e-05
2016,Scotland,5,7.4,25,Biomethane Bus,Motorway (not London),0.00069444446126,1.93561409105e-05,1.15042184916e-05
2016,Scotland,5,7.4,25,Bus and Coach,Motorway (not London),0.0028753275983,3.94578783016e-05,3.06008696498e-05
2016,Scotland,5,7.4,25,CNG Bus,Motorway (not London),0.00069444446126,1.93561409105e-05,1.15042184916e-05
2016,Scotland,5,7.4,25,Diesel Car,Motorway (not London),0.000201674178243,4.95885569762e-06,3.24686493514e-06
2016,Scotland,5,7.4,25,E85 Bioethanol Cars,Motorway (not London),1.56756486831e-05,4.28821886089e-06,2.60975980382e-06
2016,Scotland,5,7.4,25,E85 Bioethanol LGV,Motorway (not London),1.43994420796e-05,5.34297396371e-06,3.26242661686e-06
2016,Scotland,5,7.4,25,FCEV Bus,Motorway (not London),0.0,1.79672515515e-05,1.018477451e-05
2016,Scotland,5,7.4,25,FCEV Cars,Motorway (not London),0.0,4.0696081669e-06,2.40208009927e-06
2016,Scotland,5,7.4,25,FCEV LGV,Motorway (not London),0.0,5.21319179825e-06,3.13913324135e-06
2016,Scotland,5,7.4,25,Full Hybrid Diesel Cars,Motorway (not London),0.000201674178243,4.95892072649e-06,3.24692678078e-06
2016,Scotland,5,7.4,25,Full Hybrid Petrol Cars,Motorway (not London),7.83810992289e-06,4.34287176176e-06,2.66168012786e-06
2016,Scotland,5,7.4,25,Full Hybrid Petrol LGV,Motorway (not London),3.58213196705e-06,5.37100504516e-06,3.2890559396e-06
2016,Scotland,5,7.4,25,Hybrid Bus,Motorway (not London),0.00107416033279,2.93569355563e-05,2.10049729503e-05
2016,Scotland,5,7.4,25,LGV,Motorway (not London),0.000325337576214,5.72418957745e-06,3.62458149539e-06
2016,Scotland,5,7.4,25,LPG Cars,Motorway (not London),8.6111112978e-06,4.33962804891e-06,2.65859875981e-06
2016,Scotland,5,7.4,25,LPG LGV,Motorway (not London),2.88417650154e-05,5.37100504516e-06,3.2890559396e-06
2016,Scotland,5,7.4,25,Motorcycle,Motorway (not London),1.1020580132e-05,2.54074529948e-06,1.79528831268e-06
2016,Scotland,5,7.4,25,Petrol Car,Motorway (not London),1.56756486831e-05,4.34287130702e-06,2.66167990048e-06
2016,Scotland,5,7.4,25,Plug-In Hybrid Petrol Cars,Motorway (not London),1.56755606895e-06,4.09693484471e-06,2.42804003392e-06
2016,Scotland,5,7.4,25,Plug-In Hybrid Petrol LGV,Motorway (not London),1.83813983767e-06,5.22897289557e-06,3.15412557939e-06
2016,Scotland,5,7.4,25,Rigid HGV,Motorway (not London),0.00168548559304,2.99595667457e-05,2.18630611926e-05
2016,Scotland,5,7.4,30,Artic HGV,Motorway (not London),0.001890373067,3.99509226554e-05,3.02407061099e-05
2016,Scotland,5,7.4,30,B100 Artic HGV,Motorway (not London),0.00207941024564,3.80853416573e-05,2.84684065264e-05
2016,Scotland,5,7.4,30,B100 Bus,Motorway (not London),0.00146951025818,2.8941572964e-05,2.061037776e-05
2016,Scotland,5,7.4,30,B100 Coach,Motorway (not London),0.00261643668637,3.37382152793e-05,2.51671899605e-05
2016,Scotland,5,7.4,30,B100 Rigid HGV,Motorway (not London),0.00155511591583,2.74364028883e-05,1.94660569832e-05
2016,Scotland,5,7.4,30,Battery EV Cars,Motorway (not London),0.0,4.0696081669e-06,2.40208009927e-06
2016,Scotland,5,7.4,30,Battery EV LGV,Motorway (not London),0.0,5.21319179825e-06,3.13913324135e-06
2016,Scotland,5,7.4,30,Biogas Bus,Motorway (not London),0.00069444446126,1.93561409105e-05,1.15042184916e-05
2016,Scotland,5,7.4,30,Biomethane Bus,Motorway (not London),0.00069444446126,1.93561409105e-05,1.15042184916e-05
2016,Scotland,5,7.4,30,Bus and Coach,Motorway (not London),0.00237857876346,3.68725777662e-05,2.81448337773e-05
2016,Scotland,5,7.4,30,CNG Bus,Motorway (not London),0.00069444446126,1.93561409105e-05,1.15042184916e-05
2016,Scotland,5,7.4,30,Diesel Car,Motorway (not London),0.000187142431969,4.87939951199e-06,3.17138142236e-06
2016,Scotland,5,7.4,30,E85 Bioethanol Cars,Motorway (not London),1.50584055518e-05,4.27480472354e-06,2.5970164188e-06
2016,Scotland,5,7.4,30,E85 Bioethanol LGV,Motorway (not London),1.41473547046e-05,5.34861874257e-06,3.26778922499e-06
2016,Scotland,5,7.4,30,FCEV Bus,Motorway (not London),0.0,1.79672515515e-05,1.018477451e-05
2016,Scotland,5,7.4,30,FCEV Cars,Motorway (not London),0.0,4.0696081669e-06,2.40208009927e-06
2016,Scotland,5,7.4,30,FCEV LGV,Motorway (not London),0.0,5.21319179825e-06,3.13913324135e-06
2016,Scotland,5,7.4,30,Full Hybrid Diesel Cars,Motorway (not London),0.000187142431969,4.87946135763e-06,3.17144031214e-06
2016,Scotland,5,7.4,30,Full Hybrid Petrol Cars,Motorway (not London),7.52949836169e-06,4.3261038627e-06,2.64575101028e-06
2016,Scotland,5,7.4,30,Full Hybrid Petrol LGV,Motorway (not London),3.3122005334e-06,5.37814503332e-06,3.29583917846e-06
2016,Scotland,5,7.4,30,Hybrid Bus,Motorway (not London),0.000891491537914,2.81504526356e-05,1.98588131752e-05
2016,Scotland,5,7.4,30,LGV,Motorway (not London),0.000313200114761,5.67198185308e-06,3.57498424819e-06
2016,Scotland,5,7.4,30,LPG Cars,Motorway (not London),8.6111112978e-06,4.32265096606e-06,2.64247023551e-06
2016,Scotland,5,7.4,30,LPG LGV,Motorway (not London),2.76926857623e-05,5.37814503332e-06,3.29583917846e-06
2016,Scotland,5,7.4,30,Motorcycle,Motorway (not London),9.80799268291e-06,2.54074529948e-06,1.79528831268e-06
2016,Scotland,5,7.4,30,Petrol Car,Motorway (not London),1.50584055518e-05,4.3261038627e-06,2.64575055553e-06
2016,Scotland,5,7.4,30,Plug-In Hybrid Petrol Cars,Motorway (not London),1.5058316194e-06,4.09525773648e-06,2.42644705395e-06
2016,Scotland,5,7.4,30,Plug-In Hybrid Petrol LGV,Motorway (not London),1.83124996056e-06,5.22968684891e-06,3.15480383506e-06
2016,Scotland,5,7.4,30,Rigid HGV,Motorway (not London),0.0014137418475,2.86139420496e-05,2.05847190955e-05
2016,Scotland,5,7.4,35,Artic HGV,Motorway (not London),0.00159389746841,3.81156896765e-05,2.84972375084e-05
2016,Scotland,5,7.4,35,B100 Artic HGV,Motorway (not London),0.00175328715704,3.64336337952e-05,2.68992826022e-05
2016,Scotland,5,7.4,35,B100 Bus,Motorway (not London),0.00124143459834,2.79502801277e-05,1.9668650566e-05
2016,Scotland,5,7.4,35,B100 Coach,Motorway (not London),0.0022135367617,3.2034367905e-05,2.35485331359e-05
2016,Scotland,5,7.4,35,B100 Rigid HGV,Motorway (not London),0.00132599694189,2.65419857897e-05,1.86163597391e-05
2016,Scotland,5,7.4,35,Battery EV Cars,Motorway (not London),0.0,4.0696081669e-06,2.40208009927e-06
2016,Scotland,5,7.4,35,Battery EV LGV,Motorway (not London),0.0,5.21319179825e-06,3.13913324135e-06
2016,Scotland,5,7.4,35,Biogas Bus,Motorway (not London),0.00069444446126,1.93561409105e-05,1.15042184916e-05
2016,Scotland,5,7.4,35,Biomethane Bus,Motorway (not London),0.00069444446126,1.93561409105e-05,1.15042184916e-05
2016,Scotland,5,7.4,35,Bus and Coach,Motorway (not London),0.00201230612583,3.49774636561e-05,2.63444762822e-05
2016,Scotland,5,7.4,35,CNG Bus,Motorway (not London),0.00069444446126,1.93561409105e-05,1.15042184916e-05
2016,Scotland,5,7.4,35,Diesel Car,Motorway (not London),0.000175001594471,4.81737106384e-06,3.11245435114e-06
2016,Scotland,5,7.4,35,E85 Bioethanol Cars,Motorway (not London),1.45667063407e-05,4.26629503636e-06,2.58893237515e-06
2016,Scotland,5,7.4,35,E85 Bioethanol LGV,Motorway (not London),1.39810472319e-05,5.35727076567e-06,3.27600832861e-06
2016,Scotland,5,7.4,35,FCEV Bus,Motorway (not London),0.0,1.79672515515e-05,1.018477451e-05
2016,Scotland,5,7.4,35,FCEV Cars,Motorway (not London),0.0,4.0696081669e-06,2.40208009927e-06
2016,Scotland,5,7.4,35,FCEV LGV,Motorway (not London),0.0,5.21319179825e-06,3.13913324135e-06
2016,Scotland,5,7.4,35,Full Hybrid Diesel Cars,Motorway (not London),0.000175001594471,4.81743018099e-06,3.11251051244e-06
2016,Scotland,5,7.4,35,Full Hybrid Petrol Cars,Motorway (not London),7.28365921532e-06,4.31546686741e-06,2.63564584202e-06
2016,Scotland,5,7.4,35,Full Hybrid Petrol LGV,Motorway (not London),3.0846658774e-06,5.38908852832e-06,3.30623538503e-06
2016,Scotland,5,7.4,35,Hybrid Bus,Motorway (not London),0.000753102242015,2.72254346783e-05,1.89800466615e-05
2016,Scotland,5,7.4,35,LGV,Motorway (not London),0.000304514891468,5.63326739211e-06,3.53820519194e-06
2016,Scotland,5,7.4,35,LPG Cars,Motorway (not London),8.6111112978e-06,4.3118807298e-06,2.63223887487e-06
2016,Scotland,5,7.4,35,LPG LGV,Motorway (not London),2.68524236162e-05,5.38908852832e-06,3.30623538503e-06
2016,Scotland,5,7.4,35,Motorcycle,Motorway (not London),9.10311064217e-06,2.54074529948e-06,1.79528831268e-06
2016,Scotland,5,7.4,35,Petrol Car,Motorway (not London),1.45667063407e-05,4.31546686741e-06,2.63564538727e-06
2016,Scotland,5,7.4,35,Plug-In Hybrid Petrol Cars,Motorway (not London),1.45666137996e-06,4.09419408243e-06,2.42543660534e-06
2016,Scotland,5,7.4,35,Plug-In Hybrid Petrol LGV,Motorway (not London),1.83373219897e-06,5.23078142578e-06,3.15584361488e-06
2016,Scotland,5,7.4,35,Rigid HGV,Motorway (not London),0.00120545178652,2.76201444649e-05,1.96406108444e-05
2016,Scotland,5,7.4,40,Artic HGV,Motorway (not London),0.00136673310772,3.67225111404e-05,2.71737171715e-05
2016,Scotland,5,7.4,40,B100 Artic HGV,Motorway (not London),0.00150340644177,3.51797716576e-05,2.57081155723e-05
2016,Scotland,5,7.4,40,B100 Bus,Motorway (not London),0.00106447096914,2.71701355814e-05,1.89275124285e-05
2016,Scotland,5,7.4,40,B100 Coach,Motorway (not London),0.001903602737,3.07308146148e-05,2.2310156055e-05
2016,Scotland,5,7.4,40,B100 Rigid HGV,Motorway (not London),0.00114396738354,2.58540676441e-05,1.79628386832e-05
2016,Scotland,5,7.4,40,Battery EV Cars,Motorway (not London),0.0,4.0696081669e-06,2.40208009927e-06
2016,Scotland,5,7.4,40,Battery EV LGV,Motorway (not London),0.0,5.21319179825e-06,3.13913324135e-06
2016,Scotland,5,7.4,40,Biogas Bus,Motorway (not London),0.00069444446126,1.93561409105e-05,1.15042184916e-05
2016,Scotland,5,7.4,40,Biomethane Bus,Motorway (not London),0.00069444446126,1.93561409105e-05,1.15042184916e-05
2016,Scotland,5,7.4,40,Bus and Coach,Motorway (not London),0.00173054798506,3.35248259944e-05,2.49644690484e-05
2016,Scotland,5,7.4,40,CNG Bus,Motorway (not London),0.00069444446126,1.93561409105e-05,1.15042184916e-05
2016,Scotland,5,7.4,40,Diesel Car,Motorway (not London),0.000164784520166,4.76739251098e-06,3.06497508973e-06
2016,Scotland,5,7.4,40,E85 Bioethanol Cars,Motorway (not London),1.4176903278e-05,4.2610172386e-06,2.58391833086e-06
2016,Scotland,5,7.4,40,E85 Bioethanol LGV,Motorway (not London),1.38814466482e-05,5.36823927177e-06,3.28642863678e-06
2016,Scotland,5,7.4,40,FCEV Bus,Motorway (not London),0.0,1.79672515515e-05,1.018477451e-05
2016,Scotland,5,7.4,40,FCEV Cars,Motorway (not London),0.0,4.0696081669e-06,2.40208009927e-06
2016,Scotland,5,7.4,40,FCEV LGV,Motorway (not London),0.0,5.21319179825e-06,3.13913324135e-06
2016,Scotland,5,7.4,40,Full Hybrid Diesel Cars,Motorway (not London),0.000164784520166,4.7674493544e-06,3.06502874992e-06
2016,Scotland,5,7.4,40,Full Hybrid Petrol Cars,Motorway (not London),7.08876905264e-06,4.30886939284e-06,2.62937828666e-06
2016,Scotland,5,7.4,40,Full Hybrid Petrol LGV,Motorway (not London),2.8898778055e-06,5.40296332474e-06,3.31941623699e-06
2016,Scotland,5,7.4,40,Hybrid Bus,Motorway (not London),0.00064565485809,2.64966711256e-05,1.82877229236e-05
2016,Scotland,5,7.4,40,LGV,Motorway (not London),0.000298242841382,5.60393164051e-06,3.51033622792e-06
2016,Scotland,5,7.4,40,LPG Cars,Motorway (not London),8.6111112978e-06,4.30520094596e-06,2.62589287559e-06
2016,Scotland,5,7.4,40,LPG LGV,Motorway (not London),2.62306184595e-05,5.40296332474e-06,3.31941623699e-06
2016,Scotland,5,7.4,40,Motorcycle,Motorway (not London),8.88782506081e-06,2.54074529948e-06,1.79528831268e-06
2016,Scotland,5,7.4,40,Petrol Car,Motorway (not London),1.4176903278e-05,4.30886939284e-06,2.62937783191e-06
2016,Scotland,5,7.4,40,Plug-In Hybrid Petrol Cars,Motorway (not London),1.41768066442e-06,4.09353424402e-06,2.42480973611e-06
2016,Scotland,5,7.4,40,Plug-In Hybrid Petrol LGV,Motorway (not London),1.84367922884e-06,5.23216885995e-06,3.15716170007e-06
2016,Scotland,5,7.4,40,Rigid HGV,Motorway (not London),0.00103997043334,2.68557923846e-05,1.89144757314e-05
2016,Scotland,5,7.4,45,Artic HGV,Motorway (not London),0.00118713197298,3.56298987754e-05,2.61357345153e-05
2016,Scotland,5,7.4,45,B100 Artic HGV,Motorway (not London),0.00130584510043,3.4196422348e-05,2.47739317274e-05
2016,Scotland,5,7.4,45,B100 Bus,Motorway (not London),0.000925306696445,2.65523358394e-05,1.83406045835e-05
2016,Scotland,5,7.4,45,B100 Coach,Motorway (not London),0.00165751262102,2.97014812531e-05,2.13322909985e-05
2016,Scotland,5,7.4,45,B100 Rigid HGV,Motorway (not London),0.000995423994027,2.53086200246e-05,1.74446631718e-05
2016,Scotland,5,7.4,45,Battery EV Cars,Motorway (not London),0.0,4.0696081669e-06,2.40208009927e-06
2016,Scotland,5,7.4,45,Battery EV LGV,Motorway (not London),0.0,5.21319179825e-06,3.13913324135e-06
2016,Scotland,5,7.4,45,Biogas Bus,Motorway (not London),0.00069444446126,1.93561409105e-05,1.15042184916e-05
2016,Scotland,5,7.4,45,Biomethane Bus,Motorway (not London),0.00069444446126,1.93561409105e-05,1.15042184916e-05
2016,Scotland,5,7.4,45,Bus and Coach,Motorway (not London),0.00150682963431,3.23737658618e-05,2.38709635596e-05
2016,Scotland,5,7.4,45,CNG Bus,Motorway (not London),0.00069444446126,1.93561409105e-05,1.15042184916e-05
2016,Scotland,5,7.4,45,Diesel Car,Motorway (not London),0.000156213005539,4.72623150927e-06,3.02587204715e-06
2016,Scotland,5,7.4,45,E85 Bioethanol Cars,Motorway (not London),1.38726936711e-05,4.25757525591e-06,2.58064847003e-06
2016,Scotland,5,7.4,45,E85 Bioethanol LGV,Motorway (not London),1.3835208847e-05,5.38109270565e-06,3.29863951265e-06
2016,Scotland,5,7.4,45,FCEV Bus,Motorway (not London),0.0,1.79672515515e-05,1.018477451e-05
2016,Scotland,5,7.4,45,FCEV Cars,Motorway (not London),0.0,4.0696081669e-06,2.40208009927e-06
2016,Scotland,5,7.4,45,FCEV LGV,Motorway (not London),0.0,5.21319179825e-06,3.13913324135e-06
2016,Scotland,5,7.4,45,Full Hybrid Diesel Cars,Motorway (not London),0.000156213005539,4.7262856242e-06,3.02592366097e-06
2016,Scotland,5,7.4,45,Full Hybrid Petrol Cars,Motorway (not London),6.93667607266e-06,4.3045674829e-06,2.62529101747e-06
2016,Scotland,5,7.4,45,Full Hybrid Petrol LGV,Motorway (not London),2.72108445643e-06,5.41922145203e-06,3.33486150339e-06
2016,Scotland,5,7.4,45,Hybrid Bus,Motorway (not London),0.000561089836992,2.59208809439e-05,1.77407200681e-05
2016,Scotland,5,7.4,45,LGV,Motorway (not London),0.000293887307635,5.58165220355e-06,3.48917069459e-06
2016,Scotland,5,7.4,45,LPG Cars,Motorway (not London),8.6111112978e-06,4.30084492109e-06,2.62175444732e-06
2016,Scotland,5,7.4,45,LPG LGV,Motorway (not London),2.57835199591e-05,5.41922145203e-06,3.33486150339e-06
2016,Scotland,5,7.4,45,Motorcycle,Motorway (not London),9.14592692425e-06,2.54074529948e-06,1.79528831268e-06
2016,Scotland,5,7.4,45,Petrol Car,Motorway (not London),1.38726936711e-05,4.30456702816e-06,2.62529079009e-06
2016,Scotland,5,7.4,45,Plug-In Hybrid Petrol Cars,Motorway (not London),1.38725943089e-06,4.09310405303e-06,2.42440114562e-06
2016,Scotland,5,7.4,45,Plug-In Hybrid Petrol LGV,Motorway (not London),1.85975670774e-06,5.23379458173e-06,3.15870624945e-06
2016,Scotland,5,7.4,45,Rigid HGV,Motorway (not London),0.000904930930119,2.62497396761e-05,1.83387255674e-05
2016,Scotland,5,7.4,50,Artic HGV,Motorway (not London),0.00104157731403,3.47506138496e-05,2.53004127444e-05
2016,Scotland,5,7.4,50,B100 Artic HGV,Motorway (not London),0.00114573503379,3.34050637321e-05,2.40221415879e-05
2016,Scotland,5,7.4,50,B100 Bus,Motorway (not London),0.000815494800918,2.60718170466e-05,1.78841110028e-05
2016,Scotland,5,7.4,50,B100 Coach,Motorway (not London),0.00145723263267,2.88685696432e-05,2.0541025151e-05
2016,Scotland,5,7.4,50,B100 Rigid HGV,Motorway (not London),0.000871702970471,2.48660198849e-05,1.70241910382e-05
2016,Scotland,5,7.4,50,Battery EV Cars,Motorway (not London),0.0,4.0696081669e-06,2.40208009927e-06
2016,Scotland,5,7.4,50,Battery EV LGV,Motorway (not London),0.0,5.21319179825e-06,3.13913324135e-06
2016,Scotland,5,7.4,50,Biogas Bus,Motorway (not London),0.00069444446126,1.93561409105e-05,1.15042184916e-05
2016,Scotland,5,7.4,50,Biomethane Bus,Motorway (not London),0.00069444446126,1.93561409105e-05,1.15042184916e-05
2016,Scotland,5,7.4,50,Bus and Coach,Motorway (not London),0.00132475700229,3.14379285555e-05,2.29819179367e-05
2016,Scotland,5,7.4,50,CNG Bus,Motorway (not London),0.00069444446126,1.93561409105e-05,1.15042184916e-05
2016,Scotland,5,7.4,50,Diesel Car,Motorway (not London),0.000149111278006,4.6918071348e-06,2.99316866403e-06
2016,Scotland,5,7.4,50,E85 Bioethanol Cars,Motorway (not London),1.36422104333e-05,4.25485814048e-06,2.57806755144e-06
2016,Scotland,5,7.4,50,E85 Bioethanol LGV,Motorway (not London),1.38325094667e-05,5.39556458534e-06,3.31238743456e-06
2016,Scotland,5,7.4,50,FCEV Bus,Motorway (not London),0.0,1.79672515515e-05,1.018477451e-05
2016,Scotland,5,7.4,50,FCEV Cars,Motorway (not London),0.0,4.0696081669e-06,2.40208009927e-06
2016,Scotland,5,7.4,50,FCEV LGV,Motorway (not London),0.0,5.21319179825e-06,3.13913324135e-06
2016,Scotland,5,7.4,50,Full Hybrid Diesel Cars,Motorway (not London),0.000149111278006,4.69185943075e-06,2.99321845887e-06
2016,Scotland,5,7.4,50,Full Hybrid Petrol Cars,Motorway (not London),6.82144764141e-06,4.30117142969e-06,2.62206481239e-06
2016,Scotland,5,7.4,50,Full Hybrid Petrol LGV,Motorway (not London),2.57331521425e-06,5.43752639715e-06,3.35225149684e-06
2016,Scotland,5,7.4,50,Hybrid Bus,Motorway (not London),0.000494284555316,2.54755923379e-05,1.73176977114e-05
2016,Scotland,5,7.4,50,LGV,Motorway (not London),0.000291250267765,5.5650180002e-06,3.47336845152e-06
2016,Scotland,5,7.4,50,LPG Cars,Motorway (not London),8.6111112978e-06,4.29740612162e-06,2.6184879971e-06
2016,Scotland,5,7.4,50,LPG LGV,Motorway (not London),2.54930291703e-05,5.43752639715e-06,3.35225149684e-06
2016,Scotland,5,7.4,50,Motorcycle,Motorway (not London),9.8632863228e-06,2.54074529948e-06,1.79528831268e-06
2016,Scotland,5,7.4,50,Petrol Car,Motorway (not London),1.36422104333e-05,4.30117097494e-06,2.62206435764e-06
2016,Scotland,5,7.4,50,Plug-In Hybrid Petrol Cars,Motorway (not London),1.36421067509e-06,4.09276435676e-06,2.42407850237e-06
2016,Scotland,5,7.4,50,Plug-In Hybrid Petrol LGV,Motorway (not London),1.88098215403e-06,5.23562493981e-06,3.16044520332e-06
2016,Scotland,5,7.4,50,Rigid HGV,Motorway (not London),0.000792457256466,2.575795952e-05,1.7871536329e-05
2016,Scotland,5,7.4,60,Artic HGV,Motorway (not London),0.000820061541162,3.34239339281e-05,2.40400677285e-05
2016,Scotland,5,7.4,60,B100 Artic HGV,Motorway (not London),0.000902067695279,3.22110536217e-05,2.28878307098e-05
2016,Scotland,5,7.4,60,B100 Bus,Motorway (not London),0.000663929036818,2.54898986896e-05,1.73312873812e-05
2016,Scotland,5,7.4,60,B100 Coach,Motorway (not London),0.00115069269668,2.76054015558e-05,1.93410160136e-05
2016,Scotland,5,7.4,60,B100 Rigid HGV,Motorway (not London),0.00067750015296,2.4195327569e-05,1.63870354299e-05
2016,Scotland,5,7.4,60,Battery EV Cars,Motorway (not London),0.0,4.0696081669e-06,2.40208009927e-06
2016,Scotland,5,7.4,60,Battery EV LGV,Motorway (not London),0.0,5.21319179825e-06,3.13913324135e-06
2016,Scotland,5,7.4,60,Biogas Bus,Motorway (not London),0.00069444446126,1.93561409105e-05,1.15042184916e-05
2016,Scotland,5,7.4,60,Biomethane Bus,Motorway (not London),0.00069444446126,1.93561409105e-05,1.15042184916e-05
2016,Scotland,5,7.4,60,Bus and Coach,Motorway (not London),0.00104608433321,3.00055562548e-05,2.16211628867e-05
2016,Scotland,5,7.4,60,CNG Bus,Motorway (not London),0.00069444446126,1.93561409105e-05,1.15042184916e-05
2016,Scotland,5,7.4,60,Diesel Car,Motorway (not London),0.000138907809742,4.63793639938e-06,2.94199162454e-06
2016,Scotland,5,7.4,60,E85 Bioethanol Cars,Motorway (not London),1.33684570756e-05,4.24636345997e-06,2.56999760495e-06
2016,Scotland,5,7.4,60,E85 Bioethanol LGV,Motorway (not London),1.39296871566e-05,5.42674160897e-06,3.34200558427e-06
2016,Scotland,5,7.4,60,FCEV Bus,Motorway (not London),0.0,1.79672515515e-05,1.018477451e-05
2016,Scotland,5,7.4,60,FCEV Cars,Motorway (not London),0.0,4.0696081669e-06,2.40208009927e-06
2016,Scotland,5,7.4,60,FCEV LGV,Motorway (not London),0.0,5.21319179825e-06,3.13913324135e-06
2016,Scotland,5,7.4,60,Full Hybrid Diesel Cars,Motorway (not London),0.000138907809742,4.63798596684e-06,2.94203846352e-06
2016,Scotland,5,7.4,60,Full Hybrid Petrol Cars,Motorway (not London),9.35843854677e-06,4.2905526243e-06,2.6119771519e-06
2016,Scotland,5,7.4,60,Full Hybrid Petrol LGV,Motorway (not London),3.25732844431e-06,5.47968284081e-06,3.39230018653e-06
2016,Scotland,5,7.4,60,Hybrid Bus,Motorway (not London),0.000500392750837,2.494016735e-05,1.68090427906e-05
2016,Scotland,5,7.4,60,LGV,Motorway (not London),0.000291283999104,5.54526968699e-06,3.45460739481e-06
2016,Scotland,5,7.4,60,LPG Cars,Motorway (not London),8.05555555417e-06,4.28950943387e-06,2.61098603005e-06
2016,Scotland,5,7.4,60,LPG LGV,Motorway (not London),1.97479912458e-05,5.47968284081e-06,3.39230018653e-06
2016,Scotland,5,7.4,60,Motorcycle,Motorway (not London),1.26307304527e-05,2.54074529948e-06,1.79528831268e-06
2016,Scotland,5,7.4,60,Petrol Car,Motorway (not London),1.33684570756e-05,4.2905526243e-06,2.61197692453e-06
2016,Scotland,5,7.4,60,Plug-In Hybrid Petrol Cars,Motorway (not London),6.68417260385e-06,4.1800803956e-06,2.5070285119e-06
2016,Scotland,5,7.4,60,Plug-In Hybrid Petrol LGV,Motorway (not London),7.2363959589e-06,5.34643731953e-06,3.26571671394e-06
2016,Scotland,5,7.4,60,Rigid HGV,Motorway (not London),0.000615909229964,2.50127468462e-05,1.71635838342e-05
2016,Scotland,5,7.4,70,Artic HGV,Motorway (not London),0.000659451528918,3.24713473674e-05,2.31351114053e-05
2016,Scotland,5,7.4,70,B100 Artic HGV,Motorway (not London),0.000725396675989,3.13537238981e-05,2.20733691094e-05
2016,Scotland,5,7.4,70,B100 Bus,Motorway (not London),0.000586449285038,2.54472815868e-05,1.72908021341e-05
2016,Scotland,5,7.4,70,B100 Coach,Motorway (not London),0.000926890759729,2.66958704742e-05,1.84769614862e-05
2016,Scotland,5,7.4,70,B100 Rigid HGV,Motorway (not London),0.000533952319529,2.3724638595e-05,1.59398805408e-05
2016,Scotland,5,7.4,70,Battery EV Cars,Motorway (not London),0.0,4.0696081669e-06,2.40208009927e-06
2016,Scotland,5,7.4,70,Battery EV LGV,Motorway (not London),0.0,5.21319179825e-06,3.13913324135e-06
2016,Scotland,5,7.4,70,Biogas Bus,Motorway (not London),0.00069444446126,1.93561409105e-05,1.15042184916e-05
2016,Scotland,5,7.4,70,Biomethane Bus,Motorway (not London),0.00069444446126,1.93561409105e-05,1.15042184916e-05
2016,Scotland,5,7.4,70,Bus and Coach,Motorway (not London),0.000842627952807,2.89550298476e-05,2.06231634365e-05
2016,Scotland,5,7.4,70,CNG Bus,Motorway (not London),0.00069444446126,1.93561409105e-05,1.15042184916e-05
2016,Scotland,5,7.4,70,Diesel Car,Motorway (not London),0.000133727662615,4.59864349978e-06,2.90466323349e-06
2016,Scotland,5,7.4,70,E85 Bioethanol Cars,Motorway (not London),1.33043286041e-05,4.23711071562e-06,2.56120733866e-06
2016,Scotland,5,7.4,70,E85 Bioethanol LGV,Motorway (not London),1.41312248161e-05,5.46611272512e-06,3.37940855388e-06
2016,Scotland,5,7.4,70,FCEV Bus,Motorway (not London),0.0,1.79672515515e-05,1.018477451e-05
2016,Scotland,5,7.4,70,FCEV Cars,Motorway (not London),0.0,4.0696081669e-06,2.40208009927e-06
2016,Scotland,5,7.4,70,FCEV LGV,Motorway (not London),0.0,5.21319179825e-06,3.13913324135e-06
2016,Scotland,5,7.4,70,Full Hybrid Diesel Cars,Motorway (not London),0.000133727662615,4.59869124825e-06,2.9047089356e-06
2016,Scotland,5,7.4,70,Full Hybrid Petrol Cars,Motorway (not London),9.31359318201e-06,4.27898658018e-06,2.60098931903e-06
2016,Scotland,5,7.4,70,Full Hybrid Petrol LGV,Motorway (not London),2.98031272905e-06,5.5294840422e-06,3.43961096405e-06
2016,Scotland,5,7.4,70,Hybrid Bus,Motorway (not London),0.000441039883299,2.49002441706e-05,1.67711168615e-05
2016,Scotland,5,7.4,70,LGV,Motorway (not London),0.000300184823573,5.54056805413e-06,3.45014109371e-06
2016,Scotland,5,7.4,70,LPG Cars,Motorway (not London),8.05555555417e-06,4.27779878009e-06,2.59986086348e-06
2016,Scotland,5,7.4,70,LPG LGV,Motorway (not London),2.02762748813e-05,5.5294840422e-06,3.43961096405e-06
2016,Scotland,5,7.4,70,Motorcycle,Motorway (not London),1.71255342138e-05,2.54074529948e-06,1.79528831268e-06
2016,Scotland,5,7.4,70,Petrol Car,Motorway (not London),1.33043286041e-05,4.27898612543e-06,2.60098909166e-06
2016,Scotland,5,7.4,70,Plug-In Hybrid Petrol Cars,Motorway (not London),6.65210336592e-06,4.17429737354e-06,2.50153448178e-06
2016,Scotland,5,7.4,70,Plug-In Hybrid Petrol LGV,Motorway (not London),7.36143965696e-06,5.37133792022e-06,3.28937221639e-06
2016,Scotland,5,7.4,70,Rigid HGV,Motorway (not London),0.000485411204863,2.44897601078e-05,1.66667450685e-05
2016,Scotland,5,7.4,80,Artic HGV,Motorway (not London),0.000537665211596,3.17546473525e-05,2.24542436627e-05
2016,Scotland,5,7.4,80,B100 Artic HGV,Motorway (not London),0.000591431744397,3.07086920657e-05,2.14605897781e-05
2016,Scotland,5,7.4,80,B100 Bus,Motorway (not London),0.000580285734031,2.61149907601e-05,1.79251255759e-05
2016,Scotland,5,7.4,80,B100 Coach,Motorway (not London),0.000756188295782,2.60645065282e-05,1.78771661012e-05
2016,Scotland,5,7.4,80,B100 Rigid HGV,Motorway (not London),0.000430979183875,2.34251128859e-05,1.56553305715e-05
2016,Scotland,5,7.4,80,Battery EV Cars,Motorway (not London),0.0,4.0696081669e-06,2.40208009927e-06
2016,Scotland,5,7.4,80,Battery EV LGV,Motorway (not London),0.0,5.21319179825e-06,3.13913324135e-06
2016,Scotland,5,7.4,80,Biogas Bus,Motorway (not London),0.00069444446126,1.93561409105e-05,1.15042184916e-05
2016,Scotland,5,7.4,80,Biomethane Bus,Motorway (not London),0.00069444446126,1.93561409105e-05,1.15042184916e-05
2016,Scotland,5,7.4,80,Bus and Coach,Motorway (not London),0.00068744388409,2.83085919364e-05,2.00090471481e-05
2016,Scotland,5,7.4,80,CNG Bus,Motorway (not London),0.00069444446126,1.93561409105e-05,1.15042184916e-05
2016,Scotland,5,7.4,80,Diesel Car,Motorway (not London),0.000133586145239,4.56996485809e-06,2.87741886495e-06
2016,Scotland,5,7.4,80,E85 Bioethanol Cars,Motorway (not London),1.34162864924e-05,4.22691391577e-06,2.55152031059e-06
2016,Scotland,5,7.4,80,E85 Bioethanol LGV,Motorway (not London),1.4410788026e-05,5.51304901819e-06,3.42399812325e-06
2016,Scotland,5,7.4,80,FCEV Bus,Motorway (not London),0.0,1.79672515515e-05,1.018477451e-05
2016,Scotland,5,7.4,80,FCEV Cars,Motorway (not London),0.0,4.0696081669e-06,2.40208009927e-06
2016,Scotland,5,7.4,80,FCEV LGV,Motorway (not London),0.0,5.21319179825e-06,3.13913324135e-06
2016,Scotland,5,7.4,80,Full Hybrid Diesel Cars,Motorway (not London),0.000133586145239,4.57001306131e-06,2.87746433969e-06
2016,Scotland,5,7.4,80,Full Hybrid Petrol Cars,Motorway (not London),9.39201254369e-06,4.26624046668e-06,2.58888053395e-06
2016,Scotland,5,7.4,80,Full Hybrid Petrol LGV,Motorway (not London),2.75294019048e-06,5.58885358259e-06,3.49601214111e-06
2016,Scotland,5,7.4,80,Hybrid Bus,Motorway (not London),0.000435059482697,2.55073027802e-05,1.73478219949e-05
2016,Scotland,5,7.4,80,LGV,Motorway (not London),0.000322410982335,5.54870393898e-06,3.45786997968e-06
2016,Scotland,5,7.4,80,LPG Cars,Motorway (not London),8.05555555417e-06,4.26489350502e-06,2.5876008749e-06
2016,Scotland,5,7.4,80,LPG LGV,Motorway (not London),2.16985772568e-05,5.58885358259e-06,3.49601214111e-06
2016,Scotland,5,7.4,80,Motorcycle,Motorway (not London),2.33278533415e-05,2.54074529948e-06,1.79528831268e-06
2016,Scotland,5,7.4,80,Petrol Car,Motorway (not London),1.34162864924e-05,4.26624046668e-06,2.58888053395e-06
2016,Scotland,5,7.4,80,Plug-In Hybrid Petrol Cars,Motorway (not London),6.7080768531e-06,4.16792454416e-06,2.49548020292e-06
2016,Scotland,5,7.4,80,Plug-In Hybrid Petrol LGV,Motorway (not London),7.52708410801e-06,5.40102246305e-06,3.31757269123e-06
2016,Scotland,5,7.4,80,Rigid HGV,Motorway (not London),0.000391799258068,2.41569523496e-05,1.63505792443e-05
2016,Scotland,5,7.4,90,Artic HGV,Motorway (not London),0.000487182638608,3.14590579364e-05,2.21734335355e-05
2016,Scotland,5,7.4,90,B100 Artic HGV,Motorway (not London),0.000535900879186,3.04426630464e-05,2.12078612094e-05
2016,Scotland,5,7.4,90,B100 Bus,Motorway (not London),0.000608989270404,2.68880212388e-05,1.86595043488e-05
2016,Scotland,5,7.4,90,B100 Coach,Motorway (not London),0.000621632556431,2.55033683061e-05,1.73440857907e-05
2016,Scotland,5,7.4,90,B100 Rigid HGV,Motorway (not London),0.00039802773972,2.33884475165e-05,1.56204987434e-05
2016,Scotland,5,7.4,90,Battery EV Cars,Motorway (not London),0.0,4.0696081669e-06,2.40208009927e-06
2016,Scotland,5,7.4,90,Battery EV LGV,Motorway (not London),0.0,5.21319179825e-06,3.13913324135e-06
2016,Scotland,5,7.4,90,Biogas Bus,Motorway (not London),0.00069444446126,1.93561409105e-05,1.15042184916e-05
2016,Scotland,5,7.4,90,Biomethane Bus,Motorway (not London),0.00069444446126,1.93561409105e-05,1.15042184916e-05
2016,Scotland,5,7.4,90,Bus and Coach,Motorway (not London),0.00056512048468,2.75520214927e-05,1.9290306227e-05
2016,Scotland,5,7.4,90,CNG Bus,Motorway (not London),0.00069444446126,1.93561409105e-05,1.15042184916e-05
2016,Scotland,5,7.4,90,Diesel Car,Motorway (not London),0.000138910341775,4.54948985862e-06,2.85796750177e-06
2016,Scotland,5,7.4,90,E85 Bioethanol Cars,Motorway (not London),1.36811295306e-05,4.22317089033e-06,2.54796418631e-06
2016,Scotland,5,7.4,90,E85 Bioethanol LGV,Motorway (not London),1.47509035742e-05,5.57070916329e-06,3.47877517015e-06
2016,Scotland,5,7.4,90,FCEV Bus,Motorway (not London),0.0,1.79672515515e-05,1.018477451e-05
2016,Scotland,5,7.4,90,FCEV Cars,Motorway (not London),0.0,4.0696081669e-06,2.40208009927e-06
2016,Scotland,5,7.4,90,FCEV LGV,Motorway (not London),0.0,5.21319179825e-06,3.13913324135e-06
2016,Scotland,5,7.4,90,Full Hybrid Diesel Cars,Motorway (not London),0.000138910341775,4.54953897133e-06,2.85801434075e-06
2016,Scotland,5,7.4,90,Full Hybrid Petrol Cars,Motorway (not London),1.23138734125e-05,4.26156157118e-06,2.58443560597e-06
2016,Scotland,5,7.4,90,Full Hybrid Petrol LGV,Motorway (not London),3.29507338392e-06,5.66166954741e-06,3.56518739864e-06
2016,Scotland,5,7.4,90,Hybrid Bus,Motorway (not London),0.000455785368104,2.62096600636e-05,1.80150618689e-05
2016,Scotland,5,7.4,90,LGV,Motorway (not London),0.000365591578884,5.56857412448e-06,3.47674676959e-06
2016,Scotland,5,7.4,90,LPG Cars,Motorway (not London),8.88888916961e-06,4.2600318011e-06,2.58298223343e-06
2016,Scotland,5,7.4,90,LPG LGV,Motorway (not London),2.10061371035e-05,5.66166954741e-06,3.56518739864e-06
2016,Scotland,5,7.4,90,Motorcycle,Motorway (not London),3.12683878292e-05,2.54074529948e-06,1.79528831268e-06
2016,Scotland,5,7.4,90,Petrol Car,Motorway (not London),1.36811295306e-05,4.26156157118e-06,2.58443537859e-06
2016,Scotland,5,7.4,90,Plug-In Hybrid Petrol Cars,Motorway (not London),1.23128866107e-05,4.24236623076e-06,2.56619978245e-06
2016,Scotland,5,7.4,90,Plug-In Hybrid Petrol LGV,Motorway (not London),1.32758132168e-05,5.61682190892e-06,3.52258189196e-06
2016,Scotland,5,7.4,90,Rigid HGV,Motorway (not London),0.000361843383871,2.41162142629e-05,1.63118766068e-05
2016,Scotland,5,7.4,100,Artic HGV,Motorway (not London),0.000487182638608,3.14590579364e-05,2.21734335355e-05
2016,Scotland,5,7.4,100,B100 Artic HGV,Motorway (not London),0.000535900879186,3.04426630464e-05,2.12078612094e-05
2016,Scotland,5,7.4,100,B100 Bus,Motorway (not London),0.000608989270404,2.68880212388e-05,1.86595043488e-05
2016,Scotland,5,7.4,100,B100 Coach,Motorway (not London),0.000512811006047,2.50951652561e-05,1.69562899828e-05
2016,Scotland,5,7.4,100,B100 Rigid HGV,Motorway (not London),0.00039802773972,2.33884475165e-05,1.56204987434e-05
2016,Scotland,5,7.4,100,Battery EV Cars,Motorway (not London),0.0,4.0696081669e-06,2.40208009927e-06
2016,Scotland,5,7.4,100,Battery EV LGV,Motorway (not London),0.0,5.21319179825e-06,3.13913324135e-06
2016,Scotland,5,7.4,100,Biogas Bus,Motorway (not London),0.00069444446126,1.93561409105e-05,1.15042184916e-05
2016,Scotland,5,7.4,100,Biomethane Bus,Motorway (not London),0.00069444446126,1.93561409105e-05,1.15042184916e-05
2016,Scotland,5,7.4,100,Bus and Coach,Motorway (not London),0.000466191850137,2.70382552117e-05,1.88022258953e-05
2016,Scotland,5,7.4,100,CNG Bus,Motorway (not London),0.00069444446126,1.93561409105e-05,1.15042184916e-05
2016,Scotland,5,7.4,100,Diesel Car,Motorway (not London),0.000150619103806,4.53565144198e-06,2.84482098323e-06
2016,Scotland,5,7.4,100,E85 Bioethanol Cars,Motorway (not London),1.40821530294e-05,4.23843994213e-06,2.56246994468e-06
2016,Scotland,5,7.4,100,E85 Bioethanol LGV,Motorway (not London),1.51395024659e-05,5.64376296097e-06,3.54817598236e-06
2016,Scotland,5,7.4,100,FCEV Bus,Motorway (not London),0.0,1.79672515515e-05,1.018477451e-05
2016,Scotland,5,7.4,100,FCEV Cars,Motorway (not London),0.0,4.0696081669e-06,2.40208009927e-06
2016,Scotland,5,7.4,100,FCEV LGV,Motorway (not London),0.0,5.21319179825e-06,3.13913324135e-06
2016,Scotland,5,7.4,100,Full Hybrid Diesel Cars,Motorway (not London),0.000150619103806,4.53570328318e-06,2.84487009594e-06
2016,Scotland,5,7.4,100,Full Hybrid Petrol Cars,Motorway (not London),1.2674870959e-05,4.28064777225e-06,2.60256751972e-06
2016,Scotland,5,7.4,100,Full Hybrid Petrol LGV,Motorway (not London),3.08757535095e-06,5.7540751186e-06,3.65297250937e-06
2016,Scotland,5,7.4,100,Hybrid Bus,Motorway (not London),0.000455785368104,2.62096600636e-05,1.80150618689e-05
2016,Scotland,5,7.4,100,LGV,Motorway (not London),0.00043999394984,5.59962199986e-06,3.50624236489e-06
2016,Scotland,5,7.4,100,LPG Cars,Motorway (not London),8.88888916961e-06,4.27935674452e-06,2.60134106611e-06
2016,Scotland,5,7.4,100,LPG LGV,Motorway (not London),2.51719229709e-05,5.7540751186e-06,3.65297250937e-06
2016,Scotland,5,7.4,100,Motorcycle,Motorway (not London),4.10341381212e-05,2.54074529948e-06,1.79528831268e-06
2016,Scotland,5,7.4,100,Petrol Car,Motorway (not London),1.40821530294e-05,4.28064777225e-06,2.60256751972e-06
2016,Scotland,5,7.4,100,Plug-In Hybrid Petrol Cars,Motorway (not London),1.26737959363e-05,4.25954385719e-06,2.58251861851e-06
2016,Scotland,5,7.4,100,Plug-In Hybrid Petrol LGV,Motorway (not London),1.36255521284e-05,5.69998655919e-06,3.60158855983e-06
2016,Scotland,5,7.4,100,Rigid HGV,Motorway (not London),0.000361843383871,2.41162142629e-05,1.63118766068e-05
2016,Scotland,5,7.4,110,Artic HGV,Motorway (not London),0.000487182638608,3.14590579364e-05,2.21734335355e-05
2016,Scotland,5,7.4,110,B100 Artic HGV,Motorway (not London),0.000535900879186,3.04426630464e-05,2.12078612094e-05
2016,Scotland,5,7.4,110,B100 Bus,Motorway (not London),0.000608989270404,2.68880212388e-05,1.86595043488e-05
2016,Scotland,5,7.4,110,B100 Coach,Motorway (not London),0.000512811006047,2.5001792892e-05,1.68675887835e-05
2016,Scotland,5,7.4,110,B100 Rigid HGV,Motorway (not London),0.00039802773972,2.33884475165e-05,1.56204987434e-05
2016,Scotland,5,7.4,110,Battery EV Cars,Motorway (not London),0.0,4.0696081669e-06,2.40208009927e-06
2016,Scotland,5,7.4,110,Battery EV LGV,Motorway (not London),0.0,5.21319179825e-06,3.13913324135e-06
2016,Scotland,5,7.4,110,Biogas Bus,Motorway (not London),0.00069444446126,1.93561409105e-05,1.15042184916e-05
2016,Scotland,5,7.4,110,Biomethane Bus,Motorway (not London),0.00069444446126,1.93561409105e-05,1.15042184916e-05
2016,Scotland,5,7.4,110,Bus and Coach,Motorway (not London),0.000466191850137,2.70382552117e-05,1.88022258953e-05
2016,Scotland,5,7.4,110,CNG Bus,Motorway (not London),0.00069444446126,1.93561409105e-05,1.15042184916e-05
2016,Scotland,5,7.4,110,Diesel Car,Motorway (not London),0.000170342624187,4.52737958767e-06,2.83696272163e-06
2016,Scotland,5,7.4,110,E85 Bioethanol Cars,Motorway (not London),1.46069596667e-05,4.29125702794e-06,2.61264608525e-06
2016,Scotland,5,7.4,110,E85 Bioethanol LGV,Motorway (not London),1.55679717864e-05,5.7394149735e-06,3.63904518963e-06
2016,Scotland,5,7.4,110,FCEV Bus,Motorway (not London),0.0,1.79672515515e-05,1.018477451e-05
2016,Scotland,5,7.4,110,FCEV Cars,Motorway (not London),0.0,4.0696081669e-06,2.40208009927e-06
2016,Scotland,5,7.4,110,FCEV LGV,Motorway (not London),0.0,5.21319179825e-06,3.13913324135e-06
2016,Scotland,5,7.4,110,Full Hybrid Diesel Cars,Motorway (not London),0.000170342624187,4.5274355216e-06,2.83701592707e-06
2016,Scotland,5,7.4,110,Full Hybrid Petrol Cars,Motorway (not London),1.3147278878e-05,4.34666890214e-06,2.66528763859e-06
2016,Scotland,5,7.4,110,Full Hybrid Petrol LGV,Motorway (not London),2.90915477308e-06,5.87506474403e-06,3.76791285817e-06
2016,Scotland,5,7.4,110,Hybrid Bus,Motorway (not London),0.000455785368104,2.62096600636e-05,1.80150618689e-05
2016,Scotland,5,7.4,110,LGV,Motorway (not London),0.000552533660084,5.64673609915e-06,3.55100041816e-06
2016,Scotland,5,7.4,110,LPG Cars,Motorway (not London),8.88888916961e-06,4.3462036956e-06,2.66484562417e-06
2016,Scotland,5,7.4,110,LPG LGV,Motorway (not London),3.14871504088e-05,5.87506474403e-06,3.76791285817e-06
2016,Scotland,5,7.4,110,Motorcycle,Motorway (not London),5.27741649421e-05,2.54074529948e-06,1.79528831268e-06
2016,Scotland,5,7.4,110,Petrol Car,Motorway (not London),1.46069596667e-05,4.34666890214e-06,2.66528763859e-06
2016,Scotland,5,7.4,110,Plug-In Hybrid Petrol Cars,Motorway (not London),1.31461092678e-05,4.31896296504e-06,2.63896686192e-06
2016,Scotland,5,7.4,110,Plug-In Hybrid Petrol LGV,Motorway (not London),1.40111742439e-05,5.80887763135e-06,3.70503494196e-06
2016,Scotland,5,7.4,110,Rigid HGV,Motorway (not London),0.000361843383871,2.41162142629e-05,1.63118766068e-05
2016,Scotland,5,7.4,120,Artic HGV,Motorway (not London),0.000487182638608,3.14590579364e-05,2.21734335355e-05
2016,Scotland,5,7.4,120,B100 Artic HGV,Motorway (not London),0.000535900879186,3.04426630464e-05,2.12078612094e-05
2016,Scotland,5,7.4,120,B100 Bus,Motorway (not London),0.000608989270404,2.68880212388e-05,1.86595043488e-05
2016,Scotland,5,7.4,120,B100 Coach,Motorway (not London),0.000512811006047,2.5001792892e-05,1.68675887835e-05
2016,Scotland,5,7.4,120,B100 Rigid HGV,Motorway (not London),0.00039802773972,2.33884475165e-05,1.56204987434e-05
2016,Scotland,5,7.4,120,Battery EV Cars,Motorway (not London),0.0,4.0696081669e-06,2.40208009927e-06
2016,Scotland,5,7.4,120,Battery EV LGV,Motorway (not London),0.0,5.21319179825e-06,3.13913324135e-06
2016,Scotland,5,7.4,120,Biogas Bus,Motorway (not London),0.00069444446126,1.93561409105e-05,1.15042184916e-05
2016,Scotland,5,7.4,120,Biomethane Bus,Motorway (not London),0.00069444446126,1.93561409105e-05,1.15042184916e-05
2016,Scotland,5,7.4,120,Bus and Coach,Motorway (not London),0.000466191850137,2.70382552117e-05,1.88022258953e-05
2016,Scotland,5,7.4,120,CNG Bus,Motorway (not London),0.00069444446126,1.93561409105e-05,1.15042184916e-05
2016,Scotland,5,7.4,120,Diesel Car,Motorway (not London),0.000200883136131,4.52391623185e-06,2.83367239717e-06
2016,Scotland,5,7.4,120,E85 Bioethanol Cars,Motorway (not London),1.52461270773e-05,4.4059679567e-06,2.72162151305e-06
2016,Scotland,5,7.4,120,E85 Bioethanol LGV,Motorway (not London),1.55587495101e-05,5.86785063206e-06,3.76105913347e-06
2016,Scotland,5,7.4,120,FCEV Bus,Motorway (not London),0.0,1.79672515515e-05,1.018477451e-05
2016,Scotland,5,7.4,120,FCEV Cars,Motorway (not London),0.0,4.0696081669e-06,2.40208009927e-06
2016,Scotland,5,7.4,120,FCEV LGV,Motorway (not London),0.0,5.21319179825e-06,3.13913324135e-06
2016,Scotland,5,7.4,120,Full Hybrid Diesel Cars,Motorway (not London),0.000200883136131,4.52397762274e-06,2.83373083221e-06
2016,Scotland,5,7.4,120,Full Hybrid Petrol Cars,Motorway (not London),1.37226179504e-05,4.49005756309e-06,2.80150698018e-06
2016,Scotland,5,7.4,120,Full Hybrid Petrol LGV,Motorway (not London),2.75405500361e-06,6.03752323514e-06,3.92224819734e-06
2016,Scotland,5,7.4,120,Hybrid Bus,Motorway (not London),0.000455785368104,2.62096600636e-05,1.80150618689e-05
2016,Scotland,5,7.4,120,LGV,Motorway (not London),0.000690589018632,5.65175469092e-06,3.55576821676e-06
2016,Scotland,5,7.4,120,LPG Cars,Motorway (not London),8.88888916961e-06,4.4913858801e-06,2.80276844933e-06
2016,Scotland,5,7.4,120,LPG LGV,Motorway (not London),3.92788060708e-05,6.03752323514e-06,3.92224819734e-06
2016,Scotland,5,7.4,120,Motorcycle,Motorway (not London),6.67053536745e-05,2.54074529948e-06,1.79528831268e-06
2016,Scotland,5,7.4,120,Petrol Car,Motorway (not London),1.52461270773e-05,4.49005801784e-06,2.80150698018e-06
2016,Scotland,5,7.4,120,Plug-In Hybrid Petrol Cars,Motorway (not London),1.37213464768e-05,4.44801298727e-06,2.76156424661e-06
2016,Scotland,5,7.4,120,Plug-In Hybrid Petrol LGV,Motorway (not London),1.40028741953e-05,5.9550898186e-06,3.84393661079e-06
2016,Scotland,5,7.4,120,Rigid HGV,Motorway (not London),0.000361843383871,2.41162142629e-05,1.63118766068e-05
2016,Scotland,5,7.4,130,Artic HGV,Motorway (not London),0.000487182638608,3.14590579364e-05,2.21734335355e-05
2016,Scotland,5,7.4,130,B100 Artic HGV,Motorway (not London),0.000535900879186,3.04426630464e-05,2.12078612094e-05
2016,Scotland,5,7.4,130,B100 Bus,Motorway (not London),0.000608989270404,2.68880212388e-05,1.86595043488e-05
2016,Scotland,5,7.4,130,B100 Coach,Motorway (not London),0.000512811006047,2.5001792892e-05,1.68675887835e-05
2016,Scotland,5,7.4,130,B100 Rigid HGV,Motorway (not London),0.00039802773972,2.33884475165e-05,1.56204987434e-05
2016,Scotland,5,7.4,130,Battery EV Cars,Motorway (not London),0.0,4.0696081669e-06,2.40208009927e-06
2016,Scotland,5,7.4,130,Battery EV LGV,Motorway (not London),0.0,5.21319179825e-06,3.13913324135e-06
2016,Scotland,5,7.4,130,Biogas Bus,Motorway (not London),0.00069444446126,1.93561409105e-05,1.15042184916e-05
2016,Scotland,5,7.4,130,Biomethane Bus,Motorway (not London),0.00069444446126,1.93561409105e-05,1.15042184916e-05
2016,Scotland,5,7.4,130,Bus and Coach,Motorway (not London),0.000466191850137,2.70382552117e-05,1.88022258953e-05
2016,Scotland,5,7.4,130,CNG Bus,Motorway (not London),0.00069444446126,1.93561409105e-05,1.15042184916e-05
2016,Scotland,5,7.4,130,Diesel Car,Motorway (not London),0.000247190648224,4.524706128e-06,2.83442295768e-06
2016,Scotland,5,7.4,130,E85 Bioethanol Cars,Motorway (not London),1.59923492902e-05,4.61305489807e-06,2.91835408461e-06
2016,Scotland,5,7.4,130,E85 Bioethanol LGV,Motorway (not London),1.56771038746e-05,6.04384877079e-06,3.92825722884e-06
2016,Scotland,5,7.4,130,FCEV Bus,Motorway (not London),0.0,1.79672515515e-05,1.018477451e-05
2016,Scotland,5,7.4,130,FCEV Cars,Motorway (not London),0.0,4.0696081669e-06,2.40208009927e-06
2016,Scotland,5,7.4,130,FCEV LGV,Motorway (not London),0.0,5.21319179825e-06,3.13913324135e-06
2016,Scotland,5,7.4,130,Full Hybrid Diesel Cars,Motorway (not London),0.000247190648224,4.52477479485e-06,2.83448844129e-06
2016,Scotland,5,7.4,130,Full Hybrid Petrol Cars,Motorway (not London),1.4394313439e-05,4.74891567137e-06,3.04742206936e-06
2016,Scotland,5,7.4,130,Full Hybrid Petrol LGV,Motorway (not London),2.70791110779e-06,6.26014298177e-06,4.13373709307e-06
2016,Scotland,5,7.4,130,Hybrid Bus,Motorway (not London),0.000455785368104,2.62096600636e-05,1.80150618689e-05
2016,Scotland,5,7.4,130,LGV,Motorway (not London),0.000810880039353,5.65896516491e-06,3.5626180761e-06
2016,Scotland,5,7.4,130,LPG Cars,Motorway (not London),8.88888916961e-06,4.75348133477e-06,3.05175944959e-06
2016,Scotland,5,7.4,130,LPG LGV,Motorway (not London),4.62031202915e-05,6.26014298177e-06,4.13373709307e-06
2016,Scotland,5,7.4,130,Motorcycle,Motorway (not London),8.31181678222e-05,2.54074529948e-06,1.79528831268e-06
2016,Scotland,5,7.4,130,Petrol Car,Motorway (not London),1.59923492902e-05,4.74891612612e-06,3.04742252411e-06
2016,Scotland,5,7.4,130,Plug-In Hybrid Petrol Cars,Motorway (not London),1.4392932826e-05,4.6809855121e-06,2.98288841805e-06
2016,Scotland,5,7.4,130,Plug-In Hybrid Petrol LGV,Motorway (not London),1.41093942148e-05,6.15544786342e-06,4.03427657147e-06
2016,Scotland,5,7.4,130,Rigid HGV,Motorway (not London),0.000361843383871,2.41162142629e-05,1.63118766068e-05
2016,Scotland,5,7.4,140,Artic HGV,Motorway (not London),0.000487182638608,3.14590579364e-05,2.21734335355e-05
2016,Scotland,5,7.4,140,B100 Artic HGV,Motorway (not London),0.000535900879186,3.04426630464e-05,2.12078612094e-05
2016,Scotland,5,7.4,140,B100 Bus,Motorway (not London),0.000608989270404,2.68880212388e-05,1.86595043488e-05
2016,Scotland,5,7.4,140,B100 Coach,Motorway (not London),0.000512811006047,2.5001792892e-05,1.68675887835e-05
2016,Scotland,5,7.4,140,B100 Rigid HGV,Motorway (not London),0.00039802773972,2.33884475165e-05,1.56204987434e-05
2016,Scotland,5,7.4,140,Battery EV Cars,Motorway (not London),0.0,4.0696081669e-06,2.40208009927e-06
2016,Scotland,5,7.4,140,Battery EV LGV,Motorway (not London),0.0,5.21319179825e-06,3.13913324135e-06
2016,Scotland,5,7.4,140,Biogas Bus,Motorway (not London),0.00069444446126,1.93561409105e-05,1.15042184916e-05
2016,Scotland,5,7.4,140,Biomethane Bus,Motorway (not London),0.00069444446126,1.93561409105e-05,1.15042184916e-05
2016,Scotland,5,7.4,140,Bus and Coach,Motorway (not London),0.000466191850137,2.70382552117e-05,1.88022258953e-05
2016,Scotland,5,7.4,140,CNG Bus,Motorway (not London),0.00069444446126,1.93561409105e-05,1.15042184916e-05
2016,Scotland,5,7.4,140,Diesel Car,Motorway (not London),0.000247190648224,4.524706128e-06,2.83442295768e-06
2016,Scotland,5,7.4,140,E85 Bioethanol Cars,Motorway (not London),1.59923492902e-05,4.61305489807e-06,2.91835408461e-06
2016,Scotland,5,7.4,140,E85 Bioethanol LGV,Motorway (not London),1.56771038746e-05,6.23284495305e-06,4.10780376114e-06
2016,Scotland,5,7.4,140,FCEV Bus,Motorway (not London),0.0,1.79672515515e-05,1.018477451e-05
2016,Scotland,5,7.4,140,FCEV Cars,Motorway (not London),0.0,4.0696081669e-06,2.40208009927e-06
2016,Scotland,5,7.4,140,FCEV LGV,Motorway (not London),0.0,5.21319179825e-06,3.13913324135e-06
2016,Scotland,5,7.4,140,Full Hybrid Diesel Cars,Motorway (not London),0.000247190648224,4.52477479485e-06,2.83448844129e-06
2016,Scotland,5,7.4,140,Full Hybrid Petrol Cars,Motorway (not London),1.4394313439e-05,4.74891567137e-06,3.04742206936e-06
2016,Scotland,5,7.4,140,Full Hybrid Petrol LGV,Motorway (not London),2.70791110779e-06,6.49920411888e-06,4.36084519606e-06
2016,Scotland,5,7.4,140,Hybrid Bus,Motorway (not London),0.000455785368104,2.62096600636e-05,1.80150618689e-05
2016,Scotland,5,7.4,140,LGV,Motorway (not London),0.000870364776347,5.66668722968e-06,3.56995428774e-06
2016,Scotland,5,7.4,140,LPG Cars,Motorway (not London),8.88888916961e-06,4.75348133477e-06,3.05175944959e-06
2016,Scotland,5,7.4,140,LPG LGV,Motorway (not London),4.99610869156e-05,6.49920411888e-06,4.36084519606e-06
2016,Scotland,5,7.4,140,Motorcycle,Motorway (not London),0.000102382422483,2.54074529948e-06,1.79528831268e-06
2016,Scotland,5,7.4,140,Petrol Car,Motorway (not London),1.59923492902e-05,4.74891612612e-06,3.04742252411e-06
2016,Scotland,5,7.4,140,Plug-In Hybrid Petrol Cars,Motorway (not London),1.4392932826e-05,4.6809855121e-06,2.98288841805e-06
2016,Scotland,5,7.4,140,Plug-In Hybrid Petrol LGV,Motorway (not London),1.41093942148e-05,6.37060293229e-06,4.23867413701e-06
2016,Scotland,5,7.4,140,Rigid HGV,Motorway (not London),0.000361843383871,2.41162142629e-05,1.63118766068e-05
2016,Scotland,5,7.4,5,Artic HGV,Rural (not London),0.00883572269231,6.89340376994e-05,5.44820977666e-05
2016,Scotland,5,7.4,5,B100 Artic HGV,Rural (not London),0.00971929449588,6.48638451821e-05,5.06154101458e-05
2016,Scotland,5,7.4,5,B100 Bus,Rural (not London),0.00611911341548,4.40307921963e-05,3.2187996112e-05
2016,Scotland,5,7.4,5,B100 Coach,Rural (not London),0.0135699622333,5.66068811167e-05,4.41352822236e-05
2016,Scotland,5,7.4,5,B100 Rigid HGV,Rural (not London),0.00614522211254,4.39342366008e-05,3.20397048199e-05
2016,Scotland,5,7.4,5,Battery EV Cars,Rural (not London),0.0,5.50764480067e-06,3.06141782858e-06
2016,Scotland,5,7.4,5,Battery EV LGV,Rural (not London),0.0,7.46197929402e-06,4.17151613874e-06
2016,Scotland,5,7.4,5,Biogas Bus,Rural (not London),0.00069444446126,2.41506240855e-05,1.33018365887e-05
2016,Scotland,5,7.4,5,Biomethane Bus,Rural (not London),0.00069444446126,2.41506240855e-05,1.33018365887e-05
2016,Scotland,5,7.4,5,Bus and Coach,Rural (not London),0.00745941000059,5.17263542861e-05,3.94987800973e-05
2016,Scotland,5,7.4,5,CNG Bus,Rural (not London),0.00069444446126,2.41506240855e-05,1.33018365887e-05
2016,Scotland,5,7.4,5,Diesel Car,Rural (not London),0.00027608484379,6.91401191943e-06,4.39746690972e-06
2016,Scotland,5,7.4,5,E85 Bioethanol Cars,Rural (not London),2.08237343031e-05,5.81666336075e-06,3.35498566528e-06
2016,Scotland,5,7.4,5,E85 Bioethanol LGV,Rural (not London),1.69553404703e-05,7.63445495977e-06,4.33536797573e-06
2016,Scotland,5,7.4,5,FCEV Bus,Rural (not London),0.0,2.27617347264e-05,1.1982392607e-05
2016,Scotland,5,7.4,5,FCEV Cars,Rural (not London),0.0,5.50764480067e-06,3.06141782858e-06
2016,Scotland,5,7.4,5,FCEV LGV,Rural (not London),0.0,7.46197929402e-06,4.17151613874e-06
2016,Scotland,5,7.4,5,Full Hybrid Diesel Cars,Rural (not London),0.00027608484379,6.91408604325e-06,4.39753739556e-06
2016,Scotland,5,7.4,5,Full Hybrid Petrol Cars,Rural (not London),1.04121281765e-05,5.89391811445e-06,3.42837779499e-06
2016,Scotland,5,7.4,5,Full Hybrid Petrol LGV,Rural (not London),5.29644285052e-06,7.6737951531e-06,4.37274138676e-06
2016,Scotland,5,7.4,5,Hybrid Bus,Rural (not London),0.00397092988715,4.25609287049e-05,3.07916270685e-05
2016,Scotland,5,7.4,5,LGV,Rural (not London),0.000589933653828,8.86409725354e-06,5.50352842765e-06
2016,Scotland,5,7.4,5,LPG Cars,Rural (not London),8.6111112978e-06,5.89208821111e-06,3.42663929587e-06
2016,Scotland,5,7.4,5,LPG LGV,Rural (not London),5.21353722434e-05,7.6737951531e-06,4.37274138676e-06
2016,Scotland,5,7.4,5,Motorcycle,Rural (not London),1.73959797394e-05,3.24010852637e-06,2.11119868254e-06
2016,Scotland,5,7.4,5,Petrol Car,Rural (not London),2.08237343031e-05,5.89391811445e-06,3.42837779499e-06
2016,Scotland,5,7.4,5,Plug-In Hybrid Petrol Cars,Rural (not London),2.08236565413e-06,5.54627195015e-06,3.09811389343e-06
2016,Scotland,5,7.4,5,Plug-In Hybrid Petrol LGV,Rural (not London),2.04353818845e-06,7.48316097088e-06,4.19163870902e-06
2016,Scotland,5,7.4,5,Rigid HGV,Rural (not London),0.00558656547219,4.62599964521e-05,3.42491803167e-05
2016,Scotland,5,7.4,6,Artic HGV,Rural (not London),0.00786096788943,6.89340376994e-05,5.44820977666e-05
2016,Scotland,5,7.4,6,B100 Artic HGV,Rural (not London),0.00864706467837,6.48638451821e-05,5.06154101458e-05
2016,Scotland,5,7.4,6,B100 Bus,Rural (not London),0.0054235891439,4.40307921963e-05,3.2187996112e-05
2016,Scotland,5,7.4,6,B100 Coach,Rural (not London),0.0116242626682,5.66068811167e-05,4.41352822236e-05
2016,Scotland,5,7.4,6,B100 Rigid HGV,Rural (not London),0.00547657068819,4.39342366008e-05,3.20397048199e-05
2016,Scotland,5,7.4,6,Battery EV Cars,Rural (not London),0.0,5.50764480067e-06,3.06141782858e-06
2016,Scotland,5,7.4,6,Battery EV LGV,Rural (not London),0.0,7.46197929402e-06,4.17151613874e-06
2016,Scotland,5,7.4,6,Biogas Bus,Rural (not London),0.00069444446126,2.41506240855e-05,1.33018365887e-05
2016,Scotland,5,7.4,6,Biomethane Bus,Rural (not London),0.00069444446126,2.41506240855e-05,1.33018365887e-05
2016,Scotland,5,7.4,6,Bus and Coach,Rural (not London),0.00650888867676,5.17263542861e-05,3.94987800973e-05
2016,Scotland,5,7.4,6,CNG Bus,Rural (not London),0.00069444446126,2.41506240855e-05,1.33018365887e-05
2016,Scotland,5,7.4,6,Diesel Car,Rural (not London),0.00027608484379,6.91401191943e-06,4.39746690972e-06
2016,Scotland,5,7.4,6,E85 Bioethanol Cars,Rural (not London),2.04004136322e-05,5.81666336075e-06,3.35498566528e-06
2016,Scotland,5,7.4,6,E85 Bioethanol LGV,Rural (not London),1.67692087416e-05,7.62943363952e-06,4.33059767602e-06
2016,Scotland,5,7.4,6,FCEV Bus,Rural (not London),0.0,2.27617347264e-05,1.1982392607e-05
2016,Scotland,5,7.4,6,FCEV Cars,Rural (not London),0.0,5.50764480067e-06,3.06141782858e-06
2016,Scotland,5,7.4,6,FCEV LGV,Rural (not London),0.0,7.46197929402e-06,4.17151613874e-06
2016,Scotland,5,7.4,6,Full Hybrid Diesel Cars,Rural (not London),0.00027608484379,6.91408604325e-06,4.39753739556e-06
2016,Scotland,5,7.4,6,Full Hybrid Petrol Cars,Rural (not London),1.02004678411e-05,5.89391811445e-06,3.42837779499e-06
2016,Scotland,5,7.4,6,Full Hybrid Petrol LGV,Rural (not London),5.20226740264e-06,7.66744415159e-06,4.36670734416e-06
2016,Scotland,5,7.4,6,Hybrid Bus,Rural (not London),0.00343760405667,4.25609287049e-05,3.07916270685e-05
2016,Scotland,5,7.4,6,LGV,Rural (not London),0.000536104489584,8.6974559963e-06,5.34521905138e-06
2016,Scotland,5,7.4,6,LPG Cars,Rural (not London),8.6111112978e-06,5.89208821111e-06,3.42663929587e-06
2016,Scotland,5,7.4,6,LPG LGV,Rural (not London),4.74792796012e-05,7.66744415159e-06,4.36670734416e-06
2016,Scotland,5,7.4,6,Motorcycle,Rural (not London),1.73959797394e-05,3.24010852637e-06,2.11119868254e-06
2016,Scotland,5,7.4,6,Petrol Car,Rural (not London),2.04004136322e-05,5.89391811445e-06,3.42837779499e-06
2016,Scotland,5,7.4,6,Plug-In Hybrid Petrol Cars,Rural (not London),2.04003345061e-06,5.54627195015e-06,3.09811389343e-06
2016,Scotland,5,7.4,6,Plug-In Hybrid Petrol LGV,Rural (not London),2.02492492463e-06,7.48252568883e-06,4.19103525928e-06
2016,Scotland,5,7.4,6,Rigid HGV,Rural (not London),0.00497870054096,4.62599964521e-05,3.42491803167e-05
2016,Scotland,5,7.4,7,Artic HGV,Rural (not London),0.00706441095099,6.89340376994e-05,5.44820977666e-05
2016,Scotland,5,7.4,7,B100 Artic HGV,Rural (not London),0.00777085218579,6.48638451821e-05,5.06154101458e-05
2016,Scotland,5,7.4,7,B100 Bus,Rural (not London),0.00488929543644,4.40307921963e-05,3.2187996112e-05
2016,Scotland,5,7.4,7,B100 Coach,Rural (not London),0.0102018723264,5.66068811167e-05,4.41352822236e-05
2016,Scotland,5,7.4,7,B100 Rigid HGV,Rural (not London),0.00495836371556,4.39342366008e-05,3.20397048199e-05
2016,Scotland,5,7.4,7,Battery EV Cars,Rural (not London),0.0,5.50764480067e-06,3.06141782858e-06
2016,Scotland,5,7.4,7,Battery EV LGV,Rural (not London),0.0,7.46197929402e-06,4.17151613874e-06
2016,Scotland,5,7.4,7,Biogas Bus,Rural (not London),0.00069444446126,2.41506240855e-05,1.33018365887e-05
2016,Scotland,5,7.4,7,Biomethane Bus,Rural (not London),0.00069444446126,2.41506240855e-05,1.33018365887e-05
2016,Scotland,5,7.4,7,Bus and Coach,Rural (not London),0.005797106307,5.17263542861e-05,3.94987800973e-05
2016,Scotland,5,7.4,7,CNG Bus,Rural (not London),0.00069444446126,2.41506240855e-05,1.33018365887e-05
2016,Scotland,5,7.4,7,Diesel Car,Rural (not London),0.00027608484379,6.91401191943e-06,4.39746690972e-06
2016,Scotland,5,7.4,7,E85 Bioethanol Cars,Rural (not London),1.99732930923e-05,5.81666336075e-06,3.35498566528e-06
2016,Scotland,5,7.4,7,E85 Bioethanol LGV,Rural (not London),1.65581313922e-05,7.62383660913e-06,4.32528076999e-06
2016,Scotland,5,7.4,7,FCEV Bus,Rural (not London),0.0,2.27617347264e-05,1.1982392607e-05
2016,Scotland,5,7.4,7,FCEV Cars,Rural (not London),0.0,5.50764480067e-06,3.06141782858e-06
2016,Scotland,5,7.4,7,FCEV LGV,Rural (not London),0.0,7.46197929402e-06,4.17151613874e-06
2016,Scotland,5,7.4,7,Full Hybrid Diesel Cars,Rural (not London),0.00027608484379,6.91408604325e-06,4.39753739556e-06
2016,Scotland,5,7.4,7,Full Hybrid Petrol Cars,Rural (not London),9.98690848064e-06,5.89391811445e-06,3.42837779499e-06
2016,Scotland,5,7.4,7,Full Hybrid Petrol LGV,Rural (not London),5.09547135152e-06,7.66036464483e-06,4.35998208559e-06
2016,Scotland,5,7.4,7,Hybrid Bus,Rural (not London),0.00304097239859,4.25609287049e-05,3.07916270685e-05
2016,Scotland,5,7.4,7,LGV,Rural (not London),0.000497513217852,8.58075691212e-06,5.23435483046e-06
2016,Scotland,5,7.4,7,LPG Cars,Rural (not London),8.6111112978e-06,5.89208821111e-06,3.42663929587e-06
2016,Scotland,5,7.4,7,LPG LGV,Rural (not London),4.41319134552e-05,7.66036464483e-06,4.35998208559e-06
2016,Scotland,5,7.4,7,Motorcycle,Rural (not London),1.73959797394e-05,3.24010852637e-06,2.11119868254e-06
2016,Scotland,5,7.4,7,Petrol Car,Rural (not London),1.99732930923e-05,5.89391811445e-06,3.42837779499e-06
2016,Scotland,5,7.4,7,Plug-In Hybrid Petrol Cars,Rural (not London),1.99732130568e-06,5.54627195015e-06,3.09811389343e-06
2016,Scotland,5,7.4,7,Plug-In Hybrid Petrol LGV,Rural (not London),2.00381714421e-06,7.4818176472e-06,4.19036268795e-06
2016,Scotland,5,7.4,7,Rigid HGV,Rural (not London),0.00450760312378,4.62599964521e-05,3.42491803167e-05
2016,Scotland,5,7.4,8,Artic HGV,Rural (not London),0.00640252884477,6.89340376994e-05,5.44820977666e-05
2016,Scotland,5,7.4,8,B100 Artic HGV,Rural (not London),0.00704278144985,6.48638451821e-05,5.06154101458e-05
2016,Scotland,5,7.4,8,B100 Bus,Rural (not London),0.00446144538,4.40307921963e-05,3.2187996112e-05
2016,Scotland,5,7.4,8,B100 Coach,Rural (not London),0.00910649634898,5.66068811167e-05,4.41352822236e-05
2016,Scotland,5,7.4,8,B100 Rigid HGV,Rural (not London),0.00453763082623,4.39342366008e-05,3.20397048199e-05
2016,Scotland,5,7.4,8,Battery EV Cars,Rural (not London),0.0,5.50764480067e-06,3.06141782858e-06
2016,Scotland,5,7.4,8,Battery EV LGV,Rural (not London),0.0,7.46197929402e-06,4.17151613874e-06
2016,Scotland,5,7.4,8,Biogas Bus,Rural (not London),0.00069444446126,2.41506240855e-05,1.33018365887e-05
2016,Scotland,5,7.4,8,Biomethane Bus,Rural (not London),0.00069444446126,2.41506240855e-05,1.33018365887e-05
2016,Scotland,5,7.4,8,Bus and Coach,Rural (not London),0.00523823592812,5.17263542861e-05,3.94987800973e-05
2016,Scotland,5,7.4,8,CNG Bus,Rural (not London),0.00069444446126,2.41506240855e-05,1.33018365887e-05
2016,Scotland,5,7.4,8,Diesel Car,Rural (not London),0.00027608484379,6.91401191943e-06,4.39746690972e-06
2016,Scotland,5,7.4,8,E85 Bioethanol Cars,Rural (not London),1.95655466086e-05,5.81666336075e-06,3.35498566528e-06
2016,Scotland,5,7.4,8,E85 Bioethanol LGV,Rural (not London),1.63396907737e-05,7.61874707678e-06,4.32044544141e-06
2016,Scotland,5,7.4,8,FCEV Bus,Rural (not London),0.0,2.27617347264e-05,1.1982392607e-05
2016,Scotland,5,7.4,8,FCEV Cars,Rural (not London),0.0,5.50764480067e-06,3.06141782858e-06
2016,Scotland,5,7.4,8,FCEV LGV,Rural (not London),0.0,7.46197929402e-06,4.17151613874e-06
2016,Scotland,5,7.4,8,Full Hybrid Diesel Cars,Rural (not London),0.00027608484379,6.91408604325e-06,4.39753739556e-06
2016,Scotland,5,7.4,8,Full Hybrid Petrol Cars,Rural (not London),9.7830352388e-06,5.89391811445e-06,3.42837779499e-06
2016,Scotland,5,7.4,8,Full Hybrid Petrol LGV,Rural (not London),4.98494864587e-06,7.65392633184e-06,4.35386618847e-06
2016,Scotland,5,7.4,8,Hybrid Bus,Rural (not London),0.00274155149236,4.25609287049e-05,3.07916270685e-05
2016,Scotland,5,7.4,8,LGV,Rural (not London),0.000468448852189,8.4923731265e-06,5.15039073434e-06
2016,Scotland,5,7.4,8,LPG Cars,Rural (not London),8.6111112978e-06,5.89208821111e-06,3.42663929587e-06
2016,Scotland,5,7.4,8,LPG LGV,Rural (not London),4.16030597989e-05,7.65392633184e-06,4.35386618847e-06
2016,Scotland,5,7.4,8,Motorcycle,Rural (not London),1.73959797394e-05,3.24010852637e-06,2.11119868254e-06
2016,Scotland,5,7.4,8,Petrol Car,Rural (not London),1.95655466086e-05,5.89391811445e-06,3.42837779499e-06
2016,Scotland,5,7.4,8,Plug-In Hybrid Petrol Cars,Rural (not London),1.95654683921e-06,5.54627195015e-06,3.09811389343e-06
2016,Scotland,5,7.4,8,Plug-In Hybrid Petrol LGV,Rural (not London),1.98197312784e-06,7.4811741797e-06,4.18975105276e-06
2016,Scotland,5,7.4,8,Rigid HGV,Rural (not London),0.00412511918694,4.62599964521e-05,3.42491803167e-05
2016,Scotland,5,7.4,9,Artic HGV,Rural (not London),0.00584528082982,6.89340376994e-05,5.44820977666e-05
2016,Scotland,5,7.4,9,B100 Artic HGV,Rural (not London),0.00642980914563,6.48638451821e-05,5.06154101458e-05
2016,Scotland,5,7.4,9,B100 Bus,Rural (not London),0.0041081905365,4.40307921963e-05,3.2187996112e-05
2016,Scotland,5,7.4,9,B100 Coach,Rural (not London),0.00823059491813,5.66068811167e-05,4.41352822236e-05
2016,Scotland,5,7.4,9,B100 Rigid HGV,Rural (not London),0.00418684724718,4.39342366008e-05,3.20397048199e-05
2016,Scotland,5,7.4,9,Battery EV Cars,Rural (not London),0.0,5.50764480067e-06,3.06141782858e-06
2016,Scotland,5,7.4,9,Battery EV LGV,Rural (not London),0.0,7.46197929402e-06,4.17151613874e-06
2016,Scotland,5,7.4,9,Biogas Bus,Rural (not London),0.00069444446126,2.41506240855e-05,1.33018365887e-05
2016,Scotland,5,7.4,9,Biomethane Bus,Rural (not London),0.00069444446126,2.41506240855e-05,1.33018365887e-05
2016,Scotland,5,7.4,9,Bus and Coach,Rural (not London),0.00478405784816,5.17263542861e-05,3.94987800973e-05
2016,Scotland,5,7.4,9,CNG Bus,Rural (not London),0.00069444446126,2.41506240855e-05,1.33018365887e-05
2016,Scotland,5,7.4,9,Diesel Car,Rural (not London),0.00027608484379,6.91401191943e-06,4.39746690972e-06
2016,Scotland,5,7.4,9,E85 Bioethanol Cars,Rural (not London),1.91828112293e-05,5.81666336075e-06,3.35498566528e-06
2016,Scotland,5,7.4,9,E85 Bioethanol LGV,Rural (not London),1.61218922585e-05,7.61442788644e-06,4.31634225606e-06
2016,Scotland,5,7.4,9,FCEV Bus,Rural (not London),0.0,2.27617347264e-05,1.1982392607e-05
2016,Scotland,5,7.4,9,FCEV Cars,Rural (not London),0.0,5.50764480067e-06,3.06141782858e-06
2016,Scotland,5,7.4,9,FCEV LGV,Rural (not London),0.0,7.46197929402e-06,4.17151613874e-06
2016,Scotland,5,7.4,9,Full Hybrid Diesel Cars,Rural (not London),0.00027608484379,6.91408604325e-06,4.39753739556e-06
2016,Scotland,5,7.4,9,Full Hybrid Petrol Cars,Rural (not London),9.59166663961e-06,5.89391811445e-06,3.42837779499e-06
2016,Scotland,5,7.4,9,Full Hybrid Petrol LGV,Rural (not London),4.87475108457e-06,7.64846299717e-06,4.3486757022e-06
2016,Scotland,5,7.4,9,Hybrid Bus,Rural (not London),0.00250743003562,4.25609287049e-05,3.07916270685e-05
2016,Scotland,5,7.4,9,LGV,Rural (not London),0.000445738551207,8.42277950142e-06,5.08427592649e-06
2016,Scotland,5,7.4,9,LPG Cars,Rural (not London),8.6111112978e-06,5.89208821111e-06,3.42663929587e-06
2016,Scotland,5,7.4,9,LPG LGV,Rural (not London),3.9620368625e-05,7.64846299717e-06,4.3486757022e-06
2016,Scotland,5,7.4,9,Motorcycle,Rural (not London),1.73959797394e-05,3.24010852637e-06,2.11119868254e-06
2016,Scotland,5,7.4,9,Petrol Car,Rural (not London),1.91828112293e-05,5.89391811445e-06,3.42837779499e-06
2016,Scotland,5,7.4,9,Plug-In Hybrid Petrol Cars,Rural (not London),1.91827302842e-06,5.54627195015e-06,3.09811389343e-06
2016,Scotland,5,7.4,9,Plug-In Hybrid Petrol LGV,Rural (not London),1.96019323084e-06,7.48062757339e-06,4.18923218604e-06
2016,Scotland,5,7.4,9,Rigid HGV,Rural (not London),0.00380622479133,4.62599964521e-05,3.42491803167e-05
2016,Scotland,5,7.4,10,Artic HGV,Rural (not London),0.00537062203512,6.89340376994e-05,5.44820977666e-05
2016,Scotland,5,7.4,10,B100 Artic HGV,Rural (not London),0.00590768409893,6.48638451821e-05,5.06154101458e-05
2016,Scotland,5,7.4,10,B100 Bus,Rural (not London),0.00380965042859,4.40307921963e-05,3.2187996112e-05
2016,Scotland,5,7.4,10,B100 Coach,Rural (not London),0.00750999338925,5.66068811167e-05,4.41352822236e-05
2016,Scotland,5,7.4,10,B100 Rigid HGV,Rural (not London),0.00388859957457,4.39342366008e-05,3.20397048199e-05
2016,Scotland,5,7.4,10,Battery EV Cars,Rural (not London),0.0,5.50764480067e-06,3.06141782858e-06
2016,Scotland,5,7.4,10,Battery EV LGV,Rural (not London),0.0,7.46197929402e-06,4.17151613874e-06
2016,Scotland,5,7.4,10,Biogas Bus,Rural (not London),0.00069444446126,2.41506240855e-05,1.33018365887e-05
2016,Scotland,5,7.4,10,Biomethane Bus,Rural (not London),0.00069444446126,2.41506240855e-05,1.33018365887e-05
2016,Scotland,5,7.4,10,Bus and Coach,Rural (not London),0.00440522423014,5.17263542861e-05,3.94987800973e-05
2016,Scotland,5,7.4,10,CNG Bus,Rural (not London),0.00069444446126,2.41506240855e-05,1.33018365887e-05
2016,Scotland,5,7.4,10,Diesel Car,Rural (not London),0.00027608484379,6.91401191943e-06,4.39746690972e-06
2016,Scotland,5,7.4,10,E85 Bioethanol Cars,Rural (not London),1.88249650819e-05,5.81666336075e-06,3.35498566528e-06
2016,Scotland,5,7.4,10,E85 Bioethanol LGV,Rural (not London),1.59085084306e-05,7.61088404033e-06,4.31297576142e-06
2016,Scotland,5,7.4,10,FCEV Bus,Rural (not London),0.0,2.27617347264e-05,1.1982392607e-05
2016,Scotland,5,7.4,10,FCEV Cars,Rural (not London),0.0,5.50764480067e-06,3.06141782858e-06
2016,Scotland,5,7.4,10,FCEV LGV,Rural (not London),0.0,7.46197929402e-06,4.17151613874e-06
2016,Scotland,5,7.4,10,Full Hybrid Diesel Cars,Rural (not London),0.00027608484379,6.91408604325e-06,4.39753739556e-06
2016,Scotland,5,7.4,10,Full Hybrid Petrol Cars,Rural (not London),9.41274447541e-06,5.89391811445e-06,3.42837779499e-06
2016,Scotland,5,7.4,10,Full Hybrid Petrol LGV,Rural (not London),4.76678815176e-06,7.64398009778e-06,4.34441744801e-06
2016,Scotland,5,7.4,10,Hybrid Bus,Rural (not London),0.00231695338152,4.25609287049e-05,3.07916270685e-05
2016,Scotland,5,7.4,10,LGV,Rural (not London),0.000427478749771,8.3664772319e-06,5.03078899783e-06
2016,Scotland,5,7.4,10,LPG Cars,Rural (not London),8.6111112978e-06,5.89208821111e-06,3.42663929587e-06
2016,Scotland,5,7.4,10,LPG LGV,Rural (not London),3.80204292014e-05,7.64398009778e-06,4.34441744801e-06
2016,Scotland,5,7.4,10,Motorcycle,Rural (not London),1.73959797394e-05,3.24010852637e-06,2.11119868254e-06
2016,Scotland,5,7.4,10,Petrol Car,Rural (not London),1.88249650819e-05,5.89391811445e-06,3.42837779499e-06
2016,Scotland,5,7.4,10,Plug-In Hybrid Petrol Cars,Rural (not London),1.88248850463e-06,5.54627195015e-06,3.09811389343e-06
2016,Scotland,5,7.4,10,Plug-In Hybrid Petrol LGV,Rural (not London),1.93885489352e-06,7.48017964725e-06,4.18880608777e-06
2016,Scotland,5,7.4,10,Rigid HGV,Rural (not London),0.00353509071283,4.62599964521e-05,3.42491803167e-05
2016,Scotland,5,7.4,12,Artic HGV,Rural (not London),0.00460696173832,6.41354054096e-05,4.99233974551e-05
2016,Scotland,5,7.4,12,B100 Artic HGV,Rural (not London),0.00506765814498,6.05450768489e-05,4.65125813207e-05
2016,Scotland,5,7.4,12,B100 Bus,Rural (not London),0.0033283426892,4.1866380343e-05,3.01318032143e-05
2016,Scotland,5,7.4,12,B100 Coach,Rural (not London),0.00638587819412,5.46000555914e-05,4.22287957917e-05
2016,Scotland,5,7.4,12,B100 Rigid HGV,Rural (not London),0.00340594886802,4.16903385485e-05,2.99080038531e-05
2016,Scotland,5,7.4,12,Battery EV Cars,Rural (not London),0.0,5.50764480067e-06,3.06141782858e-06
2016,Scotland,5,7.4,12,Battery EV LGV,Rural (not London),0.0,7.46197929402e-06,4.17151613874e-06
2016,Scotland,5,7.4,12,Biogas Bus,Rural (not London),0.00069444446126,2.41506240855e-05,1.33018365887e-05
2016,Scotland,5,7.4,12,Biomethane Bus,Rural (not London),0.00069444446126,2.41506240855e-05,1.33018365887e-05
2016,Scotland,5,7.4,12,Bus and Coach,Rural (not London),0.00380404782481,4.84234078613e-05,3.63609833585e-05
2016,Scotland,5,7.4,12,CNG Bus,Rural (not London),0.00069444446126,2.41506240855e-05,1.33018365887e-05
2016,Scotland,5,7.4,12,Diesel Car,Rural (not London),0.000260619359324,6.7928694989e-06,4.28238126915e-06
2016,Scotland,5,7.4,12,E85 Bioethanol Cars,Rural (not London),1.82245676115e-05,5.79878087592e-06,3.33799744112e-06
2016,Scotland,5,7.4,12,E85 Bioethanol LGV,Rural (not London),1.56105834321e-05,7.6027877185e-06,4.30528416473e-06
2016,Scotland,5,7.4,12,FCEV Bus,Rural (not London),0.0,2.27617347264e-05,1.1982392607e-05
2016,Scotland,5,7.4,12,FCEV Cars,Rural (not London),0.0,5.50764480067e-06,3.06141782858e-06
2016,Scotland,5,7.4,12,FCEV LGV,Rural (not London),0.0,7.46197929402e-06,4.17151613874e-06
2016,Scotland,5,7.4,12,Full Hybrid Diesel Cars,Rural (not London),0.000260619359324,6.79294225847e-06,4.28245084549e-06
2016,Scotland,5,7.4,12,Full Hybrid Petrol Cars,Rural (not London),9.11254846869e-06,5.87156500842e-06,3.40714245795e-06
2016,Scotland,5,7.4,12,Full Hybrid Petrol LGV,Rural (not London),4.56042153019e-06,7.63373918744e-06,4.33468812844e-06
2016,Scotland,5,7.4,12,Hybrid Bus,Rural (not London),0.00201882841066,4.05311038776e-05,2.8863292755e-05
2016,Scotland,5,7.4,12,LGV,Rural (not London),0.000399872573325,8.26607811177e-06,4.93540983371e-06
2016,Scotland,5,7.4,12,LPG Cars,Rural (not London),8.6111112978e-06,5.86945543546e-06,3.405138159e-06
2016,Scotland,5,7.4,12,LPG LGV,Rural (not London),3.55875272362e-05,7.63373918744e-06,4.33468812844e-06
2016,Scotland,5,7.4,12,Motorcycle,Rural (not London),1.64278535522e-05,3.24010852637e-06,2.11119868254e-06
2016,Scotland,5,7.4,12,Petrol Car,Rural (not London),1.82245676115e-05,5.87156500842e-06,3.40714223057e-06
2016,Scotland,5,7.4,12,Plug-In Hybrid Petrol Cars,Rural (not London),1.82244866664e-06,5.54403686692e-06,3.09599045067e-06
2016,Scotland,5,7.4,12,Plug-In Hybrid Petrol LGV,Rural (not London),1.91534149963e-06,7.47915555621e-06,4.18783338318e-06
2016,Scotland,5,7.4,12,Rigid HGV,Rural (not London),0.00309631717391,4.37667767983e-05,3.18806232826e-05
2016,Scotland,5,7.4,14,Artic HGV,Rural (not London),0.00402089580894,6.04041051702e-05,4.63786600449e-05
2016,Scotland,5,7.4,14,B100 Artic HGV,Rural (not London),0.0044229850173,5.71869022679e-05,4.33223140135e-05
2016,Scotland,5,7.4,14,B100 Bus,Rural (not London),0.00295316753909,4.01852339564e-05,2.85347159661e-05
2016,Scotland,5,7.4,14,B100 Coach,Rural (not London),0.00554513558745,5.10197496624e-05,3.88275038858e-05
2016,Scotland,5,7.4,14,B100 Rigid HGV,Rural (not London),0.00302972155623,3.99579621444e-05,2.82622459054e-05
2016,Scotland,5,7.4,14,Battery EV Cars,Rural (not London),0.0,5.50764480067e-06,3.06141782858e-06
2016,Scotland,5,7.4,14,Battery EV LGV,Rural (not London),0.0,7.46197929402e-06,4.17151613874e-06
2016,Scotland,5,7.4,14,Biogas Bus,Rural (not London),0.00069444446126,2.41506240855e-05,1.33018365887e-05
2016,Scotland,5,7.4,14,Biomethane Bus,Rural (not London),0.00069444446126,2.41506240855e-05,1.33018365887e-05
2016,Scotland,5,7.4,14,Bus and Coach,Rural (not London),0.00334447133355,4.59254115412e-05,3.39878824889e-05
2016,Scotland,5,7.4,14,CNG Bus,Rural (not London),0.00069444446126,2.41506240855e-05,1.33018365887e-05
2016,Scotland,5,7.4,14,Diesel Car,Rural (not London),0.000248000113061,6.69828796163e-06,4.19252910433e-06
2016,Scotland,5,7.4,14,E85 Bioethanol Cars,Rural (not London),1.77006731974e-05,5.78299386689e-06,3.32299964612e-06
2016,Scotland,5,7.4,14,E85 Bioethanol LGV,Rural (not London),1.53375603986e-05,7.59717795518e-06,4.29995498052e-06
2016,Scotland,5,7.4,14,FCEV Bus,Rural (not London),0.0,2.27617347264e-05,1.1982392607e-05
2016,Scotland,5,7.4,14,FCEV Cars,Rural (not London),0.0,5.50764480067e-06,3.06141782858e-06
2016,Scotland,5,7.4,14,FCEV LGV,Rural (not London),0.0,7.46197929402e-06,4.17151613874e-06
2016,Scotland,5,7.4,14,Full Hybrid Diesel Cars,Rural (not London),0.000248000113061,6.69835981171e-06,4.19259731643e-06
2016,Scotland,5,7.4,14,Full Hybrid Petrol Cars,Rural (not London),8.85060399014e-06,5.85183124713e-06,3.38839527103e-06
2016,Scotland,5,7.4,14,Full Hybrid Petrol LGV,Rural (not London),4.3664945224e-06,7.62664376452e-06,4.32794740846e-06
2016,Scotland,5,7.4,14,Hybrid Bus,Rural (not London),0.00179031398147,3.89583037759e-05,2.73691330221e-05
2016,Scotland,5,7.4,14,LGV,Rural (not London),0.000379916513339,8.19121942186e-06,4.86429371449e-06
2016,Scotland,5,7.4,14,LPG Cars,Rural (not London),8.6111112978e-06,5.84947474636e-06,3.38615654982e-06
2016,Scotland,5,7.4,14,LPG LGV,Rural (not London),3.38141253451e-05,7.62664376452e-06,4.32794740846e-06
2016,Scotland,5,7.4,14,Motorcycle,Rural (not London),1.55785492097e-05,3.24010852637e-06,2.11119868254e-06
2016,Scotland,5,7.4,14,Petrol Car,Rural (not London),1.77006731974e-05,5.85183124713e-06,3.38839504366e-06
2016,Scotland,5,7.4,14,Plug-In Hybrid Petrol Cars,Rural (not London),1.77005915702e-06,5.54206326342e-06,3.09411575472e-06
2016,Scotland,5,7.4,14,Plug-In Hybrid Petrol LGV,Rural (not London),1.89444574517e-06,7.4784456956e-06,4.18715944761e-06
2016,Scotland,5,7.4,14,Rigid HGV,Rural (not London),0.00275429221801,4.18419149355e-05,3.00520023302e-05
2016,Scotland,5,7.4,16,Artic HGV,Rural (not London),0.00355769880116,5.74436926399e-05,4.35662695963e-05
2016,Scotland,5,7.4,16,B100 Artic HGV,Rural (not London),0.00391346868128,5.45225302631e-05,4.07911647926e-05
2016,Scotland,5,7.4,16,B100 Bus,Rural (not London),0.00264982599765,3.88404114346e-05,2.72571360256e-05
2016,Scotland,5,7.4,16,B100 Coach,Rural (not London),0.0048934975639,4.82469258714e-05,3.61933234672e-05
2016,Scotland,5,7.4,16,B100 Rigid HGV,Rural (not London),0.00272641470656,3.85835992347e-05,2.69566025963e-05
2016,Scotland,5,7.4,16,Battery EV Cars,Rural (not London),0.0,5.50764480067e-06,3.06141782858e-06
2016,Scotland,5,7.4,16,Battery EV LGV,Rural (not London),0.0,7.46197929402e-06,4.17151613874e-06
2016,Scotland,5,7.4,16,Biogas Bus,Rural (not London),0.00069444446126,2.41506240855e-05,1.33018365887e-05
2016,Scotland,5,7.4,16,Biomethane Bus,Rural (not London),0.00069444446126,2.41506240855e-05,1.33018365887e-05
2016,Scotland,5,7.4,16,Bus and Coach,Rural (not London),0.00298004900105,4.39654613729e-05,3.21259321936e-05
2016,Scotland,5,7.4,16,CNG Bus,Rural (not London),0.00069444446126,2.41506240855e-05,1.33018365887e-05
2016,Scotland,5,7.4,16,Diesel Car,Rural (not London),0.00023726055224,6.62165803078e-06,4.11973087466e-06
2016,Scotland,5,7.4,16,E85 Bioethanol Cars,Rural (not London),1.72381933226e-05,5.7691299844e-06,3.30982925334e-06
2016,Scotland,5,7.4,16,E85 Bioethanol LGV,Rural (not London),1.50563637362e-05,7.59348040447e-06,4.29644205724e-06
2016,Scotland,5,7.4,16,FCEV Bus,Rural (not London),0.0,2.27617347264e-05,1.1982392607e-05
2016,Scotland,5,7.4,16,FCEV Cars,Rural (not London),0.0,5.50764480067e-06,3.06141782858e-06
2016,Scotland,5,7.4,16,FCEV LGV,Rural (not London),0.0,7.46197929402e-06,4.17151613874e-06
2016,Scotland,5,7.4,16,Full Hybrid Diesel Cars,Rural (not London),0.00023726055224,6.62172897137e-06,4.11979817727e-06
2016,Scotland,5,7.4,16,Full Hybrid Petrol Cars,Rural (not London),8.6193676907e-06,5.83450173508e-06,3.37193228006e-06
2016,Scotland,5,7.4,16,Full Hybrid Petrol LGV,Rural (not London),4.16827015215e-06,7.62196668802e-06,4.32350407209e-06
2016,Scotland,5,7.4,16,Hybrid Bus,Rural (not London),0.00160647102166,3.77022042812e-05,2.61758377746e-05
2016,Scotland,5,7.4,16,LGV,Rural (not London),0.000364755425835,8.13281894807e-06,4.80881408293e-06
2016,Scotland,5,7.4,16,LPG Cars,Rural (not London),8.6111112978e-06,5.83192831982e-06,3.3694875583e-06
2016,Scotland,5,7.4,16,LPG LGV,Rural (not London),3.24551438098e-05,7.62196668802e-06,4.32350407209e-06
2016,Scotland,5,7.4,16,Motorcycle,Rural (not London),1.48391354742e-05,3.24010852637e-06,2.11119868254e-06
2016,Scotland,5,7.4,16,Petrol Car,Rural (not London),1.72381933226e-05,5.83450173508e-06,3.37193205269e-06
2016,Scotland,5,7.4,16,Plug-In Hybrid Petrol Cars,Rural (not London),1.72381123775e-06,5.54033022127e-06,3.09246934194e-06
2016,Scotland,5,7.4,16,Plug-In Hybrid Petrol LGV,Rural (not London),1.87285934317e-06,7.47797821532e-06,4.18671515945e-06
2016,Scotland,5,7.4,16,Rigid HGV,Rural (not London),0.00247855880298,4.03148478654e-05,2.86012873403e-05
2016,Scotland,5,7.4,18,Artic HGV,Rural (not London),0.00318273995072,5.50486402062e-05,4.1290968511e-05
2016,Scotland,5,7.4,18,B100 Artic HGV,Rural (not London),0.00350101408549,5.23669841641e-05,3.87433938158e-05
2016,Scotland,5,7.4,18,B100 Bus,Rural (not London),0.00239806738682,3.77370161004e-05,2.6208908821e-05
2016,Scotland,5,7.4,18,B100 Coach,Rural (not London),0.00437432248145,4.6032051614e-05,3.40891929227e-05
2016,Scotland,5,7.4,18,B100 Rigid HGV,Rural (not London),0.00247561070137,3.74680494133e-05,2.5896830266e-05
2016,Scotland,5,7.4,18,Battery EV Cars,Rural (not London),0.0,5.50764480067e-06,3.06141782858e-06
2016,Scotland,5,7.4,18,Battery EV LGV,Rural (not London),0.0,7.46197929402e-06,4.17151613874e-06
2016,Scotland,5,7.4,18,Biogas Bus,Rural (not London),0.00069444446126,2.41506240855e-05,1.33018365887e-05
2016,Scotland,5,7.4,18,Biomethane Bus,Rural (not London),0.00069444446126,2.41506240855e-05,1.33018365887e-05
2016,Scotland,5,7.4,18,Bus and Coach,Rural (not London),0.00268310797401,4.2381874664e-05,3.06215224555e-05
2016,Scotland,5,7.4,18,CNG Bus,Rural (not London),0.00069444446126,2.41506240855e-05,1.33018365887e-05
2016,Scotland,5,7.4,18,Diesel Car,Rural (not London),0.000227859200095,6.55785197523e-06,4.05911487178e-06
2016,Scotland,5,7.4,18,E85 Bioethanol Cars,Rural (not London),1.68258884514e-05,5.75702415517e-06,3.29832846546e-06
2016,Scotland,5,7.4,18,E85 Bioethanol LGV,Rural (not London),1.50109572132e-05,7.59127988204e-06,4.29435158367e-06
2016,Scotland,5,7.4,18,FCEV Bus,Rural (not London),0.0,2.27617347264e-05,1.1982392607e-05
2016,Scotland,5,7.4,18,FCEV Cars,Rural (not London),0.0,5.50764480067e-06,3.06141782858e-06
2016,Scotland,5,7.4,18,FCEV LGV,Rural (not London),0.0,7.46197929402e-06,4.17151613874e-06
2016,Scotland,5,7.4,18,Full Hybrid Diesel Cars,Rural (not London),0.000227859200095,6.55792155158e-06,4.05918081015e-06
2016,Scotland,5,7.4,18,Full Hybrid Petrol Cars,Rural (not London),8.41321798362e-06,5.81936956223e-06,3.35755635206e-06
2016,Scotland,5,7.4,18,Full Hybrid Petrol LGV,Rural (not London),4.08918594985e-06,7.61918317949e-06,4.32085971624e-06
2016,Scotland,5,7.4,18,Hybrid Bus,Rural (not London),0.00145406892989,3.6672794522e-05,2.51978981396e-05
2016,Scotland,5,7.4,18,LGV,Rural (not London),0.00035281284363,8.085709851e-06,4.76405966765e-06
2016,Scotland,5,7.4,18,LPG Cars,Rural (not London),8.6111112978e-06,5.81660697208e-06,3.3549320051e-06
2016,Scotland,5,7.4,18,LPG LGV,Rural (not London),3.13744603773e-05,7.61918317949e-06,4.32085971624e-06
2016,Scotland,5,7.4,18,Motorcycle,Rural (not London),1.42013777804e-05,3.24010852637e-06,2.11119868254e-06
2016,Scotland,5,7.4,18,Petrol Car,Rural (not London),1.68258884514e-05,5.81936910748e-06,3.35755612468e-06
2016,Scotland,5,7.4,18,Plug-In Hybrid Petrol Cars,Rural (not London),1.682580546e-06,5.53881727683e-06,3.09103165819e-06
2016,Scotland,5,7.4,18,Plug-In Hybrid Petrol LGV,Rural (not London),1.87497914794e-06,7.47769990994e-06,4.18645049649e-06
2016,Scotland,5,7.4,18,Rigid HGV,Rural (not London),0.00225055520423,3.90753448301e-05,2.74237609119e-05
2016,Scotland,5,7.4,20,Artic HGV,Rural (not London),0.00287316250615,5.30767283635e-05,3.94176531699e-05
2016,Scotland,5,7.4,20,B100 Artic HGV,Rural (not London),0.00316047878005,5.05922616867e-05,3.70574089175e-05
2016,Scotland,5,7.4,20,B100 Bus,Rural (not London),0.00218500522897,3.68122164218e-05,2.5330349672e-05
2016,Scotland,5,7.4,20,B100 Coach,Rural (not London),0.00395030528307,4.42197051598e-05,3.23674612446e-05
2016,Scotland,5,7.4,20,B100 Rigid HGV,Rural (not London),0.00226406333968,3.65450214304e-05,2.50199518632e-05
2016,Scotland,5,7.4,20,Battery EV Cars,Rural (not London),0.0,5.50764480067e-06,3.06141782858e-06
2016,Scotland,5,7.4,20,Battery EV LGV,Rural (not London),0.0,7.46197929402e-06,4.17151613874e-06
2016,Scotland,5,7.4,20,Biogas Bus,Rural (not London),0.00069444446126,2.41506240855e-05,1.33018365887e-05
2016,Scotland,5,7.4,20,Biomethane Bus,Rural (not London),0.00069444446126,2.41506240855e-05,1.33018365887e-05
2016,Scotland,5,7.4,20,Bus and Coach,Rural (not London),0.00243571749888,4.10717293562e-05,2.93768862321e-05
2016,Scotland,5,7.4,20,CNG Bus,Rural (not London),0.00069444446126,2.41506240855e-05,1.33018365887e-05
2016,Scotland,5,7.4,20,Diesel Car,Rural (not London),0.000219467459829,6.50359788779e-06,4.00757335228e-06
2016,Scotland,5,7.4,20,E85 Bioethanol Cars,Rural (not London),1.64554803632e-05,5.74651676288e-06,3.28834630636e-06
2016,Scotland,5,7.4,20,E85 Bioethanol LGV,Rural (not London),1.47728060256e-05,7.59028034736e-06,4.29340252595e-06
2016,Scotland,5,7.4,20,FCEV Bus,Rural (not London),0.0,2.27617347264e-05,1.1982392607e-05
2016,Scotland,5,7.4,20,FCEV Cars,Rural (not London),0.0,5.50764480067e-06,3.06141782858e-06
2016,Scotland,5,7.4,20,FCEV LGV,Rural (not London),0.0,7.46197929402e-06,4.17151613874e-06
2016,Scotland,5,7.4,20,Full Hybrid Diesel Cars,Rural (not London),0.000219467459829,6.50366609989e-06,4.00763838115e-06
2016,Scotland,5,7.4,20,Full Hybrid Petrol Cars,Rural (not London),8.22801757749e-06,5.8062350945e-06,3.34507876687e-06
2016,Scotland,5,7.4,20,Full Hybrid Petrol LGV,Rural (not London),3.91242019759e-06,7.61791898185e-06,4.31965918324e-06
2016,Scotland,5,7.4,20,Hybrid Bus,Rural (not London),0.00132508785464,3.5810713598e-05,2.43789218075e-05
2016,Scotland,5,7.4,20,LGV,Rural (not London),0.000343125168001,8.04672708909e-06,4.72702686238e-06
2016,Scotland,5,7.4,20,LPG Cars,Rural (not London),8.6111112978e-06,5.80330834055e-06,3.34229821419e-06
2016,Scotland,5,7.4,20,LPG LGV,Rural (not London),3.04904715449e-05,7.61791898185e-06,4.31965918324e-06
2016,Scotland,5,7.4,20,Motorcycle,Rural (not London),1.36577164085e-05,3.24010852637e-06,2.11119868254e-06
2016,Scotland,5,7.4,20,Petrol Car,Rural (not London),1.64554803632e-05,5.80623463975e-06,3.3450785395e-06
2016,Scotland,5,7.4,20,Plug-In Hybrid Petrol Cars,Rural (not London),1.64553966897e-06,5.53750351173e-06,3.08978405883e-06
2016,Scotland,5,7.4,20,Plug-In Hybrid Petrol LGV,Rural (not London),1.85795158814e-06,7.47757349018e-06,4.18633044319e-06
2016,Scotland,5,7.4,20,Rigid HGV,Rural (not London),0.00205823942088,3.80497585866e-05,2.64494519797e-05
2016,Scotland,5,7.4,25,Artic HGV,Rural (not London),0.00229350430891,4.94097293995e-05,3.59340046998e-05
2016,Scotland,5,7.4,25,B100 Artic HGV,Rural (not London),0.00252285483293,4.72919637104e-05,3.39221260219e-05
2016,Scotland,5,7.4,25,B100 Bus,Rural (not London),0.00177077599801,3.50309419446e-05,2.36381401919e-05
2016,Scotland,5,7.4,25,B100 Coach,Rural (not London),0.0031628604047,4.08561863878e-05,2.91721207759e-05
2016,Scotland,5,7.4,25,B100 Rigid HGV,Rural (not London),0.00185403414071,3.48112953361e-05,2.3372913347e-05
2016,Scotland,5,7.4,25,Battery EV Cars,Rural (not London),0.0,5.50764480067e-06,3.06141782858e-06
2016,Scotland,5,7.4,25,Battery EV LGV,Rural (not London),0.0,7.46197929402e-06,4.17151613874e-06
2016,Scotland,5,7.4,25,Biogas Bus,Rural (not London),0.00069444446126,2.41506240855e-05,1.33018365887e-05
2016,Scotland,5,7.4,25,Biomethane Bus,Rural (not London),0.00069444446126,2.41506240855e-05,1.33018365887e-05
2016,Scotland,5,7.4,25,Bus and Coach,Rural (not London),0.00196414510719,3.85944767913e-05,2.70234959316e-05
2016,Scotland,5,7.4,25,CNG Bus,Rural (not London),0.00069444446126,2.41506240855e-05,1.33018365887e-05
2016,Scotland,5,7.4,25,Diesel Car,Rural (not London),0.000201674178243,6.39689187665e-06,3.90620289181e-06
2016,Scotland,5,7.4,25,E85 Bioethanol Cars,Rural (not London),1.56756486831e-05,5.72625503992e-06,3.26909776049e-06
2016,Scotland,5,7.4,25,E85 Bioethanol LGV,Rural (not London),1.43994420796e-05,7.59176145948e-06,4.29480951425e-06
2016,Scotland,5,7.4,25,FCEV Bus,Rural (not London),0.0,2.27617347264e-05,1.1982392607e-05
2016,Scotland,5,7.4,25,FCEV Cars,Rural (not London),0.0,5.50764480067e-06,3.06141782858e-06
2016,Scotland,5,7.4,25,FCEV LGV,Rural (not London),0.0,7.46197929402e-06,4.17151613874e-06
2016,Scotland,5,7.4,25,Full Hybrid Diesel Cars,Rural (not London),0.000201674178243,6.39695690552e-06,3.90626473745e-06
2016,Scotland,5,7.4,25,Full Hybrid Petrol Cars,Rural (not London),7.83810992289e-06,5.78090794079e-06,3.32101808453e-06
2016,Scotland,5,7.4,25,Full Hybrid Petrol LGV,Rural (not London),3.58213196705e-06,7.61979254094e-06,4.32143860962e-06
2016,Scotland,5,7.4,25,Hybrid Bus,Rural (not London),0.00107416033279,3.41514169122e-05,2.28025910474e-05
2016,Scotland,5,7.4,25,LGV,Rural (not London),0.000325327535393,7.97296615929e-06,4.65695347884e-06
2016,Scotland,5,7.4,25,LPG Cars,Rural (not London),8.6111112978e-06,5.77766422794e-06,3.31793671648e-06
2016,Scotland,5,7.4,25,LPG LGV,Rural (not London),2.88417650154e-05,7.61979254094e-06,4.32143860962e-06
2016,Scotland,5,7.4,25,Motorcycle,Rural (not London),1.26663881019e-05,3.24010852637e-06,2.11119868254e-06
2016,Scotland,5,7.4,25,Petrol Car,Rural (not London),1.56756486831e-05,5.78090748604e-06,3.32101785716e-06
2016,Scotland,5,7.4,25,Plug-In Hybrid Petrol Cars,Rural (not London),1.56755606895e-06,5.53497102374e-06,3.0873779906e-06
2016,Scotland,5,7.4,25,Plug-In Hybrid Petrol LGV,Rural (not London),1.83813983767e-06,7.47776084609e-06,4.1865082494e-06
2016,Scotland,5,7.4,25,Rigid HGV,Rural (not London),0.00168548559304,3.61233978765e-05,2.46194085776e-05
2016,Scotland,5,7.4,30,Artic HGV,Rural (not London),0.001890373067,4.68878715765e-05,3.35382392223e-05
2016,Scotland,5,7.4,30,B100 Artic HGV,Rural (not London),0.00207941024564,4.50222942163e-05,3.17659360007e-05
2016,Scotland,5,7.4,30,B100 Bus,Rural (not London),0.00146951025818,3.37360543199e-05,2.24079958571e-05
2016,Scotland,5,7.4,30,B100 Coach,Rural (not London),0.00261643668637,3.85327002732e-05,2.69648080575e-05
2016,Scotland,5,7.4,30,B100 Rigid HGV,Rural (not London),0.00155511591583,3.36002340191e-05,2.22224043682e-05
2016,Scotland,5,7.4,30,Battery EV Cars,Rural (not London),0.0,5.50764480067e-06,3.06141782858e-06
2016,Scotland,5,7.4,30,Battery EV LGV,Rural (not London),0.0,7.46197929402e-06,4.17151613874e-06
2016,Scotland,5,7.4,30,Biogas Bus,Rural (not London),0.00069444446126,2.41506240855e-05,1.33018365887e-05
2016,Scotland,5,7.4,30,Biomethane Bus,Rural (not London),0.00069444446126,2.41506240855e-05,1.33018365887e-05
2016,Scotland,5,7.4,30,Bus and Coach,Rural (not London),0.00162786326837,3.6834680941e-05,2.53516918747e-05
2016,Scotland,5,7.4,30,CNG Bus,Rural (not London),0.00069444446126,2.41506240855e-05,1.33018365887e-05
2016,Scotland,5,7.4,30,Diesel Car,Rural (not London),0.000187142431969,6.31743569102e-06,3.83071937904e-06
2016,Scotland,5,7.4,30,E85 Bioethanol Cars,Rural (not London),1.50584055518e-05,5.71284090256e-06,3.25635437548e-06
2016,Scotland,5,7.4,30,E85 Bioethanol LGV,Rural (not London),1.41473547046e-05,7.59740669309e-06,4.30017189501e-06
2016,Scotland,5,7.4,30,FCEV Bus,Rural (not London),0.0,2.27617347264e-05,1.1982392607e-05
2016,Scotland,5,7.4,30,FCEV Cars,Rural (not London),0.0,5.50764480067e-06,3.06141782858e-06
2016,Scotland,5,7.4,30,FCEV LGV,Rural (not London),0.0,7.46197929402e-06,4.17151613874e-06
2016,Scotland,5,7.4,30,Full Hybrid Diesel Cars,Rural (not London),0.000187142431969,6.31749753666e-06,3.83077849619e-06
2016,Scotland,5,7.4,30,Full Hybrid Petrol Cars,Rural (not London),7.52949836169e-06,5.76414049647e-06,3.30508873958e-06
2016,Scotland,5,7.4,30,Full Hybrid Petrol LGV,Rural (not London),3.3122005334e-06,7.62693298384e-06,4.32822207586e-06
2016,Scotland,5,7.4,30,Hybrid Bus,Rural (not London),0.000891491537914,3.29449358105e-05,2.16564312723e-05
2016,Scotland,5,7.4,30,LGV,Rural (not London),0.000313190452289,7.92076025391e-06,4.60735827801e-06
2016,Scotland,5,7.4,30,LPG Cars,Rural (not London),8.6111112978e-06,5.76068714508e-06,3.30180819219e-06
2016,Scotland,5,7.4,30,LPG LGV,Rural (not London),2.76926857623e-05,7.62693298384e-06,4.32822207586e-06
2016,Scotland,5,7.4,30,Motorcycle,Rural (not London),1.21300581668e-05,3.24010852637e-06,2.11119868254e-06
2016,Scotland,5,7.4,30,Petrol Car,Rural (not London),1.50584055518e-05,5.76414004172e-06,3.30508851221e-06
2016,Scotland,5,7.4,30,Plug-In Hybrid Petrol Cars,Rural (not London),1.5058316194e-06,5.53329437025e-06,3.08578501063e-06
2016,Scotland,5,7.4,30,Plug-In Hybrid Petrol LGV,Rural (not London),1.83124996056e-06,7.47847479943e-06,4.18718673245e-06
2016,Scotland,5,7.4,30,Rigid HGV,Rural (not London),0.0014137418475,3.47777713614e-05,2.33410664805e-05
2016,Scotland,5,7.4,35,Artic HGV,Rural (not London),0.00159389746841,4.50526422355e-05,3.17947669828e-05
2016,Scotland,5,7.4,35,B100 Artic HGV,Rural (not London),0.00175328715704,4.33705827163e-05,3.01968138956e-05
2016,Scotland,5,7.4,35,B100 Bus,Rural (not London),0.00124143459834,3.27447633026e-05,2.14662686631e-05
2016,Scotland,5,7.4,35,B100 Coach,Rural (not London),0.0022135367617,3.68288492609e-05,2.5346151233e-05
2016,Scotland,5,7.4,35,B100 Rigid HGV,Rural (not London),0.00132599694189,3.27058151015e-05,2.13727071241e-05
2016,Scotland,5,7.4,35,Battery EV Cars,Rural (not London),0.0,5.50764480067e-06,3.06141782858e-06
2016,Scotland,5,7.4,35,Battery EV LGV,Rural (not London),0.0,7.46197929402e-06,4.17151613874e-06
2016,Scotland,5,7.4,35,Biogas Bus,Rural (not London),0.00069444446126,2.41506240855e-05,1.33018365887e-05
2016,Scotland,5,7.4,35,Biomethane Bus,Rural (not London),0.00069444446126,2.41506240855e-05,1.33018365887e-05
2016,Scotland,5,7.4,35,Bus and Coach,Rural (not London),0.00137602107134,3.55110169039e-05,2.40942099481e-05
2016,Scotland,5,7.4,35,CNG Bus,Rural (not London),0.00069444446126,2.41506240855e-05,1.33018365887e-05
2016,Scotland,5,7.4,35,Diesel Car,Rural (not London),0.000175001594471,6.25540724286e-06,3.77179230782e-06
2016,Scotland,5,7.4,35,E85 Bioethanol Cars,Rural (not London),1.45667063407e-05,5.70433121538e-06,3.24827033182e-06
2016,Scotland,5,7.4,35,E85 Bioethanol LGV,Rural (not London),1.39810472319e-05,7.60605826144e-06,4.30839099863e-06
2016,Scotland,5,7.4,35,FCEV Bus,Rural (not London),0.0,2.27617347264e-05,1.1982392607e-05
2016,Scotland,5,7.4,35,FCEV Cars,Rural (not London),0.0,5.50764480067e-06,3.06141782858e-06
2016,Scotland,5,7.4,35,FCEV LGV,Rural (not London),0.0,7.46197929402e-06,4.17151613874e-06
2016,Scotland,5,7.4,35,Full Hybrid Diesel Cars,Rural (not London),0.000175001594471,6.25546636002e-06,3.77184846911e-06
2016,Scotland,5,7.4,35,Full Hybrid Petrol Cars,Rural (not London),7.28365921532e-06,5.75350350118e-06,3.2949837987e-06
2016,Scotland,5,7.4,35,Full Hybrid Petrol LGV,Rural (not London),3.0846658774e-06,7.63787647884e-06,4.33861850979e-06
2016,Scotland,5,7.4,35,Hybrid Bus,Rural (not London),0.000753102242015,3.20199178532e-05,2.07776647585e-05
2016,Scotland,5,7.4,35,LGV,Rural (not London),0.000304505490931,7.88204761193e-06,4.57058058601e-06
2016,Scotland,5,7.4,35,LPG Cars,Rural (not London),8.6111112978e-06,5.74991690883e-06,3.29157660417e-06
2016,Scotland,5,7.4,35,LPG LGV,Rural (not London),2.68524236162e-05,7.63787647884e-06,4.33861850979e-06
2016,Scotland,5,7.4,35,Motorcycle,Rural (not London),1.19788137454e-05,3.24010852637e-06,2.11119868254e-06
2016,Scotland,5,7.4,35,Petrol Car,Rural (not London),1.45667063407e-05,5.75350304644e-06,3.29498334395e-06
2016,Scotland,5,7.4,35,Plug-In Hybrid Petrol Cars,Rural (not London),1.45666137996e-06,5.5322307162e-06,3.08477456201e-06
2016,Scotland,5,7.4,35,Plug-In Hybrid Petrol LGV,Rural (not London),1.83373219897e-06,7.47956892155e-06,4.1882262849e-06
2016,Scotland,5,7.4,35,Rigid HGV,Rural (not London),0.00120545178652,3.37839737767e-05,2.23969582294e-05
2016,Scotland,5,7.4,40,Artic HGV,Rural (not London),0.00136673310772,4.36594636994e-05,3.04712484649e-05
2016,Scotland,5,7.4,40,B100 Artic HGV,Rural (not London),0.00150340644177,4.21167242166e-05,2.90056468657e-05
2016,Scotland,5,7.4,40,B100 Bus,Rural (not London),0.00106447096914,3.19646169373e-05,2.07251305255e-05
2016,Scotland,5,7.4,40,B100 Coach,Rural (not London),0.001903602737,3.55252959707e-05,2.41077741521e-05
2016,Scotland,5,7.4,40,B100 Rigid HGV,Rural (not London),0.00114396738354,3.20178987749e-05,2.07191860682e-05
2016,Scotland,5,7.4,40,Battery EV Cars,Rural (not London),0.0,5.50764480067e-06,3.06141782858e-06
2016,Scotland,5,7.4,40,Battery EV LGV,Rural (not London),0.0,7.46197929402e-06,4.17151613874e-06
2016,Scotland,5,7.4,40,Biogas Bus,Rural (not London),0.00069444446126,2.41506240855e-05,1.33018365887e-05
2016,Scotland,5,7.4,40,Biomethane Bus,Rural (not London),0.00069444446126,2.41506240855e-05,1.33018365887e-05
2016,Scotland,5,7.4,40,Bus and Coach,Rural (not London),0.00118129805196,3.44801628671e-05,2.3114896976e-05
2016,Scotland,5,7.4,40,CNG Bus,Rural (not London),0.00069444446126,2.41506240855e-05,1.33018365887e-05
2016,Scotland,5,7.4,40,Diesel Car,Rural (not London),0.000164784520166,6.20542869001e-06,3.7243130464e-06
2016,Scotland,5,7.4,40,E85 Bioethanol Cars,Rural (not London),1.4176903278e-05,5.69905341763e-06,3.24325628753e-06
2016,Scotland,5,7.4,40,E85 Bioethanol LGV,Rural (not London),1.38814466482e-05,7.6170272223e-06,4.31881153418e-06
2016,Scotland,5,7.4,40,FCEV Bus,Rural (not London),0.0,2.27617347264e-05,1.1982392607e-05
2016,Scotland,5,7.4,40,FCEV Cars,Rural (not London),0.0,5.50764480067e-06,3.06141782858e-06
2016,Scotland,5,7.4,40,FCEV LGV,Rural (not London),0.0,7.46197929402e-06,4.17151613874e-06
2016,Scotland,5,7.4,40,Full Hybrid Diesel Cars,Rural (not London),0.000164784520166,6.20548553343e-06,3.72436670659e-06
2016,Scotland,5,7.4,40,Full Hybrid Petrol Cars,Rural (not London),7.08876905264e-06,5.74690602662e-06,3.28871624333e-06
2016,Scotland,5,7.4,40,Full Hybrid Petrol LGV,Rural (not London),2.8898778055e-06,7.65175082051e-06,4.35179890701e-06
2016,Scotland,5,7.4,40,Hybrid Bus,Rural (not London),0.00064565485809,3.12911543006e-05,2.00853410206e-05
2016,Scotland,5,7.4,40,LGV,Rural (not London),0.000298233644571,7.85271276982e-06,4.5427132136e-06
2016,Scotland,5,7.4,40,LPG Cars,Rural (not London),8.6111112978e-06,5.74323712499e-06,3.28523083226e-06
2016,Scotland,5,7.4,40,LPG LGV,Rural (not London),2.62306184595e-05,7.65175082051e-06,4.35179890701e-06
2016,Scotland,5,7.4,40,Motorcycle,Rural (not London),1.2161865925e-05,3.24010852637e-06,2.11119868254e-06
2016,Scotland,5,7.4,40,Petrol Car,Rural (not London),1.4176903278e-05,5.74690557187e-06,3.28871578859e-06
2016,Scotland,5,7.4,40,Plug-In Hybrid Petrol Cars,Rural (not London),1.41768066442e-06,5.53157087779e-06,3.08414769279e-06
2016,Scotland,5,7.4,40,Plug-In Hybrid Petrol LGV,Rural (not London),1.84367922884e-06,7.48095635572e-06,4.18954459747e-06
2016,Scotland,5,7.4,40,Rigid HGV,Rural (not London),0.00103997043334,3.30196235154e-05,2.16708231164e-05
2016,Scotland,5,7.4,45,Artic HGV,Rural (not London),0.00118713197298,4.25668476964e-05,2.94332658086e-05
2016,Scotland,5,7.4,45,B100 Artic HGV,Rural (not London),0.00130584510043,4.11333712691e-05,2.80714630208e-05
2016,Scotland,5,7.4,45,B100 Bus,Rural (not London),0.000925306696445,3.13468190143e-05,2.01382226805e-05
2016,Scotland,5,7.4,45,B100 Coach,Rural (not London),0.00165751262102,3.44959626091e-05,2.31299090956e-05
2016,Scotland,5,7.4,45,B100 Rigid HGV,Rural (not London),0.000995423994027,3.14724493364e-05,2.02010105568e-05
2016,Scotland,5,7.4,45,Battery EV Cars,Rural (not London),0.0,5.50764480067e-06,3.06141782858e-06
2016,Scotland,5,7.4,45,Battery EV LGV,Rural (not London),0.0,7.46197929402e-06,4.17151613874e-06
2016,Scotland,5,7.4,45,Biogas Bus,Rural (not London),0.00069444446126,2.41506240855e-05,1.33018365887e-05
2016,Scotland,5,7.4,45,Biomethane Bus,Rural (not London),0.00069444446126,2.41506240855e-05,1.33018365887e-05
2016,Scotland,5,7.4,45,Bus and Coach,Rural (not London),0.00102756754495,3.36636257998e-05,2.23391889449e-05
2016,Scotland,5,7.4,45,CNG Bus,Rural (not London),0.00069444446126,2.41506240855e-05,1.33018365887e-05
2016,Scotland,5,7.4,45,Diesel Car,Rural (not London),0.000156213005539,6.16426768829e-06,3.68521000382e-06
2016,Scotland,5,7.4,45,E85 Bioethanol Cars,Rural (not London),1.38726936711e-05,5.69561143493e-06,3.23998642671e-06
2016,Scotland,5,7.4,45,E85 Bioethanol LGV,Rural (not London),1.3835208847e-05,7.62988020142e-06,4.33102241004e-06
2016,Scotland,5,7.4,45,FCEV Bus,Rural (not London),0.0,2.27617347264e-05,1.1982392607e-05
2016,Scotland,5,7.4,45,FCEV Cars,Rural (not London),0.0,5.50764480067e-06,3.06141782858e-06
2016,Scotland,5,7.4,45,FCEV LGV,Rural (not London),0.0,7.46197929402e-06,4.17151613874e-06
2016,Scotland,5,7.4,45,Full Hybrid Diesel Cars,Rural (not London),0.000156213005539,6.16432225797e-06,3.68526161765e-06
2016,Scotland,5,7.4,45,Full Hybrid Petrol Cars,Rural (not London),6.93667607266e-06,5.74260366193e-06,3.28462897414e-06
2016,Scotland,5,7.4,45,Full Hybrid Petrol LGV,Rural (not London),2.72108445643e-06,7.6680089478e-06,4.36724440078e-06
2016,Scotland,5,7.4,45,Hybrid Bus,Rural (not London),0.000561089836992,3.07153641188e-05,1.95383381651e-05
2016,Scotland,5,7.4,45,LGV,Rural (not London),0.000293878256343,7.8304346971e-06,4.52154881714e-06
2016,Scotland,5,7.4,45,LPG Cars,Rural (not London),8.6111112978e-06,5.73888110011e-06,3.28109240399e-06
2016,Scotland,5,7.4,45,LPG LGV,Rural (not London),2.57835199591e-05,7.6680089478e-06,4.36724440078e-06
2016,Scotland,5,7.4,45,Motorcycle,Rural (not London),1.26449913296e-05,3.24010852637e-06,2.11119868254e-06
2016,Scotland,5,7.4,45,Petrol Car,Rural (not London),1.38726936711e-05,5.74260320718e-06,3.2846285194e-06
2016,Scotland,5,7.4,45,Plug-In Hybrid Petrol Cars,Rural (not London),1.38725943089e-06,5.5311406868e-06,3.08373910229e-06
2016,Scotland,5,7.4,45,Plug-In Hybrid Petrol LGV,Rural (not London),1.85975670774e-06,7.48258253225e-06,4.19108891947e-06
2016,Scotland,5,7.4,45,Rigid HGV,Rural (not London),0.000904930930119,3.2413568988e-05,2.10950729524e-05
2016,Scotland,5,7.4,50,Artic HGV,Rural (not London),0.00104157731403,4.16875627707e-05,2.85979458567e-05
2016,Scotland,5,7.4,50,B100 Artic HGV,Rural (not London),0.00114573503379,4.03420162911e-05,2.73196728813e-05
2016,Scotland,5,7.4,50,B100 Bus,Rural (not London),0.000815494800918,3.08663002215e-05,1.96817290998e-05
2016,Scotland,5,7.4,50,B100 Coach,Rural (not London),0.00145723263267,3.36630509992e-05,2.23386432481e-05
2016,Scotland,5,7.4,50,B100 Rigid HGV,Rural (not London),0.000871702970471,3.10298491968e-05,1.97805384232e-05
2016,Scotland,5,7.4,50,Battery EV Cars,Rural (not London),0.0,5.50764480067e-06,3.06141782858e-06
2016,Scotland,5,7.4,50,Battery EV LGV,Rural (not London),0.0,7.46197929402e-06,4.17151613874e-06
2016,Scotland,5,7.4,50,Biogas Bus,Rural (not London),0.00069444446126,2.41506240855e-05,1.33018365887e-05
2016,Scotland,5,7.4,50,Biomethane Bus,Rural (not London),0.00069444446126,2.41506240855e-05,1.33018365887e-05
2016,Scotland,5,7.4,50,Bus and Coach,Rural (not London),0.000904710381292,3.30171751557e-05,2.17250617425e-05
2016,Scotland,5,7.4,50,CNG Bus,Rural (not London),0.00069444446126,2.41506240855e-05,1.33018365887e-05
2016,Scotland,5,7.4,50,Diesel Car,Rural (not London),0.000149111278006,6.12984331383e-06,3.65250662071e-06
2016,Scotland,5,7.4,50,E85 Bioethanol Cars,Rural (not London),1.36422104333e-05,5.69289477426e-06,3.23740550812e-06
2016,Scotland,5,7.4,50,E85 Bioethanol LGV,Rural (not London),1.38325094667e-05,7.64435208112e-06,4.34477033195e-06
2016,Scotland,5,7.4,50,FCEV Bus,Rural (not London),0.0,2.27617347264e-05,1.1982392607e-05
2016,Scotland,5,7.4,50,FCEV Cars,Rural (not London),0.0,5.50764480067e-06,3.06141782858e-06
2016,Scotland,5,7.4,50,FCEV LGV,Rural (not London),0.0,7.46197929402e-06,4.17151613874e-06
2016,Scotland,5,7.4,50,Full Hybrid Diesel Cars,Rural (not London),0.000149111278006,6.12989560977e-06,3.65255641555e-06
2016,Scotland,5,7.4,50,Full Hybrid Petrol Cars,Rural (not London),6.82144764141e-06,5.73920760871e-06,3.28140276906e-06
2016,Scotland,5,7.4,50,Full Hybrid Petrol LGV,Rural (not London),2.57331521425e-06,7.68631434767e-06,4.38463439423e-06
2016,Scotland,5,7.4,50,Hybrid Bus,Rural (not London),0.000494284555316,3.02700755128e-05,1.91153158084e-05
2016,Scotland,5,7.4,50,LGV,Rural (not London),0.000291241274681,7.81380185799e-06,4.50574725619e-06
2016,Scotland,5,7.4,50,LPG Cars,Rural (not London),8.6111112978e-06,5.73544230065e-06,3.27782595377e-06
2016,Scotland,5,7.4,50,LPG LGV,Rural (not London),2.54930291703e-05,7.68631434767e-06,4.38463439423e-06
2016,Scotland,5,7.4,50,Motorcycle,Rural (not London),1.34079728014e-05,3.24010852637e-06,2.11119868254e-06
2016,Scotland,5,7.4,50,Petrol Car,Rural (not London),1.36422104333e-05,5.73920715397e-06,3.28140231431e-06
2016,Scotland,5,7.4,50,Plug-In Hybrid Petrol Cars,Rural (not London),1.36421067509e-06,5.53080099053e-06,3.08341645905e-06
2016,Scotland,5,7.4,50,Plug-In Hybrid Petrol LGV,Rural (not London),1.88098215403e-06,7.48441289034e-06,4.19282787334e-06
2016,Scotland,5,7.4,50,Rigid HGV,Rural (not London),0.000792457256466,3.19217906508e-05,2.0627883714e-05
2016,Scotland,5,7.4,60,Artic HGV,Rural (not London),0.000820061541162,4.03608828492e-05,2.73375990218e-05
2016,Scotland,5,7.4,60,B100 Artic HGV,Rural (not London),0.000902067695279,3.91480025428e-05,2.61853620032e-05
2016,Scotland,5,7.4,60,B100 Bus,Rural (not London),0.000663929036818,3.02843800455e-05,1.91289054783e-05
2016,Scotland,5,7.4,60,B100 Coach,Rural (not London),0.00115069269668,3.23998865497e-05,2.11386341107e-05
2016,Scotland,5,7.4,60,B100 Rigid HGV,Rural (not London),0.00067750015296,3.03591568809e-05,1.91433828149e-05
2016,Scotland,5,7.4,60,Battery EV Cars,Rural (not London),0.0,5.50764480067e-06,3.06141782858e-06
2016,Scotland,5,7.4,60,Battery EV LGV,Rural (not London),0.0,7.46197929402e-06,4.17151613874e-06
2016,Scotland,5,7.4,60,Biogas Bus,Rural (not London),0.00069444446126,2.41506240855e-05,1.33018365887e-05
2016,Scotland,5,7.4,60,Biomethane Bus,Rural (not London),0.00069444446126,2.41506240855e-05,1.33018365887e-05
2016,Scotland,5,7.4,60,Bus and Coach,Rural (not London),0.000727475329768,3.2150575862e-05,2.09017925954e-05
2016,Scotland,5,7.4,60,CNG Bus,Rural (not London),0.00069444446126,2.41506240855e-05,1.33018365887e-05
2016,Scotland,5,7.4,60,Diesel Car,Rural (not London),0.000138907809742,6.0759725784e-06,3.60132958122e-06
2016,Scotland,5,7.4,60,E85 Bioethanol Cars,Rural (not London),1.33684570756e-05,5.68440009374e-06,3.22933556163e-06
2016,Scotland,5,7.4,60,E85 Bioethanol LGV,Rural (not London),1.39296871566e-05,7.67552955949e-06,4.37438848166e-06
2016,Scotland,5,7.4,60,FCEV Bus,Rural (not London),0.0,2.27617347264e-05,1.1982392607e-05
2016,Scotland,5,7.4,60,FCEV Cars,Rural (not London),0.0,5.50764480067e-06,3.06141782858e-06
2016,Scotland,5,7.4,60,FCEV LGV,Rural (not London),0.0,7.46197929402e-06,4.17151613874e-06
2016,Scotland,5,7.4,60,Full Hybrid Diesel Cars,Rural (not London),0.000138907809742,6.07602214586e-06,3.60137642019e-06
2016,Scotland,5,7.4,60,Full Hybrid Petrol Cars,Rural (not London),9.35843854677e-06,5.72858880332e-06,3.2713148812e-06
2016,Scotland,5,7.4,60,Full Hybrid Petrol LGV,Rural (not London),3.25732844431e-06,7.72847033659e-06,4.42468308393e-06
2016,Scotland,5,7.4,60,Hybrid Bus,Rural (not London),0.000500392750837,2.97346487059e-05,1.86066608876e-05
2016,Scotland,5,7.4,60,LGV,Rural (not London),0.000291275035124,7.79405490903e-06,4.48698847322e-06
2016,Scotland,5,7.4,60,LPG Cars,Rural (not London),8.05555555417e-06,5.7275456129e-06,3.27032398673e-06
2016,Scotland,5,7.4,60,LPG LGV,Rural (not London),1.97479912458e-05,7.72847033659e-06,4.42468308393e-06
2016,Scotland,5,7.4,60,Motorcycle,Rural (not London),1.57473550644e-05,3.24010852637e-06,2.11119868254e-06
2016,Scotland,5,7.4,60,Petrol Car,Rural (not London),1.33684570756e-05,5.72858880332e-06,3.2713148812e-06
2016,Scotland,5,7.4,60,Plug-In Hybrid Petrol Cars,Rural (not London),6.68417260385e-06,5.61811657462e-06,3.16636646858e-06
2016,Scotland,5,7.4,60,Plug-In Hybrid Petrol LGV,Rural (not London),7.2363959589e-06,7.5952248153e-06,4.29809961133e-06
2016,Scotland,5,7.4,60,Rigid HGV,Rural (not London),0.000615909229964,3.1176576158e-05,1.99199312192e-05
2016,Scotland,5,7.4,70,Artic HGV,Rural (not London),0.000659451528918,3.94082962885e-05,2.64326426986e-05
2016,Scotland,5,7.4,70,B100 Artic HGV,Rural (not London),0.000725396675989,3.82906764571e-05,2.53709004028e-05
2016,Scotland,5,7.4,70,B100 Bus,Rural (not London),0.000586449285038,3.02417647617e-05,1.90884202311e-05
2016,Scotland,5,7.4,70,B100 Coach,Rural (not London),0.000926890759729,3.14903554681e-05,2.02745795832e-05
2016,Scotland,5,7.4,70,B100 Rigid HGV,Rural (not London),0.000533952319529,2.98884697258e-05,1.86962279258e-05
2016,Scotland,5,7.4,70,Battery EV Cars,Rural (not London),0.0,5.50764480067e-06,3.06141782858e-06
2016,Scotland,5,7.4,70,Battery EV LGV,Rural (not London),0.0,7.46197929402e-06,4.17151613874e-06
2016,Scotland,5,7.4,70,Biogas Bus,Rural (not London),0.00069444446126,2.41506240855e-05,1.33018365887e-05
2016,Scotland,5,7.4,70,Biomethane Bus,Rural (not London),0.00069444446126,2.41506240855e-05,1.33018365887e-05
2016,Scotland,5,7.4,70,Bus and Coach,Rural (not London),0.000619793543592,3.18223355862e-05,2.05899632419e-05
2016,Scotland,5,7.4,70,CNG Bus,Rural (not London),0.00069444446126,2.41506240855e-05,1.33018365887e-05
2016,Scotland,5,7.4,70,Diesel Car,Rural (not London),0.000133727662615,6.0366796788e-06,3.56400119017e-06
2016,Scotland,5,7.4,70,E85 Bioethanol Cars,Rural (not London),1.33043286041e-05,5.67514689465e-06,3.22054529533e-06
2016,Scotland,5,7.4,70,E85 Bioethanol LGV,Rural (not London),1.41312248161e-05,7.71490067564e-06,4.41179145128e-06
2016,Scotland,5,7.4,70,FCEV Bus,Rural (not London),0.0,2.27617347264e-05,1.1982392607e-05
2016,Scotland,5,7.4,70,FCEV Cars,Rural (not London),0.0,5.50764480067e-06,3.06141782858e-06
2016,Scotland,5,7.4,70,FCEV LGV,Rural (not London),0.0,7.46197929402e-06,4.17151613874e-06
2016,Scotland,5,7.4,70,Full Hybrid Diesel Cars,Rural (not London),0.000133727662615,6.03672788202e-06,3.56404689228e-06
2016,Scotland,5,7.4,70,Full Hybrid Petrol Cars,Rural (not London),9.31359318201e-06,5.7170227592e-06,3.26032704834e-06
2016,Scotland,5,7.4,70,Full Hybrid Petrol LGV,Rural (not London),2.98031272905e-06,7.77827153797e-06,4.47199363407e-06
2016,Scotland,5,7.4,70,Hybrid Bus,Rural (not London),0.000441039883299,2.96947273455e-05,1.85687349585e-05
2016,Scotland,5,7.4,70,LGV,Rural (not London),0.000300175568555,7.7893555499e-06,4.48252376373e-06
2016,Scotland,5,7.4,70,LPG Cars,Rural (not London),8.05555555417e-06,5.71583495912e-06,3.25919882016e-06
2016,Scotland,5,7.4,70,LPG LGV,Rural (not London),2.02762748813e-05,7.77827153797e-06,4.47199363407e-06
2016,Scotland,5,7.4,70,Motorcycle,Rural (not London),1.92013121705e-05,3.24010852637e-06,2.11119868254e-06
2016,Scotland,5,7.4,70,Petrol Car,Rural (not London),1.33043286041e-05,5.7170227592e-06,3.26032704834e-06
2016,Scotland,5,7.4,70,Plug-In Hybrid Petrol Cars,Rural (not London),6.65210336592e-06,5.61233355256e-06,3.16087243846e-06
2016,Scotland,5,7.4,70,Plug-In Hybrid Petrol LGV,Rural (not London),7.36143965696e-06,7.620125416e-06,4.32175511378e-06
2016,Scotland,5,7.4,70,Rigid HGV,Rural (not London),0.000485411204863,3.06535912387e-05,1.94230942725e-05
2016,Scotland,5,7.4,80,Artic HGV,Rural (not London),0.000537665211596,3.86915962736e-05,2.5751776775e-05
2016,Scotland,5,7.4,80,B100 Artic HGV,Rural (not London),0.000591431744397,3.76456446247e-05,2.47581210715e-05
2016,Scotland,5,7.4,80,B100 Bus,Rural (not London),0.000580285734031,3.0909472116e-05,1.97227436729e-05
2016,Scotland,5,7.4,80,B100 Coach,Rural (not London),0.000756188295782,3.08589878841e-05,1.96747841983e-05
2016,Scotland,5,7.4,80,B100 Rigid HGV,Rural (not London),0.000430979183875,2.95889421977e-05,1.84116779565e-05
2016,Scotland,5,7.4,80,Battery EV Cars,Rural (not London),0.0,5.50764480067e-06,3.06141782858e-06
2016,Scotland,5,7.4,80,Battery EV LGV,Rural (not London),0.0,7.46197929402e-06,4.17151613874e-06
2016,Scotland,5,7.4,80,Biogas Bus,Rural (not London),0.00069444446126,2.41506240855e-05,1.33018365887e-05
2016,Scotland,5,7.4,80,Biomethane Bus,Rural (not London),0.00069444446126,2.41506240855e-05,1.33018365887e-05
2016,Scotland,5,7.4,80,Bus and Coach,Rural (not London),0.000572307675611,3.21754996548e-05,2.09254703805e-05
2016,Scotland,5,7.4,80,CNG Bus,Rural (not London),0.00069444446126,2.41506240855e-05,1.33018365887e-05
2016,Scotland,5,7.4,80,Diesel Car,Rural (not London),0.000133586145239,6.00800149186e-06,3.53675682163e-06
2016,Scotland,5,7.4,80,E85 Bioethanol Cars,Rural (not London),1.34162864924e-05,5.66495054954e-06,3.21085826727e-06
2016,Scotland,5,7.4,80,E85 Bioethanol LGV,Rural (not London),1.4410788026e-05,7.76183696871e-06,4.45638079327e-06
2016,Scotland,5,7.4,80,FCEV Bus,Rural (not London),0.0,2.27617347264e-05,1.1982392607e-05
2016,Scotland,5,7.4,80,FCEV Cars,Rural (not London),0.0,5.50764480067e-06,3.06141782858e-06
2016,Scotland,5,7.4,80,FCEV LGV,Rural (not London),0.0,7.46197929402e-06,4.17151613874e-06
2016,Scotland,5,7.4,80,Full Hybrid Diesel Cars,Rural (not London),0.000133586145239,6.00804924034e-06,3.53680229637e-06
2016,Scotland,5,7.4,80,Full Hybrid Petrol Cars,Rural (not London),9.39201254369e-06,5.70427710045e-06,3.24821849063e-06
2016,Scotland,5,7.4,80,Full Hybrid Petrol LGV,Rural (not London),2.75294019048e-06,7.83764153311e-06,4.52839503851e-06
2016,Scotland,5,7.4,80,Hybrid Bus,Rural (not London),0.000435059482697,3.03017859551e-05,1.9145440092e-05
2016,Scotland,5,7.4,80,LGV,Rural (not London),0.000322401028825,7.797492799e-06,4.49025401394e-06
2016,Scotland,5,7.4,80,LPG Cars,Rural (not London),8.05555555417e-06,5.70292968405e-06,3.24693883158e-06
2016,Scotland,5,7.4,80,LPG LGV,Rural (not London),2.16985772568e-05,7.83764153311e-06,4.52839503851e-06
2016,Scotland,5,7.4,80,Motorcycle,Rural (not London),2.38516404352e-05,3.24010852637e-06,2.11119868254e-06
2016,Scotland,5,7.4,80,Petrol Car,Rural (not London),1.34162864924e-05,5.7042766457e-06,3.24821849063e-06
2016,Scotland,5,7.4,80,Plug-In Hybrid Petrol Cars,Rural (not London),6.7080768531e-06,5.60596072319e-06,3.1548181596e-06
2016,Scotland,5,7.4,80,Plug-In Hybrid Petrol LGV,Rural (not London),7.52708410801e-06,7.64980995882e-06,4.349955816e-06
2016,Scotland,5,7.4,80,Rigid HGV,Rural (not London),0.000391799258068,3.03207816614e-05,1.91069266293e-05
2016,Scotland,5,7.4,90,Artic HGV,Rural (not London),0.000487182638608,3.83960068575e-05,2.54709666478e-05
2016,Scotland,5,7.4,90,B100 Artic HGV,Rural (not London),0.000535900879186,3.73796137865e-05,2.45053925028e-05
2016,Scotland,5,7.4,90,B100 Bus,Rural (not London),0.000608989270404,3.16825025948e-05,2.04571224458e-05
2016,Scotland,5,7.4,90,B100 Coach,Rural (not London),0.000621632556431,3.0297851481e-05,1.91417038877e-05
2016,Scotland,5,7.4,90,B100 Rigid HGV,Rural (not London),0.00039802773972,2.95522768283e-05,1.83768461284e-05
2016,Scotland,5,7.4,90,Battery EV Cars,Rural (not London),0.0,5.50764480067e-06,3.06141782858e-06
2016,Scotland,5,7.4,90,Battery EV LGV,Rural (not London),0.0,7.46197929402e-06,4.17151613874e-06
2016,Scotland,5,7.4,90,Biogas Bus,Rural (not London),0.00069444446126,2.41506240855e-05,1.33018365887e-05
2016,Scotland,5,7.4,90,Biomethane Bus,Rural (not London),0.00069444446126,2.41506240855e-05,1.33018365887e-05
2016,Scotland,5,7.4,90,Bus and Coach,Rural (not London),0.000556844926905,3.25820838043e-05,2.13117255043e-05
2016,Scotland,5,7.4,90,CNG Bus,Rural (not London),0.00069444446126,2.41506240855e-05,1.33018365887e-05
2016,Scotland,5,7.4,90,Diesel Car,Rural (not London),0.000138910341775,5.98752649239e-06,3.51730545844e-06
2016,Scotland,5,7.4,90,E85 Bioethanol Cars,Rural (not London),1.36811295306e-05,5.66120706935e-06,3.20730214298e-06
2016,Scotland,5,7.4,90,E85 Bioethanol LGV,Rural (not London),1.47509035742e-05,7.81949711381e-06,4.51115784017e-06
2016,Scotland,5,7.4,90,FCEV Bus,Rural (not London),0.0,2.27617347264e-05,1.1982392607e-05
2016,Scotland,5,7.4,90,FCEV Cars,Rural (not London),0.0,5.50764480067e-06,3.06141782858e-06
2016,Scotland,5,7.4,90,FCEV LGV,Rural (not London),0.0,7.46197929402e-06,4.17151613874e-06
2016,Scotland,5,7.4,90,Full Hybrid Diesel Cars,Rural (not London),0.000138910341775,5.9875756051e-06,3.51735207005e-06
2016,Scotland,5,7.4,90,Full Hybrid Petrol Cars,Rural (not London),1.23138734125e-05,5.69959775021e-06,3.24377333527e-06
2016,Scotland,5,7.4,90,Full Hybrid Petrol LGV,Rural (not London),3.29507338392e-06,7.91045749793e-06,4.59757029603e-06
2016,Scotland,5,7.4,90,Hybrid Bus,Rural (not London),0.000455785368104,3.10041432385e-05,1.9812679966e-05
2016,Scotland,5,7.4,90,LGV,Rural (not London),0.00036558022839,7.81736525823e-06,4.50913239547e-06
2016,Scotland,5,7.4,90,LPG Cars,Rural (not London),8.88888916961e-06,5.69806798012e-06,3.24232019011e-06
2016,Scotland,5,7.4,90,LPG LGV,Rural (not London),2.10061371035e-05,7.91045749793e-06,4.59757029603e-06
2016,Scotland,5,7.4,90,Motorcycle,Rural (not London),2.97588067042e-05,3.24010852637e-06,2.11119868254e-06
2016,Scotland,5,7.4,90,Petrol Car,Rural (not London),1.36811295306e-05,5.69959775021e-06,3.24377333527e-06
2016,Scotland,5,7.4,90,Plug-In Hybrid Petrol Cars,Rural (not London),1.23128866107e-05,5.68040240978e-06,3.22553773913e-06
2016,Scotland,5,7.4,90,Plug-In Hybrid Petrol LGV,Rural (not London),1.32758132168e-05,7.86560940469e-06,4.55496456198e-06
2016,Scotland,5,7.4,90,Rigid HGV,Rural (not London),0.000361843383871,3.02800435747e-05,1.90682239918e-05
2016,Scotland,5,7.4,100,Artic HGV,Rural (not London),0.000487182638608,3.83960068575e-05,2.54709666478e-05
2016,Scotland,5,7.4,100,B100 Artic HGV,Rural (not London),0.000535900879186,3.73796137865e-05,2.45053925028e-05
2016,Scotland,5,7.4,100,B100 Bus,Rural (not London),0.000608989270404,3.16825025948e-05,2.04571224458e-05
2016,Scotland,5,7.4,100,B100 Coach,Rural (not London),0.000512811006047,2.9889646612e-05,1.87539080798e-05
2016,Scotland,5,7.4,100,B100 Rigid HGV,Rural (not London),0.00039802773972,2.95522768283e-05,1.83768461284e-05
2016,Scotland,5,7.4,100,Battery EV Cars,Rural (not London),0.0,5.50764480067e-06,3.06141782858e-06
2016,Scotland,5,7.4,100,Battery EV LGV,Rural (not London),0.0,7.46197929402e-06,4.17151613874e-06
2016,Scotland,5,7.4,100,Biogas Bus,Rural (not London),0.00069444446126,2.41506240855e-05,1.33018365887e-05
2016,Scotland,5,7.4,100,Biomethane Bus,Rural (not London),0.00069444446126,2.41506240855e-05,1.33018365887e-05
2016,Scotland,5,7.4,100,Bus and Coach,Rural (not London),0.000529144890606,3.24382308463e-05,2.11750630115e-05
2016,Scotland,5,7.4,100,CNG Bus,Rural (not London),0.00069444446126,2.41506240855e-05,1.33018365887e-05
2016,Scotland,5,7.4,100,Diesel Car,Rural (not London),0.000150619103806,5.97368762101e-06,3.5041589399e-06
2016,Scotland,5,7.4,100,E85 Bioethanol Cars,Rural (not London),1.40821530294e-05,5.67647612115e-06,3.22180790135e-06
2016,Scotland,5,7.4,100,E85 Bioethanol LGV,Rural (not London),1.51395024659e-05,7.89255045675e-06,4.58055865238e-06
2016,Scotland,5,7.4,100,FCEV Bus,Rural (not London),0.0,2.27617347264e-05,1.1982392607e-05
2016,Scotland,5,7.4,100,FCEV Cars,Rural (not London),0.0,5.50764480067e-06,3.06141782858e-06
2016,Scotland,5,7.4,100,FCEV LGV,Rural (not London),0.0,7.46197929402e-06,4.17151613874e-06
2016,Scotland,5,7.4,100,Full Hybrid Diesel Cars,Rural (not London),0.000150619103806,5.97373946221e-06,3.50420805262e-06
2016,Scotland,5,7.4,100,Full Hybrid Petrol Cars,Rural (not London),1.2674870959e-05,5.71868440602e-06,3.26190547639e-06
2016,Scotland,5,7.4,100,Full Hybrid Petrol LGV,Rural (not London),3.08757535095e-06,8.00286306912e-06,4.68535517939e-06
2016,Scotland,5,7.4,100,Hybrid Bus,Rural (not London),0.000455785368104,3.10041432385e-05,1.9812679966e-05
2016,Scotland,5,7.4,100,LGV,Rural (not London),0.000439980212832,7.84841449786e-06,4.53862958238e-06
2016,Scotland,5,7.4,100,LPG Cars,Rural (not London),8.88888916961e-06,5.71739292354e-06,3.26067902279e-06
2016,Scotland,5,7.4,100,LPG LGV,Rural (not London),2.51719229709e-05,8.00286306912e-06,4.68535517939e-06
2016,Scotland,5,7.4,100,Motorcycle,Rural (not London),3.68801338482e-05,3.24010852637e-06,2.11119868254e-06
2016,Scotland,5,7.4,100,Petrol Car,Rural (not London),1.40821530294e-05,5.71868395127e-06,3.26190547639e-06
2016,Scotland,5,7.4,100,Plug-In Hybrid Petrol Cars,Rural (not London),1.26737959363e-05,5.69758003621e-06,3.24185657519e-06
2016,Scotland,5,7.4,100,Plug-In Hybrid Petrol LGV,Rural (not London),1.36255521284e-05,7.94877450971e-06,4.63397145722e-06
2016,Scotland,5,7.4,100,Rigid HGV,Rural (not London),0.000361843383871,3.02800435747e-05,1.90682239918e-05
2016,Scotland,5,7.4,110,Artic HGV,Rural (not London),0.000487182638608,3.83960068575e-05,2.54709666478e-05
2016,Scotland,5,7.4,110,B100 Artic HGV,Rural (not London),0.000535900879186,3.73796137865e-05,2.45053925028e-05
2016,Scotland,5,7.4,110,B100 Bus,Rural (not London),0.000608989270404,3.16825025948e-05,2.04571224458e-05
2016,Scotland,5,7.4,110,B100 Coach,Rural (not London),0.000512811006047,2.97962760669e-05,1.86652068805e-05
2016,Scotland,5,7.4,110,B100 Rigid HGV,Rural (not London),0.00039802773972,2.95522768283e-05,1.83768461284e-05
2016,Scotland,5,7.4,110,Battery EV Cars,Rural (not London),0.0,5.50764480067e-06,3.06141782858e-06
2016,Scotland,5,7.4,110,Battery EV LGV,Rural (not London),0.0,7.46197929402e-06,4.17151613874e-06
2016,Scotland,5,7.4,110,Biogas Bus,Rural (not London),0.00069444446126,2.41506240855e-05,1.33018365887e-05
2016,Scotland,5,7.4,110,Biomethane Bus,Rural (not London),0.00069444446126,2.41506240855e-05,1.33018365887e-05
2016,Scotland,5,7.4,110,Bus and Coach,Rural (not London),0.000529144890606,3.24382308463e-05,2.11750630115e-05
2016,Scotland,5,7.4,110,CNG Bus,Rural (not London),0.00069444446126,2.41506240855e-05,1.33018365887e-05
2016,Scotland,5,7.4,110,Diesel Car,Rural (not London),0.000170342624187,5.9654157667e-06,3.49630067831e-06
2016,Scotland,5,7.4,110,E85 Bioethanol Cars,Rural (not London),1.46069596667e-05,5.72929320697e-06,3.27198404193e-06
2016,Scotland,5,7.4,110,E85 Bioethanol LGV,Rural (not London),1.55679717864e-05,7.98820201453e-06,4.67142808702e-06
2016,Scotland,5,7.4,110,FCEV Bus,Rural (not London),0.0,2.27617347264e-05,1.1982392607e-05
2016,Scotland,5,7.4,110,FCEV Cars,Rural (not London),0.0,5.50764480067e-06,3.06141782858e-06
2016,Scotland,5,7.4,110,FCEV LGV,Rural (not London),0.0,7.46197929402e-06,4.17151613874e-06
2016,Scotland,5,7.4,110,Full Hybrid Diesel Cars,Rural (not London),0.000170342624187,5.96547215537e-06,3.49635388375e-06
2016,Scotland,5,7.4,110,Full Hybrid Petrol Cars,Rural (not London),1.3147278878e-05,5.78470553592e-06,3.32462559527e-06
2016,Scotland,5,7.4,110,Full Hybrid Petrol LGV,Rural (not London),2.90915477308e-06,8.12385223981e-06,4.80029575556e-06
2016,Scotland,5,7.4,110,Hybrid Bus,Rural (not London),0.000455785368104,3.10041432385e-05,1.9812679966e-05
2016,Scotland,5,7.4,110,LGV,Rural (not London),0.000552516255993,7.89553087088e-06,4.58339036413e-06
2016,Scotland,5,7.4,110,LPG Cars,Rural (not London),8.88888916961e-06,5.78423987463e-06,3.32418358084e-06
2016,Scotland,5,7.4,110,LPG LGV,Rural (not London),3.14871504088e-05,8.12385223981e-06,4.80029575556e-06
2016,Scotland,5,7.4,110,Motorcycle,Rural (not London),4.27247541666e-05,3.24010852637e-06,2.11119868254e-06
2016,Scotland,5,7.4,110,Petrol Car,Rural (not London),1.46069596667e-05,5.78470553592e-06,3.32462559527e-06
2016,Scotland,5,7.4,110,Plug-In Hybrid Petrol Cars,Rural (not London),1.31461092678e-05,5.75699914407e-06,3.2983048186e-06
2016,Scotland,5,7.4,110,Plug-In Hybrid Petrol LGV,Rural (not London),1.40111742439e-05,8.05766558187e-06,4.73741783935e-06
2016,Scotland,5,7.4,110,Rigid HGV,Rural (not London),0.000361843383871,3.02800435747e-05,1.90682239918e-05
2016,Scotland,5,7.4,120,Artic HGV,Rural (not London),0.000487182638608,3.83960068575e-05,2.54709666478e-05
2016,Scotland,5,7.4,120,B100 Artic HGV,Rural (not London),0.000535900879186,3.73796137865e-05,2.45053925028e-05
2016,Scotland,5,7.4,120,B100 Bus,Rural (not London),0.000608989270404,3.16825025948e-05,2.04571224458e-05
2016,Scotland,5,7.4,120,B100 Coach,Rural (not London),0.000512811006047,2.97962760669e-05,1.86652068805e-05
2016,Scotland,5,7.4,120,B100 Rigid HGV,Rural (not London),0.00039802773972,2.95522768283e-05,1.83768461284e-05
2016,Scotland,5,7.4,120,Battery EV Cars,Rural (not London),0.0,5.50764480067e-06,3.06141782858e-06
2016,Scotland,5,7.4,120,Battery EV LGV,Rural (not London),0.0,7.46197929402e-06,4.17151613874e-06
2016,Scotland,5,7.4,120,Biogas Bus,Rural (not London),0.00069444446126,2.41506240855e-05,1.33018365887e-05
2016,Scotland,5,7.4,120,Biomethane Bus,Rural (not London),0.00069444446126,2.41506240855e-05,1.33018365887e-05
2016,Scotland,5,7.4,120,Bus and Coach,Rural (not London),0.000529144890606,3.24382308463e-05,2.11750630115e-05
2016,Scotland,5,7.4,120,CNG Bus,Rural (not London),0.00069444446126,2.41506240855e-05,1.33018365887e-05
2016,Scotland,5,7.4,120,Diesel Car,Rural (not London),0.000200883136131,5.96195241087e-06,3.49301012648e-06
2016,Scotland,5,7.4,120,E85 Bioethanol Cars,Rural (not London),1.52461270773e-05,5.84400413572e-06,3.38095946972e-06
2016,Scotland,5,7.4,120,E85 Bioethanol LGV,Rural (not London),1.55587495101e-05,8.11663812783e-06,4.79344225823e-06
2016,Scotland,5,7.4,120,FCEV Bus,Rural (not London),0.0,2.27617347264e-05,1.1982392607e-05
2016,Scotland,5,7.4,120,FCEV Cars,Rural (not London),0.0,5.50764480067e-06,3.06141782858e-06
2016,Scotland,5,7.4,120,FCEV LGV,Rural (not London),0.0,7.46197929402e-06,4.17151613874e-06
2016,Scotland,5,7.4,120,Full Hybrid Diesel Cars,Rural (not London),0.000200883136131,5.96201425651e-06,3.49306878888e-06
2016,Scotland,5,7.4,120,Full Hybrid Petrol Cars,Rural (not London),1.37226179504e-05,5.92809419686e-06,3.46084493685e-06
2016,Scotland,5,7.4,120,Full Hybrid Petrol LGV,Rural (not London),2.75405500361e-06,8.28631073091e-06,4.95463109473e-06
2016,Scotland,5,7.4,120,Hybrid Bus,Rural (not London),0.000455785368104,3.10041432385e-05,1.9812679966e-05
2016,Scotland,5,7.4,120,LGV,Rural (not London),0.000690567190759,7.90055491962e-06,4.58816293758e-06
2016,Scotland,5,7.4,120,LPG Cars,Rural (not London),8.88888916961e-06,5.92942205913e-06,3.462106406e-06
2016,Scotland,5,7.4,120,LPG LGV,Rural (not London),3.92788060708e-05,8.28631073091e-06,4.95463109473e-06
2016,Scotland,5,7.4,120,Motorcycle,Rural (not London),4.96181455674e-05,3.24010852637e-06,2.11119868254e-06
2016,Scotland,5,7.4,120,Petrol Car,Rural (not London),1.52461270773e-05,5.92809419686e-06,3.46084493685e-06
2016,Scotland,5,7.4,120,Plug-In Hybrid Petrol Cars,Rural (not London),1.37213464768e-05,5.88604916629e-06,3.42090220329e-06
2016,Scotland,5,7.4,120,Plug-In Hybrid Petrol LGV,Rural (not London),1.40028741953e-05,8.20387776912e-06,4.87631950818e-06
2016,Scotland,5,7.4,120,Rigid HGV,Rural (not London),0.000361843383871,3.02800435747e-05,1.90682239918e-05
2016,Scotland,5,7.4,130,Artic HGV,Rural (not London),0.000487182638608,3.83960068575e-05,2.54709666478e-05
2016,Scotland,5,7.4,130,B100 Artic HGV,Rural (not London),0.000535900879186,3.73796137865e-05,2.45053925028e-05
2016,Scotland,5,7.4,130,B100 Bus,Rural (not London),0.000608989270404,3.16825025948e-05,2.04571224458e-05
2016,Scotland,5,7.4,130,B100 Coach,Rural (not London),0.000512811006047,2.97962760669e-05,1.86652068805e-05
2016,Scotland,5,7.4,130,B100 Rigid HGV,Rural (not London),0.00039802773972,2.95522768283e-05,1.83768461284e-05
2016,Scotland,5,7.4,130,Battery EV Cars,Rural (not London),0.0,5.50764480067e-06,3.06141782858e-06
2016,Scotland,5,7.4,130,Battery EV LGV,Rural (not London),0.0,7.46197929402e-06,4.17151613874e-06
2016,Scotland,5,7.4,130,Biogas Bus,Rural (not London),0.00069444446126,2.41506240855e-05,1.33018365887e-05
2016,Scotland,5,7.4,130,Biomethane Bus,Rural (not London),0.00069444446126,2.41506240855e-05,1.33018365887e-05
2016,Scotland,5,7.4,130,Bus and Coach,Rural (not London),0.000529144890606,3.24382308463e-05,2.11750630115e-05
2016,Scotland,5,7.4,130,CNG Bus,Rural (not London),0.00069444446126,2.41506240855e-05,1.33018365887e-05
2016,Scotland,5,7.4,130,Diesel Car,Rural (not London),0.000247190648224,5.96274276177e-06,3.49376091435e-06
2016,Scotland,5,7.4,130,E85 Bioethanol Cars,Rural (not London),1.59923492902e-05,6.0510910771e-06,3.57769204129e-06
2016,Scotland,5,7.4,130,E85 Bioethanol LGV,Rural (not London),1.56771038746e-05,8.29263626656e-06,4.96064012623e-06
2016,Scotland,5,7.4,130,FCEV Bus,Rural (not London),0.0,2.27617347264e-05,1.1982392607e-05
2016,Scotland,5,7.4,130,FCEV Cars,Rural (not London),0.0,5.50764480067e-06,3.06141782858e-06
2016,Scotland,5,7.4,130,FCEV LGV,Rural (not London),0.0,7.46197929402e-06,4.17151613874e-06
2016,Scotland,5,7.4,130,Full Hybrid Diesel Cars,Rural (not London),0.000247190648224,5.96281142862e-06,3.4938261706e-06
2016,Scotland,5,7.4,130,Full Hybrid Petrol Cars,Rural (not London),1.4394313439e-05,6.18695230514e-06,3.70676002603e-06
2016,Scotland,5,7.4,130,Full Hybrid Petrol LGV,Rural (not London),2.70791110779e-06,8.50893047755e-06,5.16611999046e-06
2016,Scotland,5,7.4,130,Hybrid Bus,Rural (not London),0.000455785368104,3.10041432385e-05,1.9812679966e-05
2016,Scotland,5,7.4,130,LGV,Rural (not London),0.000810854311567,7.90777176007e-06,4.59501916339e-06
2016,Scotland,5,7.4,130,LPG Cars,Rural (not London),8.88888916961e-06,6.1915175138e-06,3.71109717889e-06
2016,Scotland,5,7.4,130,LPG LGV,Rural (not London),4.62031202915e-05,8.50893047755e-06,5.16611999046e-06
2016,Scotland,5,7.4,130,Motorcycle,Rural (not London),5.76229504077e-05,3.24010852637e-06,2.11119868254e-06
2016,Scotland,5,7.4,130,Petrol Car,Rural (not London),1.59923492902e-05,6.18695275989e-06,3.70676048078e-06
2016,Scotland,5,7.4,130,Plug-In Hybrid Petrol Cars,Rural (not London),1.4392932826e-05,6.11902169112e-06,3.64222637472e-06
2016,Scotland,5,7.4,130,Plug-In Hybrid Petrol LGV,Rural (not London),1.41093942148e-05,8.40423581394e-06,5.06665946887e-06
2016,Scotland,5,7.4,130,Rigid HGV,Rural (not London),0.000361843383871,3.02800435747e-05,1.90682239918e-05
2016,Scotland,5,7.4,140,Artic HGV,Rural (not London),0.000487182638608,3.83960068575e-05,2.54709666478e-05
2016,Scotland,5,7.4,140,B100 Artic HGV,Rural (not London),0.000535900879186,3.73796137865e-05,2.45053925028e-05
2016,Scotland,5,7.4,140,B100 Bus,Rural (not London),0.000608989270404,3.16825025948e-05,2.04571224458e-05
2016,Scotland,5,7.4,140,B100 Coach,Rural (not London),0.000512811006047,2.97962760669e-05,1.86652068805e-05
2016,Scotland,5,7.4,140,B100 Rigid HGV,Rural (not London),0.00039802773972,2.95522768283e-05,1.83768461284e-05
2016,Scotland,5,7.4,140,Battery EV Cars,Rural (not London),0.0,5.50764480067e-06,3.06141782858e-06
2016,Scotland,5,7.4,140,Battery EV LGV,Rural (not London),0.0,7.46197929402e-06,4.17151613874e-06
2016,Scotland,5,7.4,140,Biogas Bus,Rural (not London),0.00069444446126,2.41506240855e-05,1.33018365887e-05
2016,Scotland,5,7.4,140,Biomethane Bus,Rural (not London),0.00069444446126,2.41506240855e-05,1.33018365887e-05
2016,Scotland,5,7.4,140,Bus and Coach,Rural (not London),0.000529144890606,3.24382308463e-05,2.11750630115e-05
2016,Scotland,5,7.4,140,CNG Bus,Rural (not London),0.00069444446126,2.41506240855e-05,1.33018365887e-05
2016,Scotland,5,7.4,140,Diesel Car,Rural (not London),0.000247190648224,5.96274276177e-06,3.49376091435e-06
2016,Scotland,5,7.4,140,E85 Bioethanol Cars,Rural (not London),1.59923492902e-05,6.0510910771e-06,3.57769204129e-06
2016,Scotland,5,7.4,140,E85 Bioethanol LGV,Rural (not London),1.56771038746e-05,8.48163290357e-06,5.14018665854e-06
2016,Scotland,5,7.4,140,FCEV Bus,Rural (not London),0.0,2.27617347264e-05,1.1982392607e-05
2016,Scotland,5,7.4,140,FCEV Cars,Rural (not London),0.0,5.50764480067e-06,3.06141782858e-06
2016,Scotland,5,7.4,140,FCEV LGV,Rural (not London),0.0,7.46197929402e-06,4.17151613874e-06
2016,Scotland,5,7.4,140,Full Hybrid Diesel Cars,Rural (not London),0.000247190648224,5.96281142862e-06,3.4938261706e-06
2016,Scotland,5,7.4,140,Full Hybrid Petrol Cars,Rural (not London),1.4394313439e-05,6.18695230514e-06,3.70676002603e-06
2016,Scotland,5,7.4,140,Full Hybrid Petrol LGV,Rural (not London),2.70791110779e-06,8.7479920694e-06,5.39322809345e-06
2016,Scotland,5,7.4,140,Hybrid Bus,Rural (not London),0.000455785368104,3.10041432385e-05,1.9812679966e-05
2016,Scotland,5,7.4,140,LGV,Rural (not London),0.000870337127708,7.91550155554e-06,4.60236242361e-06
2016,Scotland,5,7.4,140,LPG Cars,Rural (not London),8.88888916961e-06,6.1915175138e-06,3.71109717889e-06
2016,Scotland,5,7.4,140,LPG LGV,Rural (not London),4.99610869156e-05,8.7479920694e-06,5.39322809345e-06
2016,Scotland,5,7.4,140,Motorcycle,Rural (not London),6.67788845021e-05,3.24010852637e-06,2.11119868254e-06
2016,Scotland,5,7.4,140,Petrol Car,Rural (not London),1.59923492902e-05,6.18695275989e-06,3.70676048078e-06
2016,Scotland,5,7.4,140,Plug-In Hybrid Petrol Cars,Rural (not London),1.4392932826e-05,6.11902169112e-06,3.64222637472e-06
2016,Scotland,5,7.4,140,Plug-In Hybrid Petrol LGV,Rural (not London),1.41093942148e-05,8.61939042807e-06,5.27105703441e-06
2016,Scotland,5,7.4,140,Rigid HGV,Rural (not London),0.000361843383871,3.02800435747e-05,1.90682239918e-05
2016,Scotland,5,7.4,5,Artic HGV,Urban (not London),0.00883572269231,7.79648835305e-05,5.88120201428e-05
2016,Scotland,5,7.4,5,B100 Artic HGV,Urban (not London),0.00971929449588,7.38946837373e-05,5.4945332522e-05
2016,Scotland,5,7.4,5,B100 Bus,Urban (not London),0.00611911341548,5.26460753463e-05,3.60143967555e-05
2016,Scotland,5,7.4,5,B100 Coach,Urban (not London),0.0135699622333,6.52221642667e-05,4.7961682867e-05
2016,Scotland,5,7.4,5,B100 Rigid HGV,Urban (not London),0.00614522211254,5.16851287102e-05,3.54736657755e-05
2016,Scotland,5,7.4,5,Battery EV Cars,Urban (not London),0.0,7.75497937866e-06,4.12188956034e-06
2016,Scotland,5,7.4,5,Battery EV LGV,Urban (not London),0.0,1.09782886284e-05,5.83317932978e-06
2016,Scotland,5,7.4,5,Biogas Bus,Urban (not London),0.00069444446126,3.27659035975e-05,1.71282354131e-05
2016,Scotland,5,7.4,5,Biomethane Bus,Urban (not London),0.00069444446126,3.27659035975e-05,1.71282354131e-05
2016,Scotland,5,7.4,5,Bus and Coach,Urban (not London),0.00745941000059,6.03416337981e-05,4.33251807408e-05
2016,Scotland,5,7.4,5,CNG Bus,Urban (not London),0.00069444446126,3.27659035975e-05,1.71282354131e-05
2016,Scotland,5,7.4,5,Diesel Car,Urban (not London),0.00027608484379,9.16134649742e-06,5.45793864148e-06
2016,Scotland,5,7.4,5,E85 Bioethanol Cars,Urban (not London),2.08237343031e-05,8.06399839348e-06,4.41545762442e-06
2016,Scotland,5,7.4,5,E85 Bioethanol LGV,Urban (not London),1.69553404703e-05,1.11507642941e-05,5.99703071202e-06
2016,Scotland,5,7.4,5,FCEV Bus,Urban (not London),0.0,3.13770142384e-05,1.58087914315e-05
2016,Scotland,5,7.4,5,FCEV Cars,Urban (not London),0.0,7.75497937866e-06,4.12188956034e-06
2016,Scotland,5,7.4,5,FCEV LGV,Urban (not London),0.0,1.09782886284e-05,5.83317932978e-06
2016,Scotland,5,7.4,5,Full Hybrid Diesel Cars,Urban (not London),0.00027608484379,9.16142107599e-06,5.45800912732e-06
2016,Scotland,5,7.4,5,Full Hybrid Petrol Cars,Urban (not London),1.04121281765e-05,8.14125269244e-06,4.48884975413e-06
2016,Scotland,5,7.4,5,Full Hybrid Petrol LGV,Urban (not London),5.29644285052e-06,1.11901044875e-05,6.03440412306e-06
2016,Scotland,5,7.4,5,Hybrid Bus,Urban (not London),0.00397092988715,5.11762082169e-05,3.4618027712e-05
2016,Scotland,5,7.4,5,LGV,Urban (not London),0.000589938368648,1.23804165924e-05,7.16520071364e-06
2016,Scotland,5,7.4,5,LPG Cars,Urban (not London),8.6111112978e-06,8.1394227891e-06,4.48711080026e-06
2016,Scotland,5,7.4,5,LPG LGV,Urban (not London),5.21353722434e-05,1.11901044875e-05,6.03440412306e-06
2016,Scotland,5,7.4,5,Motorcycle,Urban (not London),1.90793853108e-05,4.34793582826e-06,2.63582251137e-06
2016,Scotland,5,7.4,5,Petrol Car,Urban (not London),2.08237343031e-05,8.14125269244e-06,4.48884929938e-06
2016,Scotland,5,7.4,5,Plug-In Hybrid Petrol Cars,Urban (not London),2.08236565413e-06,7.79360652814e-06,4.15858585257e-06
2016,Scotland,5,7.4,5,Plug-In Hybrid Petrol LGV,Urban (not London),2.04353818845e-06,1.09994698505e-05,5.85330190006e-06
2016,Scotland,5,7.4,5,Rigid HGV,Urban (not London),0.00558656547219,5.40108885616e-05,3.76831376343e-05
2016,Scotland,5,7.4,6,Artic HGV,Urban (not London),0.00786096788943,7.79648835305e-05,5.88120201428e-05
2016,Scotland,5,7.4,6,B100 Artic HGV,Urban (not London),0.00864706467837,7.38946837373e-05,5.4945332522e-05
2016,Scotland,5,7.4,6,B100 Bus,Urban (not London),0.0054235891439,5.26460753463e-05,3.60143967555e-05
2016,Scotland,5,7.4,6,B100 Coach,Urban (not London),0.0116242626682,6.52221642667e-05,4.7961682867e-05
2016,Scotland,5,7.4,6,B100 Rigid HGV,Urban (not London),0.00547657068819,5.16851287102e-05,3.54736657755e-05
2016,Scotland,5,7.4,6,Battery EV Cars,Urban (not London),0.0,7.75497937866e-06,4.12188956034e-06
2016,Scotland,5,7.4,6,Battery EV LGV,Urban (not London),0.0,1.09782886284e-05,5.83317932978e-06
2016,Scotland,5,7.4,6,Biogas Bus,Urban (not London),0.00069444446126,3.27659035975e-05,1.71282354131e-05
2016,Scotland,5,7.4,6,Biomethane Bus,Urban (not London),0.00069444446126,3.27659035975e-05,1.71282354131e-05
2016,Scotland,5,7.4,6,Bus and Coach,Urban (not London),0.00650888867676,6.03416337981e-05,4.33251807408e-05
2016,Scotland,5,7.4,6,CNG Bus,Urban (not London),0.00069444446126,3.27659035975e-05,1.71282354131e-05
2016,Scotland,5,7.4,6,Diesel Car,Urban (not London),0.00027608484379,9.16134649742e-06,5.45793864148e-06
2016,Scotland,5,7.4,6,E85 Bioethanol Cars,Urban (not London),2.04004136322e-05,8.06399839348e-06,4.41545762442e-06
2016,Scotland,5,7.4,6,E85 Bioethanol LGV,Urban (not London),1.67692087416e-05,1.11457429739e-05,5.99226086706e-06
2016,Scotland,5,7.4,6,FCEV Bus,Urban (not London),0.0,3.13770142384e-05,1.58087914315e-05
2016,Scotland,5,7.4,6,FCEV Cars,Urban (not London),0.0,7.75497937866e-06,4.12188956034e-06
2016,Scotland,5,7.4,6,FCEV LGV,Urban (not London),0.0,1.09782886284e-05,5.83317932978e-06
2016,Scotland,5,7.4,6,Full Hybrid Diesel Cars,Urban (not London),0.00027608484379,9.16142107599e-06,5.45800912732e-06
2016,Scotland,5,7.4,6,Full Hybrid Petrol Cars,Urban (not London),1.02004678411e-05,8.14125269244e-06,4.48884975413e-06
2016,Scotland,5,7.4,6,Full Hybrid Petrol LGV,Urban (not London),5.20226740264e-06,1.1183753486e-05,6.0283705352e-06
2016,Scotland,5,7.4,6,Hybrid Bus,Urban (not London),0.00343760405667,5.11762082169e-05,3.4618027712e-05
2016,Scotland,5,7.4,6,LGV,Urban (not London),0.00053610879695,1.22137735161e-05,7.00689042787e-06
2016,Scotland,5,7.4,6,LPG Cars,Urban (not London),8.6111112978e-06,8.1394227891e-06,4.48711080026e-06
2016,Scotland,5,7.4,6,LPG LGV,Urban (not London),4.74792796012e-05,1.1183753486e-05,6.0283705352e-06
2016,Scotland,5,7.4,6,Motorcycle,Urban (not London),1.90793853108e-05,4.34793582826e-06,2.63582251137e-06
2016,Scotland,5,7.4,6,Petrol Car,Urban (not London),2.04004136322e-05,8.14125269244e-06,4.48884929938e-06
2016,Scotland,5,7.4,6,Plug-In Hybrid Petrol Cars,Urban (not London),2.04003345061e-06,7.79360652814e-06,4.15858585257e-06
2016,Scotland,5,7.4,6,Plug-In Hybrid Petrol LGV,Urban (not London),2.02492492463e-06,1.09988350232e-05,5.85269845033e-06
2016,Scotland,5,7.4,6,Rigid HGV,Urban (not London),0.00497870054096,5.40108885616e-05,3.76831376343e-05
2016,Scotland,5,7.4,7,Artic HGV,Urban (not London),0.00706441095099,7.79648835305e-05,5.88120201428e-05
2016,Scotland,5,7.4,7,B100 Artic HGV,Urban (not London),0.00777085218579,7.38946837373e-05,5.4945332522e-05
2016,Scotland,5,7.4,7,B100 Bus,Urban (not London),0.00488929543644,5.26460753463e-05,3.60143967555e-05
2016,Scotland,5,7.4,7,B100 Coach,Urban (not London),0.0102018723264,6.52221642667e-05,4.7961682867e-05
2016,Scotland,5,7.4,7,B100 Rigid HGV,Urban (not London),0.00495836371556,5.16851287102e-05,3.54736657755e-05
2016,Scotland,5,7.4,7,Battery EV Cars,Urban (not London),0.0,7.75497937866e-06,4.12188956034e-06
2016,Scotland,5,7.4,7,Battery EV LGV,Urban (not London),0.0,1.09782886284e-05,5.83317932978e-06
2016,Scotland,5,7.4,7,Biogas Bus,Urban (not London),0.00069444446126,3.27659035975e-05,1.71282354131e-05
2016,Scotland,5,7.4,7,Biomethane Bus,Urban (not London),0.00069444446126,3.27659035975e-05,1.71282354131e-05
2016,Scotland,5,7.4,7,Bus and Coach,Urban (not London),0.005797106307,6.03416337981e-05,4.33251807408e-05
2016,Scotland,5,7.4,7,CNG Bus,Urban (not London),0.00069444446126,3.27659035975e-05,1.71282354131e-05
2016,Scotland,5,7.4,7,Diesel Car,Urban (not London),0.00027608484379,9.16134649742e-06,5.45793864148e-06
2016,Scotland,5,7.4,7,E85 Bioethanol Cars,Urban (not London),1.99732930923e-05,8.06399839348e-06,4.41545762442e-06
2016,Scotland,5,7.4,7,E85 Bioethanol LGV,Urban (not London),1.65581313922e-05,1.11401459435e-05,5.98694350629e-06
2016,Scotland,5,7.4,7,FCEV Bus,Urban (not London),0.0,3.13770142384e-05,1.58087914315e-05
2016,Scotland,5,7.4,7,FCEV Cars,Urban (not London),0.0,7.75497937866e-06,4.12188956034e-06
2016,Scotland,5,7.4,7,FCEV LGV,Urban (not London),0.0,1.09782886284e-05,5.83317932978e-06
2016,Scotland,5,7.4,7,Full Hybrid Diesel Cars,Urban (not London),0.00027608484379,9.16142107599e-06,5.45800912732e-06
2016,Scotland,5,7.4,7,Full Hybrid Petrol Cars,Urban (not London),9.98690848064e-06,8.14125269244e-06,4.48884975413e-06
2016,Scotland,5,7.4,7,Full Hybrid Petrol LGV,Urban (not London),5.09547135152e-06,1.11766739792e-05,6.02164482189e-06
2016,Scotland,5,7.4,7,Hybrid Bus,Urban (not London),0.00304097239859,5.11762082169e-05,3.4618027712e-05
2016,Scotland,5,7.4,7,LGV,Urban (not London),0.00049751723418,1.20970735225e-05,6.89602484272e-06
2016,Scotland,5,7.4,7,LPG Cars,Urban (not London),8.6111112978e-06,8.1394227891e-06,4.48711080026e-06
2016,Scotland,5,7.4,7,LPG LGV,Urban (not London),4.41319134552e-05,1.11766739792e-05,6.02164482189e-06
2016,Scotland,5,7.4,7,Motorcycle,Urban (not London),1.90793853108e-05,4.34793582826e-06,2.63582251137e-06
2016,Scotland,5,7.4,7,Petrol Car,Urban (not London),1.99732930923e-05,8.14125269244e-06,4.48884929938e-06
2016,Scotland,5,7.4,7,Plug-In Hybrid Petrol Cars,Urban (not London),1.99732130568e-06,7.79360652814e-06,4.15858585257e-06
2016,Scotland,5,7.4,7,Plug-In Hybrid Petrol LGV,Urban (not London),2.00381714421e-06,1.09981274363e-05,5.85202587899e-06
2016,Scotland,5,7.4,7,Rigid HGV,Urban (not London),0.00450760312378,5.40108885616e-05,3.76831376343e-05
2016,Scotland,5,7.4,8,Artic HGV,Urban (not London),0.00640252884477,7.79648835305e-05,5.88120201428e-05
2016,Scotland,5,7.4,8,B100 Artic HGV,Urban (not London),0.00704278144985,7.38946837373e-05,5.4945332522e-05
2016,Scotland,5,7.4,8,B100 Bus,Urban (not London),0.00446144538,5.26460753463e-05,3.60143967555e-05
2016,Scotland,5,7.4,8,B100 Coach,Urban (not London),0.00910649634898,6.52221642667e-05,4.7961682867e-05
2016,Scotland,5,7.4,8,B100 Rigid HGV,Urban (not London),0.00453763082623,5.16851287102e-05,3.54736657755e-05
2016,Scotland,5,7.4,8,Battery EV Cars,Urban (not London),0.0,7.75497937866e-06,4.12188956034e-06
2016,Scotland,5,7.4,8,Battery EV LGV,Urban (not London),0.0,1.09782886284e-05,5.83317932978e-06
2016,Scotland,5,7.4,8,Biogas Bus,Urban (not London),0.00069444446126,3.27659035975e-05,1.71282354131e-05
2016,Scotland,5,7.4,8,Biomethane Bus,Urban (not London),0.00069444446126,3.27659035975e-05,1.71282354131e-05
2016,Scotland,5,7.4,8,Bus and Coach,Urban (not London),0.00523823592812,6.03416337981e-05,4.33251807408e-05
2016,Scotland,5,7.4,8,CNG Bus,Urban (not London),0.00069444446126,3.27659035975e-05,1.71282354131e-05
2016,Scotland,5,7.4,8,Diesel Car,Urban (not London),0.00027608484379,9.16134649742e-06,5.45793864148e-06
2016,Scotland,5,7.4,8,E85 Bioethanol Cars,Urban (not London),1.95655466086e-05,8.06399839348e-06,4.41545762442e-06
2016,Scotland,5,7.4,8,E85 Bioethanol LGV,Urban (not London),1.63396907737e-05,1.11350564111e-05,5.98210863245e-06
2016,Scotland,5,7.4,8,FCEV Bus,Urban (not London),0.0,3.13770142384e-05,1.58087914315e-05
2016,Scotland,5,7.4,8,FCEV Cars,Urban (not London),0.0,7.75497937866e-06,4.12188956034e-06
2016,Scotland,5,7.4,8,FCEV LGV,Urban (not London),0.0,1.09782886284e-05,5.83317932978e-06
2016,Scotland,5,7.4,8,Full Hybrid Diesel Cars,Urban (not London),0.00027608484379,9.16142107599e-06,5.45800912732e-06
2016,Scotland,5,7.4,8,Full Hybrid Petrol Cars,Urban (not London),9.7830352388e-06,8.14125269244e-06,4.48884975413e-06
2016,Scotland,5,7.4,8,Full Hybrid Petrol LGV,Urban (not London),4.98494864587e-06,1.11702356662e-05,6.01552892476e-06
2016,Scotland,5,7.4,8,Hybrid Bus,Urban (not London),0.00274155149236,5.11762082169e-05,3.4618027712e-05
2016,Scotland,5,7.4,8,LGV,Urban (not London),0.000468452577479,1.20086897368e-05,6.81206029185e-06
2016,Scotland,5,7.4,8,LPG Cars,Urban (not London),8.6111112978e-06,8.1394227891e-06,4.48711080026e-06
2016,Scotland,5,7.4,8,LPG LGV,Urban (not London),4.16030597989e-05,1.11702356662e-05,6.01552892476e-06
2016,Scotland,5,7.4,8,Motorcycle,Urban (not London),1.90793853108e-05,4.34793582826e-06,2.63582251137e-06
2016,Scotland,5,7.4,8,Petrol Car,Urban (not London),1.95655466086e-05,8.14125269244e-06,4.48884929938e-06
2016,Scotland,5,7.4,8,Plug-In Hybrid Petrol Cars,Urban (not London),1.95654683921e-06,7.79360652814e-06,4.15858585257e-06
2016,Scotland,5,7.4,8,Plug-In Hybrid Petrol LGV,Urban (not London),1.98197312784e-06,1.09974835141e-05,5.85141424381e-06
2016,Scotland,5,7.4,8,Rigid HGV,Urban (not London),0.00412511918694,5.40108885616e-05,3.76831376343e-05
2016,Scotland,5,7.4,9,Artic HGV,Urban (not London),0.00584528082982,7.79648835305e-05,5.88120201428e-05
2016,Scotland,5,7.4,9,B100 Artic HGV,Urban (not London),0.00642980914563,7.38946837373e-05,5.4945332522e-05
2016,Scotland,5,7.4,9,B100 Bus,Urban (not London),0.0041081905365,5.26460753463e-05,3.60143967555e-05
2016,Scotland,5,7.4,9,B100 Coach,Urban (not London),0.00823059491813,6.52221642667e-05,4.7961682867e-05
2016,Scotland,5,7.4,9,B100 Rigid HGV,Urban (not London),0.00418684724718,5.16851287102e-05,3.54736657755e-05
2016,Scotland,5,7.4,9,Battery EV Cars,Urban (not London),0.0,7.75497937866e-06,4.12188956034e-06
2016,Scotland,5,7.4,9,Battery EV LGV,Urban (not London),0.0,1.09782886284e-05,5.83317932978e-06
2016,Scotland,5,7.4,9,Biogas Bus,Urban (not London),0.00069444446126,3.27659035975e-05,1.71282354131e-05
2016,Scotland,5,7.4,9,Biomethane Bus,Urban (not London),0.00069444446126,3.27659035975e-05,1.71282354131e-05
2016,Scotland,5,7.4,9,Bus and Coach,Urban (not London),0.00478405784816,6.03416337981e-05,4.33251807408e-05
2016,Scotland,5,7.4,9,CNG Bus,Urban (not London),0.00069444446126,3.27659035975e-05,1.71282354131e-05
2016,Scotland,5,7.4,9,Diesel Car,Urban (not London),0.00027608484379,9.16134649742e-06,5.45793864148e-06
2016,Scotland,5,7.4,9,E85 Bioethanol Cars,Urban (not London),1.91828112293e-05,8.06399839348e-06,4.41545762442e-06
2016,Scotland,5,7.4,9,E85 Bioethanol LGV,Urban (not London),1.61218922585e-05,1.11307372208e-05,5.9780054471e-06
2016,Scotland,5,7.4,9,FCEV Bus,Urban (not London),0.0,3.13770142384e-05,1.58087914315e-05
2016,Scotland,5,7.4,9,FCEV Cars,Urban (not London),0.0,7.75497937866e-06,4.12188956034e-06
2016,Scotland,5,7.4,9,FCEV LGV,Urban (not London),0.0,1.09782886284e-05,5.83317932978e-06
2016,Scotland,5,7.4,9,Full Hybrid Diesel Cars,Urban (not London),0.00027608484379,9.16142107599e-06,5.45800912732e-06
2016,Scotland,5,7.4,9,Full Hybrid Petrol Cars,Urban (not London),9.59166663961e-06,8.14125269244e-06,4.48884975413e-06
2016,Scotland,5,7.4,9,Full Hybrid Petrol LGV,Urban (not London),4.87475108457e-06,1.11647723315e-05,6.01033889325e-06
2016,Scotland,5,7.4,9,Hybrid Bus,Urban (not London),0.00250743003562,5.11762082169e-05,3.4618027712e-05
2016,Scotland,5,7.4,9,LGV,Urban (not London),0.000445742101874,1.19390952023e-05,6.74594502925e-06
2016,Scotland,5,7.4,9,LPG Cars,Urban (not London),8.6111112978e-06,8.1394227891e-06,4.48711080026e-06
2016,Scotland,5,7.4,9,LPG LGV,Urban (not London),3.9620368625e-05,1.11647723315e-05,6.01033889325e-06
2016,Scotland,5,7.4,9,Motorcycle,Urban (not London),1.90793853108e-05,4.34793582826e-06,2.63582251137e-06
2016,Scotland,5,7.4,9,Petrol Car,Urban (not London),1.91828112293e-05,8.14125269244e-06,4.48884929938e-06
2016,Scotland,5,7.4,9,Plug-In Hybrid Petrol Cars,Urban (not London),1.91827302842e-06,7.79360652814e-06,4.15858585257e-06
2016,Scotland,5,7.4,9,Plug-In Hybrid Petrol LGV,Urban (not London),1.96019323084e-06,1.09969369078e-05,5.85089537708e-06
2016,Scotland,5,7.4,9,Rigid HGV,Urban (not London),0.00380622479133,5.40108885616e-05,3.76831376343e-05
2016,Scotland,5,7.4,10,Artic HGV,Urban (not London),0.00537062203512,7.79648835305e-05,5.88120201428e-05
2016,Scotland,5,7.4,10,B100 Artic HGV,Urban (not London),0.00590768409893,7.38946837373e-05,5.4945332522e-05
2016,Scotland,5,7.4,10,B100 Bus,Urban (not London),0.00380965042859,5.26460753463e-05,3.60143967555e-05
2016,Scotland,5,7.4,10,B100 Coach,Urban (not London),0.00750999338925,6.52221642667e-05,4.7961682867e-05
2016,Scotland,5,7.4,10,B100 Rigid HGV,Urban (not London),0.00388859957457,5.16851287102e-05,3.54736657755e-05
2016,Scotland,5,7.4,10,Battery EV Cars,Urban (not London),0.0,7.75497937866e-06,4.12188956034e-06
2016,Scotland,5,7.4,10,Battery EV LGV,Urban (not London),0.0,1.09782886284e-05,5.83317932978e-06
2016,Scotland,5,7.4,10,Biogas Bus,Urban (not London),0.00069444446126,3.27659035975e-05,1.71282354131e-05
2016,Scotland,5,7.4,10,Biomethane Bus,Urban (not London),0.00069444446126,3.27659035975e-05,1.71282354131e-05
2016,Scotland,5,7.4,10,Bus and Coach,Urban (not London),0.00440522423014,6.03416337981e-05,4.33251807408e-05
2016,Scotland,5,7.4,10,CNG Bus,Urban (not London),0.00069444446126,3.27659035975e-05,1.71282354131e-05
2016,Scotland,5,7.4,10,Diesel Car,Urban (not London),0.00027608484379,9.16134649742e-06,5.45793864148e-06
2016,Scotland,5,7.4,10,E85 Bioethanol Cars,Urban (not London),1.88249650819e-05,8.06399839348e-06,4.41545762442e-06
2016,Scotland,5,7.4,10,E85 Bioethanol LGV,Urban (not London),1.59085084306e-05,1.112719292e-05,5.97463849772e-06
2016,Scotland,5,7.4,10,FCEV Bus,Urban (not London),0.0,3.13770142384e-05,1.58087914315e-05
2016,Scotland,5,7.4,10,FCEV Cars,Urban (not London),0.0,7.75497937866e-06,4.12188956034e-06
2016,Scotland,5,7.4,10,FCEV LGV,Urban (not London),0.0,1.09782886284e-05,5.83317932978e-06
2016,Scotland,5,7.4,10,Full Hybrid Diesel Cars,Urban (not London),0.00027608484379,9.16142107599e-06,5.45800912732e-06
2016,Scotland,5,7.4,10,Full Hybrid Petrol Cars,Urban (not London),9.41274447541e-06,8.14125269244e-06,4.48884975413e-06
2016,Scotland,5,7.4,10,Full Hybrid Petrol LGV,Urban (not London),4.76678815176e-06,1.11602894322e-05,6.00608018431e-06
2016,Scotland,5,7.4,10,Hybrid Bus,Urban (not London),0.00231695338152,5.11762082169e-05,3.4618027712e-05
2016,Scotland,5,7.4,10,LGV,Urban (not London),0.000427482154919,1.18827920232e-05,6.69245764584e-06
2016,Scotland,5,7.4,10,LPG Cars,Urban (not London),8.6111112978e-06,8.1394227891e-06,4.48711080026e-06
2016,Scotland,5,7.4,10,LPG LGV,Urban (not London),3.80204292014e-05,1.11602894322e-05,6.00608018431e-06
2016,Scotland,5,7.4,10,Motorcycle,Urban (not London),1.90793853108e-05,4.34793582826e-06,2.63582251137e-06
2016,Scotland,5,7.4,10,Petrol Car,Urban (not London),1.88249650819e-05,8.14125269244e-06,4.48884929938e-06
2016,Scotland,5,7.4,10,Plug-In Hybrid Petrol Cars,Urban (not London),1.88248850463e-06,7.79360652814e-06,4.15858585257e-06
2016,Scotland,5,7.4,10,Plug-In Hybrid Petrol LGV,Urban (not London),1.93885489352e-06,1.09964885269e-05,5.85046927881e-06
2016,Scotland,5,7.4,10,Rigid HGV,Urban (not London),0.00353509071283,5.40108885616e-05,3.76831376343e-05
2016,Scotland,5,7.4,12,Artic HGV,Urban (not London),0.00460696173832,7.31662512408e-05,5.42533198313e-05
2016,Scotland,5,7.4,12,B100 Artic HGV,Urban (not London),0.00506765814498,6.95759154041e-05,5.08425000589e-05
2016,Scotland,5,7.4,12,B100 Bus,Urban (not London),0.0033283426892,5.0481659855e-05,3.39582038578e-05
2016,Scotland,5,7.4,12,B100 Coach,Urban (not London),0.00638587819412,6.32153387414e-05,4.60551964352e-05
2016,Scotland,5,7.4,12,B100 Rigid HGV,Urban (not London),0.00340594886802,4.9441230658e-05,3.33419629897e-05
2016,Scotland,5,7.4,12,Battery EV Cars,Urban (not London),0.0,7.75497937866e-06,4.12188956034e-06
2016,Scotland,5,7.4,12,Battery EV LGV,Urban (not London),0.0,1.09782886284e-05,5.83317932978e-06
2016,Scotland,5,7.4,12,Biogas Bus,Urban (not London),0.00069444446126,3.27659035975e-05,1.71282354131e-05
2016,Scotland,5,7.4,12,Biomethane Bus,Urban (not London),0.00069444446126,3.27659035975e-05,1.71282354131e-05
2016,Scotland,5,7.4,12,Bus and Coach,Urban (not London),0.00380404782481,5.70386910113e-05,4.01873840019e-05
2016,Scotland,5,7.4,12,CNG Bus,Urban (not London),0.00069444446126,3.27659035975e-05,1.71282354131e-05
2016,Scotland,5,7.4,12,Diesel Car,Urban (not London),0.000260619359324,9.04020362213e-06,5.34285300091e-06
2016,Scotland,5,7.4,12,E85 Bioethanol Cars,Urban (not London),1.82245676115e-05,8.04611590866e-06,4.39846917288e-06
2016,Scotland,5,7.4,12,E85 Bioethanol LGV,Urban (not London),1.56105834321e-05,1.11190975076e-05,5.96694735577e-06
2016,Scotland,5,7.4,12,FCEV Bus,Urban (not London),0.0,3.13770142384e-05,1.58087914315e-05
2016,Scotland,5,7.4,12,FCEV Cars,Urban (not London),0.0,7.75497937866e-06,4.12188956034e-06
2016,Scotland,5,7.4,12,FCEV LGV,Urban (not London),0.0,1.09782886284e-05,5.83317932978e-06
2016,Scotland,5,7.4,12,Full Hybrid Diesel Cars,Urban (not London),0.000260619359324,9.04027729121e-06,5.34292257726e-06
2016,Scotland,5,7.4,12,Full Hybrid Petrol Cars,Urban (not London),9.11254846869e-06,8.11890004115e-06,4.46761441708e-06
2016,Scotland,5,7.4,12,Full Hybrid Petrol LGV,Urban (not London),4.56042153019e-06,1.11500485218e-05,5.99635131948e-06
2016,Scotland,5,7.4,12,Hybrid Bus,Urban (not London),0.00201882841066,4.91463833896e-05,3.26896915794e-05
2016,Scotland,5,7.4,12,LGV,Urban (not London),0.000399875745643,1.17823929031e-05,6.59707802697e-06
2016,Scotland,5,7.4,12,LPG Cars,Urban (not London),8.6111112978e-06,8.11679001345e-06,4.46560989076e-06
2016,Scotland,5,7.4,12,LPG LGV,Urban (not London),3.55875272362e-05,1.11500485218e-05,5.99635131948e-06
2016,Scotland,5,7.4,12,Motorcycle,Urban (not London),1.81954073923e-05,4.34793582826e-06,2.63582251137e-06
2016,Scotland,5,7.4,12,Petrol Car,Urban (not London),1.82245676115e-05,8.11890004115e-06,4.46761396233e-06
2016,Scotland,5,7.4,12,Plug-In Hybrid Petrol Cars,Urban (not London),1.82244866664e-06,7.79137099016e-06,4.15646218244e-06
2016,Scotland,5,7.4,12,Plug-In Hybrid Petrol LGV,Urban (not London),1.91534149963e-06,1.09954644358e-05,5.84949657423e-06
2016,Scotland,5,7.4,12,Rigid HGV,Urban (not London),0.00309631717391,5.15176725457e-05,3.53145806002e-05
2016,Scotland,5,7.4,14,Artic HGV,Urban (not London),0.00402089580894,6.94349437254e-05,5.07085787831e-05
2016,Scotland,5,7.4,14,B100 Artic HGV,Urban (not London),0.0044229850173,6.6217740823e-05,4.76522363897e-05
2016,Scotland,5,7.4,14,B100 Bus,Urban (not London),0.00295316753909,4.88005134684e-05,3.23611166095e-05
2016,Scotland,5,7.4,14,B100 Coach,Urban (not London),0.00554513558745,5.96350291744e-05,4.26539045293e-05
2016,Scotland,5,7.4,14,B100 Rigid HGV,Urban (not London),0.00302972155623,4.77088542539e-05,3.16962068609e-05
2016,Scotland,5,7.4,14,Battery EV Cars,Urban (not London),0.0,7.75497937866e-06,4.12188956034e-06
2016,Scotland,5,7.4,14,Battery EV LGV,Urban (not London),0.0,1.09782886284e-05,5.83317932978e-06
2016,Scotland,5,7.4,14,Biogas Bus,Urban (not London),0.00069444446126,3.27659035975e-05,1.71282354131e-05
2016,Scotland,5,7.4,14,Biomethane Bus,Urban (not London),0.00069444446126,3.27659035975e-05,1.71282354131e-05
2016,Scotland,5,7.4,14,Bus and Coach,Urban (not London),0.00334447133355,5.45406910533e-05,3.78142831323e-05
2016,Scotland,5,7.4,14,CNG Bus,Urban (not London),0.00069444446126,3.27659035975e-05,1.71282354131e-05
2016,Scotland,5,7.4,14,Diesel Car,Urban (not London),0.000248000113061,8.94562253961e-06,5.25300083609e-06
2016,Scotland,5,7.4,14,E85 Bioethanol Cars,Urban (not London),1.77006731974e-05,8.03032889962e-06,4.38347160525e-06
2016,Scotland,5,7.4,14,E85 Bioethanol LGV,Urban (not London),1.53375603986e-05,1.11134877443e-05,5.96161817157e-06
2016,Scotland,5,7.4,14,FCEV Bus,Urban (not London),0.0,3.13770142384e-05,1.58087914315e-05
2016,Scotland,5,7.4,14,FCEV Cars,Urban (not London),0.0,7.75497937866e-06,4.12188956034e-06
2016,Scotland,5,7.4,14,FCEV LGV,Urban (not London),0.0,1.09782886284e-05,5.83317932978e-06
2016,Scotland,5,7.4,14,Full Hybrid Diesel Cars,Urban (not London),0.000248000113061,8.94569438969e-06,5.25306904819e-06
2016,Scotland,5,7.4,14,Full Hybrid Petrol Cars,Urban (not London),8.85060399014e-06,8.09916582512e-06,4.44886700279e-06
2016,Scotland,5,7.4,14,Full Hybrid Petrol LGV,Urban (not London),4.3664945224e-06,1.11429535536e-05,5.9896105995e-06
2016,Scotland,5,7.4,14,Hybrid Bus,Urban (not London),0.00179031398147,4.75735869259e-05,3.11955336656e-05
2016,Scotland,5,7.4,14,LGV,Urban (not London),0.000379919540137,1.17075333037e-05,6.52596145301e-06
2016,Scotland,5,7.4,14,LPG Cars,Urban (not London),8.6111112978e-06,8.09680932434e-06,4.44662828158e-06
2016,Scotland,5,7.4,14,LPG LGV,Urban (not London),3.38141253451e-05,1.11429535536e-05,5.9896105995e-06
2016,Scotland,5,7.4,14,Motorcycle,Urban (not London),1.74205360963e-05,4.34793582826e-06,2.63582251137e-06
2016,Scotland,5,7.4,14,Petrol Car,Urban (not London),1.77006731974e-05,8.09916582512e-06,4.44886700279e-06
2016,Scotland,5,7.4,14,Plug-In Hybrid Petrol Cars,Urban (not London),1.77005915702e-06,7.78939829615e-06,4.15458725911e-06
2016,Scotland,5,7.4,14,Plug-In Hybrid Petrol LGV,Urban (not London),1.89444574517e-06,1.099475503e-05,5.84882218391e-06
2016,Scotland,5,7.4,14,Rigid HGV,Urban (not London),0.00275429221801,4.9592807045e-05,3.34859614668e-05
2016,Scotland,5,7.4,16,Artic HGV,Urban (not London),0.00355769880116,6.64745311951e-05,4.78961883346e-05
2016,Scotland,5,7.4,16,B100 Artic HGV,Urban (not London),0.00391346868128,6.35533724562e-05,4.51210871688e-05
2016,Scotland,5,7.4,16,B100 Bus,Urban (not London),0.00264982599765,4.74556945846e-05,3.108353485e-05
2016,Scotland,5,7.4,16,B100 Coach,Urban (not London),0.0048934975639,5.68622053834e-05,4.00197241106e-05
2016,Scotland,5,7.4,16,B100 Rigid HGV,Urban (not London),0.00272641470656,4.63344949821e-05,3.03905617329e-05
2016,Scotland,5,7.4,16,Battery EV Cars,Urban (not London),0.0,7.75497937866e-06,4.12188956034e-06
2016,Scotland,5,7.4,16,Battery EV LGV,Urban (not London),0.0,1.09782886284e-05,5.83317932978e-06
2016,Scotland,5,7.4,16,Biogas Bus,Urban (not London),0.00069444446126,3.27659035975e-05,1.71282354131e-05
2016,Scotland,5,7.4,16,Biomethane Bus,Urban (not London),0.00069444446126,3.27659035975e-05,1.71282354131e-05
2016,Scotland,5,7.4,16,Bus and Coach,Urban (not London),0.00298004900105,5.25807445229e-05,3.5952332837e-05
2016,Scotland,5,7.4,16,CNG Bus,Urban (not London),0.00069444446126,3.27659035975e-05,1.71282354131e-05
2016,Scotland,5,7.4,16,Diesel Car,Urban (not London),0.00023726055224,8.86899306352e-06,5.18020260643e-06
2016,Scotland,5,7.4,16,E85 Bioethanol Cars,Urban (not London),1.72381933226e-05,8.01646456239e-06,4.37030075773e-06
2016,Scotland,5,7.4,16,E85 Bioethanol LGV,Urban (not London),1.50563637362e-05,1.11097897388e-05,5.95810524828e-06
2016,Scotland,5,7.4,16,FCEV Bus,Urban (not London),0.0,3.13770142384e-05,1.58087914315e-05
2016,Scotland,5,7.4,16,FCEV Cars,Urban (not London),0.0,7.75497937866e-06,4.12188956034e-06
2016,Scotland,5,7.4,16,FCEV LGV,Urban (not London),0.0,1.09782886284e-05,5.83317932978e-06
2016,Scotland,5,7.4,16,Full Hybrid Diesel Cars,Urban (not London),0.00023726055224,8.8690640041e-06,5.18026990903e-06
2016,Scotland,5,7.4,16,Full Hybrid Petrol Cars,Urban (not London),8.6193676907e-06,8.08183631307e-06,4.43240378445e-06
2016,Scotland,5,7.4,16,Full Hybrid Petrol LGV,Urban (not London),4.16827015215e-06,1.11382760224e-05,5.98516726313e-06
2016,Scotland,5,7.4,16,Hybrid Bus,Urban (not London),0.00160647102166,4.63174837932e-05,3.00022365991e-05
2016,Scotland,5,7.4,16,LGV,Urban (not London),0.000364758336218,1.16491328299e-05,6.47048091196e-06
2016,Scotland,5,7.4,16,LPG Cars,Urban (not London),8.6111112978e-06,8.07926335256e-06,4.42995951744e-06
2016,Scotland,5,7.4,16,LPG LGV,Urban (not London),3.24551438098e-05,1.11382760224e-05,5.98516726313e-06
2016,Scotland,5,7.4,16,Motorcycle,Urban (not London),1.67465223058e-05,4.34793582826e-06,2.63582251137e-06
2016,Scotland,5,7.4,16,Petrol Car,Urban (not London),1.72381933226e-05,8.08183631307e-06,4.43240378445e-06
2016,Scotland,5,7.4,16,Plug-In Hybrid Petrol Cars,Urban (not London),1.72381123775e-06,7.78766479925e-06,4.1529410737e-06
2016,Scotland,5,7.4,16,Plug-In Hybrid Petrol LGV,Urban (not London),1.87285934317e-06,1.09942875497e-05,5.84837789575e-06
2016,Scotland,5,7.4,16,Rigid HGV,Urban (not London),0.00247855880298,4.80657399748e-05,3.20352446579e-05
2016,Scotland,5,7.4,18,Artic HGV,Urban (not London),0.00318273995072,6.40794823994e-05,4.56208872492e-05
2016,Scotland,5,7.4,18,B100 Artic HGV,Urban (not London),0.00350101408549,6.13978263573e-05,4.3073316192e-05
2016,Scotland,5,7.4,18,B100 Bus,Urban (not London),0.00239806738682,4.63522956125e-05,3.00353094644e-05
2016,Scotland,5,7.4,18,B100 Coach,Urban (not London),0.00437432248145,5.4647334764e-05,3.79155935661e-05
2016,Scotland,5,7.4,18,B100 Rigid HGV,Urban (not London),0.00247561070137,4.52189415228e-05,2.93307875836e-05
2016,Scotland,5,7.4,18,Battery EV Cars,Urban (not London),0.0,7.75497937866e-06,4.12188956034e-06
2016,Scotland,5,7.4,18,Battery EV LGV,Urban (not London),0.0,1.09782886284e-05,5.83317932978e-06
2016,Scotland,5,7.4,18,Biogas Bus,Urban (not London),0.00069444446126,3.27659035975e-05,1.71282354131e-05
2016,Scotland,5,7.4,18,Biomethane Bus,Urban (not London),0.00069444446126,3.27659035975e-05,1.71282354131e-05
2016,Scotland,5,7.4,18,Bus and Coach,Urban (not London),0.00268310797401,5.0997154176e-05,3.44479230989e-05
2016,Scotland,5,7.4,18,CNG Bus,Urban (not London),0.00069444446126,3.27659035975e-05,1.71282354131e-05
2016,Scotland,5,7.4,18,Diesel Car,Urban (not London),0.000227859200095,8.80518655322e-06,5.11958660354e-06
2016,Scotland,5,7.4,18,E85 Bioethanol Cars,Urban (not London),1.68258884514e-05,8.00435918791e-06,4.35880019722e-06
2016,Scotland,5,7.4,18,E85 Bioethanol LGV,Urban (not London),1.50109572132e-05,1.11075887617e-05,5.95601477471e-06
2016,Scotland,5,7.4,18,FCEV Bus,Urban (not London),0.0,3.13770142384e-05,1.58087914315e-05
2016,Scotland,5,7.4,18,FCEV Cars,Urban (not London),0.0,7.75497937866e-06,4.12188956034e-06
2016,Scotland,5,7.4,18,FCEV LGV,Urban (not London),0.0,1.09782886284e-05,5.83317932978e-06
2016,Scotland,5,7.4,18,Full Hybrid Diesel Cars,Urban (not London),0.000227859200095,8.80525567482e-06,5.11965254191e-06
2016,Scotland,5,7.4,18,Full Hybrid Petrol Cars,Urban (not London),8.41321798362e-06,8.06670414022e-06,4.41802831119e-06
2016,Scotland,5,7.4,18,Full Hybrid Petrol LGV,Urban (not London),4.08918594985e-06,1.11354920591e-05,5.98252290729e-06
2016,Scotland,5,7.4,18,Hybrid Bus,Urban (not London),0.00145406892989,4.5288074034e-05,2.90242969641e-05
2016,Scotland,5,7.4,18,LGV,Urban (not London),0.000352815637598,1.16020228234e-05,6.42572649667e-06
2016,Scotland,5,7.4,18,LPG Cars,Urban (not London),8.6111112978e-06,8.06394109532e-06,4.41540396423e-06
2016,Scotland,5,7.4,18,LPG LGV,Urban (not London),3.13744603773e-05,1.11354920591e-05,5.98252290729e-06
2016,Scotland,5,7.4,18,Motorcycle,Urban (not London),1.616575355e-05,4.34793582826e-06,2.63582251137e-06
2016,Scotland,5,7.4,18,Petrol Car,Urban (not London),1.68258884514e-05,8.06670414022e-06,4.41802785645e-06
2016,Scotland,5,7.4,18,Plug-In Hybrid Petrol Cars,Urban (not London),1.682580546e-06,7.78615140007e-06,4.15150361732e-06
2016,Scotland,5,7.4,18,Plug-In Hybrid Petrol LGV,Urban (not London),1.87497914794e-06,1.09940092443e-05,5.84811368753e-06
2016,Scotland,5,7.4,18,Rigid HGV,Urban (not London),0.00225055520423,4.68262405775e-05,3.08577182295e-05
2016,Scotland,5,7.4,20,Artic HGV,Urban (not London),0.00287316250615,6.21075669187e-05,4.37475719082e-05
2016,Scotland,5,7.4,20,B100 Artic HGV,Urban (not London),0.00316047878005,5.96231002419e-05,4.13873312937e-05
2016,Scotland,5,7.4,20,B100 Bus,Urban (not London),0.00218500522897,4.54274959338e-05,2.91567503155e-05
2016,Scotland,5,7.4,20,B100 Coach,Urban (not London),0.00395030528307,5.28349846718e-05,3.6193861888e-05
2016,Scotland,5,7.4,20,B100 Rigid HGV,Urban (not London),0.00226406333968,4.42959135398e-05,2.84539109998e-05
2016,Scotland,5,7.4,20,Battery EV Cars,Urban (not London),0.0,7.75497937866e-06,4.12188956034e-06
2016,Scotland,5,7.4,20,Battery EV LGV,Urban (not London),0.0,1.09782886284e-05,5.83317932978e-06
2016,Scotland,5,7.4,20,Biogas Bus,Urban (not London),0.00069444446126,3.27659035975e-05,1.71282354131e-05
2016,Scotland,5,7.4,20,Biomethane Bus,Urban (not London),0.00069444446126,3.27659035975e-05,1.71282354131e-05
2016,Scotland,5,7.4,20,Bus and Coach,Urban (not London),0.00243571749888,4.96870088682e-05,3.32032868755e-05
2016,Scotland,5,7.4,20,CNG Bus,Urban (not London),0.00069444446126,3.27659035975e-05,1.71282354131e-05
2016,Scotland,5,7.4,20,Diesel Car,Urban (not London),0.000219467459829,8.75093246577e-06,5.06804508404e-06
2016,Scotland,5,7.4,20,E85 Bioethanol Cars,Urban (not London),1.64554803632e-05,7.99385179562e-06,4.34881803812e-06
2016,Scotland,5,7.4,20,E85 Bioethanol LGV,Urban (not London),1.47728060256e-05,1.11065901365e-05,5.95506526224e-06
2016,Scotland,5,7.4,20,FCEV Bus,Urban (not London),0.0,3.13770142384e-05,1.58087914315e-05
2016,Scotland,5,7.4,20,FCEV Cars,Urban (not London),0.0,7.75497937866e-06,4.12188956034e-06
2016,Scotland,5,7.4,20,FCEV LGV,Urban (not London),0.0,1.09782886284e-05,5.83317932978e-06
2016,Scotland,5,7.4,20,Full Hybrid Diesel Cars,Urban (not London),0.000219467459829,8.75100067788e-06,5.06811011292e-06
2016,Scotland,5,7.4,20,Full Hybrid Petrol Cars,Urban (not London),8.22801757749e-06,8.05357012723e-06,4.40555049863e-06
2016,Scotland,5,7.4,20,Full Hybrid Petrol LGV,Urban (not London),3.91242019759e-06,1.1134228771e-05,5.98132191953e-06
2016,Scotland,5,7.4,20,Hybrid Bus,Urban (not London),0.00132508785464,4.44259931101e-05,2.8205320632e-05
2016,Scotland,5,7.4,20,LGV,Urban (not London),0.000343127903761,1.15630400614e-05,6.38869323666e-06
2016,Scotland,5,7.4,20,LPG Cars,Urban (not London),8.6111112978e-06,8.05064246379e-06,4.40277017333e-06
2016,Scotland,5,7.4,20,LPG LGV,Urban (not London),3.04904715449e-05,1.1134228771e-05,5.98132191953e-06
2016,Scotland,5,7.4,20,Motorcycle,Urban (not London),1.56712430908e-05,4.34793582826e-06,2.63582251137e-06
2016,Scotland,5,7.4,20,Petrol Car,Urban (not London),1.64554803632e-05,8.05356921774e-06,4.40555004388e-06
2016,Scotland,5,7.4,20,Plug-In Hybrid Petrol Cars,Urban (not London),1.64553966897e-06,7.78483808972e-06,4.15025579059e-06
2016,Scotland,5,7.4,20,Plug-In Hybrid Petrol LGV,Urban (not London),1.85795158814e-06,1.09938828246e-05,5.84799363423e-06
2016,Scotland,5,7.4,20,Rigid HGV,Urban (not London),0.00205823942088,4.5800650696e-05,2.98834111163e-05
2016,Scotland,5,7.4,25,Artic HGV,Urban (not London),0.00229350430891,5.84405679547e-05,4.0263923438e-05
2016,Scotland,5,7.4,25,B100 Artic HGV,Urban (not London),0.00252285483293,5.63228022656e-05,3.82520447602e-05
2016,Scotland,5,7.4,25,B100 Bus,Urban (not London),0.00177077599801,4.36462214566e-05,2.74645390164e-05
2016,Scotland,5,7.4,25,B100 Coach,Urban (not London),0.0031628604047,4.94714658998e-05,3.29985196004e-05
2016,Scotland,5,7.4,25,B100 Rigid HGV,Urban (not London),0.00185403414071,4.25621874456e-05,2.68068706646e-05
2016,Scotland,5,7.4,25,Battery EV Cars,Urban (not London),0.0,7.75497937866e-06,4.12188956034e-06
2016,Scotland,5,7.4,25,Battery EV LGV,Urban (not London),0.0,1.09782886284e-05,5.83317932978e-06
2016,Scotland,5,7.4,25,Biogas Bus,Urban (not London),0.00069444446126,3.27659035975e-05,1.71282354131e-05
2016,Scotland,5,7.4,25,Biomethane Bus,Urban (not London),0.00069444446126,3.27659035975e-05,1.71282354131e-05
2016,Scotland,5,7.4,25,Bus and Coach,Urban (not London),0.00196414510719,4.72097563033e-05,3.08498965751e-05
2016,Scotland,5,7.4,25,CNG Bus,Urban (not London),0.00069444446126,3.27659035975e-05,1.71282354131e-05
2016,Scotland,5,7.4,25,Diesel Car,Urban (not London),0.000201674178243,8.64422690938e-06,4.96667462357e-06
2016,Scotland,5,7.4,25,E85 Bioethanol Cars,Urban (not London),1.56756486831e-05,7.97359007265e-06,4.32956949226e-06
2016,Scotland,5,7.4,25,E85 Bioethanol LGV,Urban (not London),1.43994420796e-05,1.11080707939e-05,5.95647225055e-06
2016,Scotland,5,7.4,25,FCEV Bus,Urban (not London),0.0,3.13770142384e-05,1.58087914315e-05
2016,Scotland,5,7.4,25,FCEV Cars,Urban (not London),0.0,7.75497937866e-06,4.12188956034e-06
2016,Scotland,5,7.4,25,FCEV LGV,Urban (not London),0.0,1.09782886284e-05,5.83317932978e-06
2016,Scotland,5,7.4,25,Full Hybrid Diesel Cars,Urban (not London),0.000201674178243,8.64429148351e-06,4.96673646921e-06
2016,Scotland,5,7.4,25,Full Hybrid Petrol Cars,Urban (not London),7.83810992289e-06,8.02824251878e-06,4.3814898163e-06
2016,Scotland,5,7.4,25,Full Hybrid Petrol LGV,Urban (not London),3.58213196705e-06,1.11361023301e-05,5.98310180067e-06
2016,Scotland,5,7.4,25,Hybrid Bus,Urban (not London),0.00107416033279,4.27667000622e-05,2.66289898718e-05
2016,Scotland,5,7.4,25,LGV,Urban (not London),0.00032533009653,1.14892782221e-05,6.31861939837e-06
2016,Scotland,5,7.4,25,LPG Cars,Urban (not London),8.6111112978e-06,8.02499926067e-06,4.37840844825e-06
2016,Scotland,5,7.4,25,LPG LGV,Urban (not London),2.88417650154e-05,1.11361023301e-05,5.98310180067e-06
2016,Scotland,5,7.4,25,Motorcycle,Urban (not London),1.47717728396e-05,4.34793582826e-06,2.63582251137e-06
2016,Scotland,5,7.4,25,Petrol Car,Urban (not London),1.56756486831e-05,8.02824251878e-06,4.38148936155e-06
2016,Scotland,5,7.4,25,Plug-In Hybrid Petrol Cars,Urban (not London),1.56755606895e-06,7.78230605647e-06,4.14784972236e-06
2016,Scotland,5,7.4,25,Plug-In Hybrid Petrol LGV,Urban (not London),1.83813983767e-06,1.09940701805e-05,5.84817144045e-06
2016,Scotland,5,7.4,25,Rigid HGV,Urban (not London),0.00168548559304,4.3874289986e-05,2.80533677142e-05
2016,Scotland,5,7.4,30,Artic HGV,Urban (not London),0.001890373067,5.59187101317e-05,3.78681579605e-05
2016,Scotland,5,7.4,30,B100 Artic HGV,Urban (not London),0.00207941024564,5.40531327715e-05,3.60958583769e-05
2016,Scotland,5,7.4,30,B100 Bus,Urban (not London),0.00146951025818,4.23513338319e-05,2.62343965005e-05
2016,Scotland,5,7.4,30,B100 Coach,Urban (not London),0.00261643668637,4.71479797852e-05,3.0791208701e-05
2016,Scotland,5,7.4,30,B100 Rigid HGV,Urban (not London),0.00155511591583,4.13511261286e-05,2.56563635048e-05
2016,Scotland,5,7.4,30,Battery EV Cars,Urban (not London),0.0,7.75497937866e-06,4.12188956034e-06
2016,Scotland,5,7.4,30,Battery EV LGV,Urban (not London),0.0,1.09782886284e-05,5.83317932978e-06
2016,Scotland,5,7.4,30,Biogas Bus,Urban (not London),0.00069444446126,3.27659035975e-05,1.71282354131e-05
2016,Scotland,5,7.4,30,Biomethane Bus,Urban (not London),0.00069444446126,3.27659035975e-05,1.71282354131e-05
2016,Scotland,5,7.4,30,Bus and Coach,Urban (not London),0.00162786326837,4.54499640909e-05,2.91780906991e-05
2016,Scotland,5,7.4,30,CNG Bus,Urban (not London),0.00069444446126,3.27659035975e-05,1.71282354131e-05
2016,Scotland,5,7.4,30,Diesel Car,Urban (not London),0.000187142431969,8.56477072375e-06,4.8911911108e-06
2016,Scotland,5,7.4,30,E85 Bioethanol Cars,Urban (not London),1.50584055518e-05,7.9601759353e-06,4.31682610724e-06
2016,Scotland,5,7.4,30,E85 Bioethanol LGV,Urban (not London),1.41473547046e-05,1.11137160275e-05,5.96183508605e-06
2016,Scotland,5,7.4,30,FCEV Bus,Urban (not London),0.0,3.13770142384e-05,1.58087914315e-05
2016,Scotland,5,7.4,30,FCEV Cars,Urban (not London),0.0,7.75497937866e-06,4.12188956034e-06
2016,Scotland,5,7.4,30,FCEV LGV,Urban (not London),0.0,1.09782886284e-05,5.83317932978e-06
2016,Scotland,5,7.4,30,Full Hybrid Diesel Cars,Urban (not London),0.000187142431969,8.56483256939e-06,4.89125022796e-06
2016,Scotland,5,7.4,30,Full Hybrid Petrol Cars,Urban (not London),7.52949836169e-06,8.01147507445e-06,4.36556047134e-06
2016,Scotland,5,7.4,30,Full Hybrid Petrol LGV,Urban (not London),3.3122005334e-06,1.11432418635e-05,5.98988481215e-06
2016,Scotland,5,7.4,30,Hybrid Bus,Urban (not London),0.000891491537914,4.15602153225e-05,2.54828319157e-05
2016,Scotland,5,7.4,30,LGV,Urban (not London),0.000313192926114,1.14370723168e-05,6.26902328804e-06
2016,Scotland,5,7.4,30,LPG Cars,Urban (not London),8.6111112978e-06,8.00802172307e-06,4.36227992395e-06
2016,Scotland,5,7.4,30,LPG LGV,Urban (not London),2.76926857623e-05,1.11432418635e-05,5.98988481215e-06
2016,Scotland,5,7.4,30,Motorcycle,Urban (not London),1.42881945067e-05,4.34793582826e-06,2.63582251137e-06
2016,Scotland,5,7.4,30,Petrol Car,Urban (not London),1.50584055518e-05,8.01147507445e-06,4.36556047134e-06
2016,Scotland,5,7.4,30,Plug-In Hybrid Petrol Cars,Urban (not London),1.5058316194e-06,7.78062894824e-06,4.14625674239e-06
2016,Scotland,5,7.4,30,Plug-In Hybrid Petrol LGV,Urban (not London),1.83124996056e-06,1.09947841338e-05,5.8488499235e-06
2016,Scotland,5,7.4,30,Rigid HGV,Urban (not London),0.0014137418475,4.25286671089e-05,2.67750256171e-05
2016,Scotland,5,7.4,35,Artic HGV,Urban (not London),0.00159389746841,5.40834807907e-05,3.6124689359e-05
2016,Scotland,5,7.4,35,B100 Artic HGV,Urban (not London),0.00175328715704,5.24014212715e-05,3.45267362718e-05
2016,Scotland,5,7.4,35,B100 Bus,Urban (not London),0.00124143459834,4.13600428146e-05,2.52926693065e-05
2016,Scotland,5,7.4,35,B100 Coach,Urban (not London),0.0022135367617,4.54441287729e-05,2.91725500574e-05
2016,Scotland,5,7.4,35,B100 Rigid HGV,Urban (not London),0.00132599694189,4.0456707211e-05,2.48066662607e-05
2016,Scotland,5,7.4,35,Battery EV Cars,Urban (not London),0.0,7.75497937866e-06,4.12188956034e-06
2016,Scotland,5,7.4,35,Battery EV LGV,Urban (not London),0.0,1.09782886284e-05,5.83317932978e-06
2016,Scotland,5,7.4,35,Biogas Bus,Urban (not London),0.00069444446126,3.27659035975e-05,1.71282354131e-05
2016,Scotland,5,7.4,35,Biomethane Bus,Urban (not London),0.00069444446126,3.27659035975e-05,1.71282354131e-05
2016,Scotland,5,7.4,35,Bus and Coach,Urban (not London),0.00137602107134,4.41262964159e-05,2.79206105915e-05
2016,Scotland,5,7.4,35,CNG Bus,Urban (not London),0.00069444446126,3.27659035975e-05,1.71282354131e-05
2016,Scotland,5,7.4,35,Diesel Car,Urban (not London),0.000175001594471,8.5027422756e-06,4.83226403958e-06
2016,Scotland,5,7.4,35,E85 Bioethanol Cars,Urban (not London),1.45667063407e-05,7.95166579337e-06,4.30874206359e-06
2016,Scotland,5,7.4,35,E85 Bioethanol LGV,Urban (not London),1.39810472319e-05,1.11223671411e-05,5.97005418967e-06
2016,Scotland,5,7.4,35,FCEV Bus,Urban (not London),0.0,3.13770142384e-05,1.58087914315e-05
2016,Scotland,5,7.4,35,FCEV Cars,Urban (not London),0.0,7.75497937866e-06,4.12188956034e-06
2016,Scotland,5,7.4,35,FCEV LGV,Urban (not London),0.0,1.09782886284e-05,5.83317932978e-06
2016,Scotland,5,7.4,35,Full Hybrid Diesel Cars,Urban (not London),0.000175001594471,8.50280139275e-06,4.83232042825e-06
2016,Scotland,5,7.4,35,Full Hybrid Petrol Cars,Urban (not London),7.28365921532e-06,8.00083762442e-06,4.35545553046e-06
2016,Scotland,5,7.4,35,Full Hybrid Petrol LGV,Urban (not London),3.0846658774e-06,1.11541858132e-05,6.00028124609e-06
2016,Scotland,5,7.4,35,Hybrid Bus,Urban (not London),0.000753102242015,4.06351973652e-05,2.46040654019e-05
2016,Scotland,5,7.4,35,LGV,Urban (not London),0.000304507877445,1.13983587653e-05,6.23224559604e-06
2016,Scotland,5,7.4,35,LPG Cars,Urban (not London),8.6111112978e-06,7.99725148681e-06,4.35204856331e-06
2016,Scotland,5,7.4,35,LPG LGV,Urban (not London),2.68524236162e-05,1.11541858132e-05,6.00028124609e-06
2016,Scotland,5,7.4,35,Motorcycle,Urban (not London),1.41556765811e-05,4.34793582826e-06,2.63582251137e-06
2016,Scotland,5,7.4,35,Petrol Car,Urban (not London),1.45667063407e-05,8.00083762442e-06,4.35545507571e-06
2016,Scotland,5,7.4,35,Plug-In Hybrid Petrol Cars,Urban (not London),1.45666137996e-06,7.77956483944e-06,4.14524629377e-06
2016,Scotland,5,7.4,35,Plug-In Hybrid Petrol LGV,Urban (not London),1.83373219897e-06,1.09958782559e-05,5.84988947594e-06
2016,Scotland,5,7.4,35,Rigid HGV,Urban (not London),0.00120545178652,4.15348695242e-05,2.5830917366e-05
2016,Scotland,5,7.4,40,Artic HGV,Urban (not London),0.00136673310772,5.26903022546e-05,3.48011708411e-05
2016,Scotland,5,7.4,40,B100 Artic HGV,Urban (not London),0.00150340644177,5.11475627718e-05,3.33355674229e-05
2016,Scotland,5,7.4,40,B100 Bus,Urban (not London),0.00106447096914,4.05799000873e-05,2.4551531169e-05
2016,Scotland,5,7.4,40,B100 Coach,Urban (not London),0.001903602737,4.41405754827e-05,2.79341747955e-05
2016,Scotland,5,7.4,40,B100 Rigid HGV,Urban (not London),0.00114396738354,3.97687908844e-05,2.41531433858e-05
2016,Scotland,5,7.4,40,Battery EV Cars,Urban (not London),0.0,7.75497937866e-06,4.12188956034e-06
2016,Scotland,5,7.4,40,Battery EV LGV,Urban (not London),0.0,1.09782886284e-05,5.83317932978e-06
2016,Scotland,5,7.4,40,Biogas Bus,Urban (not London),0.00069444446126,3.27659035975e-05,1.71282354131e-05
2016,Scotland,5,7.4,40,Biomethane Bus,Urban (not London),0.00069444446126,3.27659035975e-05,1.71282354131e-05
2016,Scotland,5,7.4,40,Bus and Coach,Urban (not London),0.00118129805196,4.30954423791e-05,2.69412976195e-05
2016,Scotland,5,7.4,40,CNG Bus,Urban (not London),0.00069444446126,3.27659035975e-05,1.71282354131e-05
2016,Scotland,5,7.4,40,Diesel Car,Urban (not London),0.000164784520166,8.45276372274e-06,4.78478477817e-06
2016,Scotland,5,7.4,40,E85 Bioethanol Cars,Urban (not London),1.4176903278e-05,7.94638799562e-06,4.30372801929e-06
2016,Scotland,5,7.4,40,E85 Bioethanol LGV,Urban (not London),1.38814466482e-05,1.11333365567e-05,5.98047472522e-06
2016,Scotland,5,7.4,40,FCEV Bus,Urban (not London),0.0,3.13770142384e-05,1.58087914315e-05
2016,Scotland,5,7.4,40,FCEV Cars,Urban (not London),0.0,7.75497937866e-06,4.12188956034e-06
2016,Scotland,5,7.4,40,FCEV LGV,Urban (not London),0.0,1.09782886284e-05,5.83317932978e-06
2016,Scotland,5,7.4,40,Full Hybrid Diesel Cars,Urban (not London),0.000164784520166,8.45282011142e-06,4.78483843835e-06
2016,Scotland,5,7.4,40,Full Hybrid Petrol Cars,Urban (not London),7.08876905264e-06,7.99424105935e-06,4.34918774772e-06
2016,Scotland,5,7.4,40,Full Hybrid Petrol LGV,Urban (not London),2.8898778055e-06,1.11680601549e-05,6.01346209805e-06
2016,Scotland,5,7.4,40,Hybrid Bus,Urban (not London),0.00064565485809,3.99064338126e-05,2.39117398451e-05
2016,Scotland,5,7.4,40,LGV,Urban (not London),0.000298236001981,1.13690239232e-05,6.20437776888e-06
2016,Scotland,5,7.4,40,LPG Cars,Urban (not London),8.6111112978e-06,7.99057215772e-06,4.34570256402e-06
2016,Scotland,5,7.4,40,LPG LGV,Urban (not London),2.62306184595e-05,1.11680601549e-05,6.01346209805e-06
2016,Scotland,5,7.4,40,Motorcycle,Urban (not London),1.43270208355e-05,4.34793582826e-06,2.63582251137e-06
2016,Scotland,5,7.4,40,Petrol Car,Urban (not London),1.4176903278e-05,7.99424014986e-06,4.34918774772e-06
2016,Scotland,5,7.4,40,Plug-In Hybrid Petrol Cars,Urban (not London),1.41768066442e-06,7.77890545578e-06,4.14461965192e-06
2016,Scotland,5,7.4,40,Plug-In Hybrid Petrol LGV,Urban (not London),1.84367922884e-06,1.09972661448e-05,5.85120733376e-06
2016,Scotland,5,7.4,40,Rigid HGV,Urban (not London),0.00103997043334,4.07705156249e-05,2.5104782253e-05
2016,Scotland,5,7.4,45,Artic HGV,Urban (not London),0.00118713197298,5.15976898896e-05,3.37631863658e-05
2016,Scotland,5,7.4,45,B100 Artic HGV,Urban (not London),0.00130584510043,5.01642098243e-05,3.2401381759e-05
2016,Scotland,5,7.4,45,B100 Bus,Urban (not London),0.000925306696445,3.99620985263e-05,2.3964621505e-05
2016,Scotland,5,7.4,45,B100 Coach,Urban (not London),0.00165751262102,4.31112421211e-05,2.695630792e-05
2016,Scotland,5,7.4,45,B100 Rigid HGV,Urban (not London),0.000995423994027,3.92233414459e-05,2.36349696934e-05
2016,Scotland,5,7.4,45,Battery EV Cars,Urban (not London),0.0,7.75497937866e-06,4.12188956034e-06
2016,Scotland,5,7.4,45,Battery EV LGV,Urban (not London),0.0,1.09782886284e-05,5.83317932978e-06
2016,Scotland,5,7.4,45,Biogas Bus,Urban (not London),0.00069444446126,3.27659035975e-05,1.71282354131e-05
2016,Scotland,5,7.4,45,Biomethane Bus,Urban (not London),0.00069444446126,3.27659035975e-05,1.71282354131e-05
2016,Scotland,5,7.4,45,Bus and Coach,Urban (not London),0.00102756754495,4.22789053118e-05,2.61655877694e-05
2016,Scotland,5,7.4,45,CNG Bus,Urban (not London),0.00069444446126,3.27659035975e-05,1.71282354131e-05
2016,Scotland,5,7.4,45,Diesel Car,Urban (not London),0.000156213005539,8.41160272103e-06,4.74568196296e-06
2016,Scotland,5,7.4,45,E85 Bioethanol Cars,Urban (not London),1.38726936711e-05,7.94294646767e-06,4.30045838584e-06
2016,Scotland,5,7.4,45,E85 Bioethanol LGV,Urban (not London),1.3835208847e-05,1.11461895358e-05,5.99268514634e-06
2016,Scotland,5,7.4,45,FCEV Bus,Urban (not London),0.0,3.13770142384e-05,1.58087914315e-05
2016,Scotland,5,7.4,45,FCEV Cars,Urban (not London),0.0,7.75497937866e-06,4.12188956034e-06
2016,Scotland,5,7.4,45,FCEV LGV,Urban (not London),0.0,1.09782886284e-05,5.83317932978e-06
2016,Scotland,5,7.4,45,Full Hybrid Diesel Cars,Urban (not London),0.000156213005539,8.41165638121e-06,4.74573334941e-06
2016,Scotland,5,7.4,45,Full Hybrid Petrol Cars,Urban (not London),6.93667607266e-06,7.98993823992e-06,4.34510093328e-06
2016,Scotland,5,7.4,45,Full Hybrid Petrol LGV,Urban (not London),2.72108445643e-06,1.11843182822e-05,6.02890759183e-06
2016,Scotland,5,7.4,45,Hybrid Bus,Urban (not London),0.000561089836992,3.93306436308e-05,2.33647388086e-05
2016,Scotland,5,7.4,45,LGV,Urban (not London),0.00029388058465,1.1346744941e-05,6.18321291768e-06
2016,Scotland,5,7.4,45,LPG Cars,Urban (not London),8.6111112978e-06,7.9862156781e-06,4.34156436313e-06
2016,Scotland,5,7.4,45,LPG LGV,Urban (not London),2.57835199591e-05,1.11843182822e-05,6.02890759183e-06
2016,Scotland,5,7.4,45,Motorcycle,Urban (not London),1.47703312905e-05,4.34793582826e-06,2.63582251137e-06
2016,Scotland,5,7.4,45,Petrol Car,Urban (not London),1.38726936711e-05,7.98993823992e-06,4.34510047853e-06
2016,Scotland,5,7.4,45,Plug-In Hybrid Petrol Cars,Urban (not London),1.38725943089e-06,7.77847526479e-06,4.14421083406e-06
2016,Scotland,5,7.4,45,Plug-In Hybrid Petrol LGV,Urban (not London),1.85975670774e-06,1.09988914119e-05,5.85275211051e-06
2016,Scotland,5,7.4,45,Rigid HGV,Urban (not London),0.000904930930119,4.01644610974e-05,2.4529032089e-05
2016,Scotland,5,7.4,50,Artic HGV,Urban (not London),0.00104157731403,5.07184013259e-05,3.2927866414e-05
2016,Scotland,5,7.4,50,B100 Artic HGV,Urban (not London),0.00114573503379,4.93728548463e-05,3.16495934385e-05
2016,Scotland,5,7.4,50,B100 Bus,Urban (not London),0.000815494800918,3.94815797335e-05,2.35081297433e-05
2016,Scotland,5,7.4,50,B100 Coach,Urban (not London),0.00145723263267,4.22783341492e-05,2.61650438915e-05
2016,Scotland,5,7.4,50,B100 Rigid HGV,Urban (not London),0.000871702970471,3.87807413063e-05,2.32144975598e-05
2016,Scotland,5,7.4,50,Battery EV Cars,Urban (not London),0.0,7.75497937866e-06,4.12188956034e-06
2016,Scotland,5,7.4,50,Battery EV LGV,Urban (not London),0.0,1.09782886284e-05,5.83317932978e-06
2016,Scotland,5,7.4,50,Biogas Bus,Urban (not London),0.00069444446126,3.27659035975e-05,1.71282354131e-05
2016,Scotland,5,7.4,50,Biomethane Bus,Urban (not London),0.00069444446126,3.27659035975e-05,1.71282354131e-05
2016,Scotland,5,7.4,50,Bus and Coach,Urban (not London),0.000904710381292,4.16324583057e-05,2.55514623859e-05
2016,Scotland,5,7.4,50,CNG Bus,Urban (not London),0.00069444446126,3.27659035975e-05,1.71282354131e-05
2016,Scotland,5,7.4,50,Diesel Car,Urban (not London),0.000149111278006,8.37717834656e-06,4.71297835247e-06
2016,Scotland,5,7.4,50,E85 Bioethanol Cars,Urban (not London),1.36422104333e-05,7.94022980699e-06,4.29787723988e-06
2016,Scotland,5,7.4,50,E85 Bioethanol LGV,Urban (not London),1.38325094667e-05,1.11606614155e-05,6.006433523e-06
2016,Scotland,5,7.4,50,FCEV Bus,Urban (not London),0.0,3.13770142384e-05,1.58087914315e-05
2016,Scotland,5,7.4,50,FCEV Cars,Urban (not London),0.0,7.75497937866e-06,4.12188956034e-06
2016,Scotland,5,7.4,50,FCEV LGV,Urban (not London),0.0,1.09782886284e-05,5.83317932978e-06
2016,Scotland,5,7.4,50,Full Hybrid Diesel Cars,Urban (not London),0.000149111278006,8.37723018776e-06,4.71302791993e-06
2016,Scotland,5,7.4,50,Full Hybrid Petrol Cars,Urban (not London),6.82144764141e-06,7.9865421867e-06,4.34187450082e-06
2016,Scotland,5,7.4,50,Full Hybrid Petrol LGV,Urban (not London),2.57331521425e-06,1.1202623682e-05,6.04629713052e-06
2016,Scotland,5,7.4,50,Hybrid Bus,Urban (not London),0.000494284555316,3.88853550248e-05,2.29417146329e-05
2016,Scotland,5,7.4,50,LGV,Urban (not London),0.000291243573884,1.13301121019e-05,6.16741135673e-06
2016,Scotland,5,7.4,50,LPG Cars,Urban (not London),8.6111112978e-06,7.98277687863e-06,4.33829745816e-06
2016,Scotland,5,7.4,50,LPG LGV,Urban (not London),2.54930291703e-05,1.1202623682e-05,6.04629713052e-06
2016,Scotland,5,7.4,50,Motorcycle,Urban (not London),1.54666795424e-05,4.34793582826e-06,2.63582251137e-06
2016,Scotland,5,7.4,50,Petrol Car,Urban (not London),1.36422104333e-05,7.9865421867e-06,4.34187404608e-06
2016,Scotland,5,7.4,50,Plug-In Hybrid Petrol Cars,Urban (not London),1.36421067509e-06,7.77813602326e-06,4.14388796344e-06
2016,Scotland,5,7.4,50,Plug-In Hybrid Petrol LGV,Urban (not London),1.88098215403e-06,1.10007222247e-05,5.85449106438e-06
2016,Scotland,5,7.4,50,Rigid HGV,Urban (not London),0.000792457256466,3.96726827603e-05,2.40618410317e-05
2016,Scotland,5,7.4,60,Artic HGV,Urban (not London),0.000820061541162,4.93917214044e-05,3.1667521398e-05
2016,Scotland,5,7.4,60,B100 Artic HGV,Urban (not London),0.000902067695279,4.8178841098e-05,3.05152825604e-05
2016,Scotland,5,7.4,60,B100 Bus,Urban (not London),0.000663929036818,3.88996595575e-05,2.29553061217e-05
2016,Scotland,5,7.4,60,B100 Coach,Urban (not London),0.00115069269668,4.10151660617e-05,2.49650347541e-05
2016,Scotland,5,7.4,60,B100 Rigid HGV,Urban (not London),0.00067750015296,3.81100508093e-05,2.25773401326e-05
2016,Scotland,5,7.4,60,Battery EV Cars,Urban (not London),0.0,7.75497937866e-06,4.12188956034e-06
2016,Scotland,5,7.4,60,Battery EV LGV,Urban (not London),0.0,1.09782886284e-05,5.83317932978e-06
2016,Scotland,5,7.4,60,Biogas Bus,Urban (not London),0.00069444446126,3.27659035975e-05,1.71282354131e-05
2016,Scotland,5,7.4,60,Biomethane Bus,Urban (not London),0.00069444446126,3.27659035975e-05,1.71282354131e-05
2016,Scotland,5,7.4,60,Bus and Coach,Urban (not London),0.000727475329768,4.0765859012e-05,2.47281914199e-05
2016,Scotland,5,7.4,60,CNG Bus,Urban (not London),0.00069444446126,3.27659035975e-05,1.71282354131e-05
2016,Scotland,5,7.4,60,Diesel Car,Urban (not London),0.000138907809742,8.32330715639e-06,4.6618010856e-06
2016,Scotland,5,7.4,60,E85 Bioethanol Cars,Urban (not London),1.33684570756e-05,7.93173421698e-06,4.28980729339e-06
2016,Scotland,5,7.4,60,E85 Bioethanol LGV,Urban (not London),1.39296871566e-05,1.11918388939e-05,6.03605167271e-06
2016,Scotland,5,7.4,60,FCEV Bus,Urban (not London),0.0,3.13770142384e-05,1.58087914315e-05
2016,Scotland,5,7.4,60,FCEV Cars,Urban (not London),0.0,7.75497937866e-06,4.12188956034e-06
2016,Scotland,5,7.4,60,FCEV LGV,Urban (not London),0.0,1.09782886284e-05,5.83317932978e-06
2016,Scotland,5,7.4,60,Full Hybrid Diesel Cars,Urban (not London),0.000138907809742,8.3233571786e-06,4.66184837933e-06
2016,Scotland,5,7.4,60,Full Hybrid Petrol Cars,Urban (not London),9.35843854677e-06,7.97592383606e-06,4.33178684034e-06
2016,Scotland,5,7.4,60,Full Hybrid Petrol LGV,Urban (not London),3.25732844431e-06,1.1244779671e-05,6.08634582022e-06
2016,Scotland,5,7.4,60,Hybrid Bus,Urban (not London),0.000500392750837,3.83499318559e-05,2.24330597121e-05
2016,Scotland,5,7.4,60,LGV,Urban (not London),0.000291277334327,1.13103651529e-05,6.14865166426e-06
2016,Scotland,5,7.4,60,LPG Cars,Urban (not London),8.05555555417e-06,7.97488064563e-06,4.33079594586e-06
2016,Scotland,5,7.4,60,LPG LGV,Urban (not London),1.97479912458e-05,1.1244779671e-05,6.08634582022e-06
2016,Scotland,5,7.4,60,Motorcycle,Urban (not London),1.75936093001e-05,4.34793582826e-06,2.63582251137e-06
2016,Scotland,5,7.4,60,Petrol Car,Urban (not London),1.33684570756e-05,7.97592383606e-06,4.33178684034e-06
2016,Scotland,5,7.4,60,Plug-In Hybrid Petrol Cars,Urban (not London),6.68417260385e-06,7.86545115261e-06,4.22683797296e-06
2016,Scotland,5,7.4,60,Plug-In Hybrid Petrol LGV,Urban (not London),7.2363959589e-06,1.11115341497e-05,5.95976280238e-06
2016,Scotland,5,7.4,60,Rigid HGV,Urban (not London),0.000615909229964,3.89274682675e-05,2.33538885368e-05
2016,Scotland,5,7.4,70,Artic HGV,Urban (not London),0.000659451528918,4.84391384816e-05,3.07625632558e-05
2016,Scotland,5,7.4,70,B100 Artic HGV,Urban (not London),0.000725396675989,4.73215150123e-05,2.970082096e-05
2016,Scotland,5,7.4,70,B100 Bus,Urban (not London),0.000586449285038,3.88570442738e-05,2.29148190556e-05
2016,Scotland,5,7.4,70,B100 Coach,Urban (not London),0.000926890759729,4.01056349801e-05,2.41009802266e-05
2016,Scotland,5,7.4,70,B100 Rigid HGV,Urban (not London),0.000533952319529,3.76393618353e-05,2.21301870624e-05
2016,Scotland,5,7.4,70,Battery EV Cars,Urban (not London),0.0,7.75497937866e-06,4.12188956034e-06
2016,Scotland,5,7.4,70,Battery EV LGV,Urban (not London),0.0,1.09782886284e-05,5.83317932978e-06
2016,Scotland,5,7.4,70,Biogas Bus,Urban (not London),0.00069444446126,3.27659035975e-05,1.71282354131e-05
2016,Scotland,5,7.4,70,Biomethane Bus,Urban (not London),0.00069444446126,3.27659035975e-05,1.71282354131e-05
2016,Scotland,5,7.4,70,Bus and Coach,Urban (not London),0.000619793543592,4.04376187362e-05,2.44163638854e-05
2016,Scotland,5,7.4,70,CNG Bus,Urban (not London),0.00069444446126,3.27659035975e-05,1.71282354131e-05
2016,Scotland,5,7.4,70,Diesel Car,Urban (not London),0.000133727662615,8.28401425679e-06,4.62447314931e-06
2016,Scotland,5,7.4,70,E85 Bioethanol Cars,Urban (not London),1.33043286041e-05,7.92248192738e-06,4.2810170271e-06
2016,Scotland,5,7.4,70,E85 Bioethanol LGV,Urban (not London),1.41312248161e-05,1.123121001e-05,6.07345418757e-06
2016,Scotland,5,7.4,70,FCEV Bus,Urban (not London),0.0,3.13770142384e-05,1.58087914315e-05
2016,Scotland,5,7.4,70,FCEV Cars,Urban (not London),0.0,7.75497937866e-06,4.12188956034e-06
2016,Scotland,5,7.4,70,FCEV LGV,Urban (not London),0.0,1.09782886284e-05,5.83317932978e-06
2016,Scotland,5,7.4,70,Full Hybrid Diesel Cars,Urban (not London),0.000133727662615,8.28406246001e-06,4.62451862404e-06
2016,Scotland,5,7.4,70,Full Hybrid Petrol Cars,Urban (not London),9.31359318201e-06,7.96435779193e-06,4.3207987801e-06
2016,Scotland,5,7.4,70,Full Hybrid Petrol LGV,Urban (not London),2.98031272905e-06,1.12945808723e-05,6.13365682511e-06
2016,Scotland,5,7.4,70,Hybrid Bus,Urban (not London),0.000441039883299,3.83100086765e-05,2.2395133783e-05
2016,Scotland,5,7.4,70,LGV,Urban (not London),0.000300177925965,1.13056648843e-05,6.14418650002e-06
2016,Scotland,5,7.4,70,LPG Cars,Urban (not London),8.05555555417e-06,7.96316999185e-06,4.31967055192e-06
2016,Scotland,5,7.4,70,LPG LGV,Urban (not London),2.02762748813e-05,1.12945808723e-05,6.13365682511e-06
2016,Scotland,5,7.4,70,Motorcycle,Urban (not London),2.07270513783e-05,4.34793582826e-06,2.63582251137e-06
2016,Scotland,5,7.4,70,Petrol Car,Urban (not London),1.33043286041e-05,7.96435779193e-06,4.3207987801e-06
2016,Scotland,5,7.4,70,Plug-In Hybrid Petrol Cars,Urban (not London),6.65210336592e-06,7.8596685853e-06,4.22134417022e-06
2016,Scotland,5,7.4,70,Plug-In Hybrid Petrol LGV,Urban (not London),7.36143965696e-06,1.11364352051e-05,5.98341785008e-06
2016,Scotland,5,7.4,70,Rigid HGV,Urban (not London),0.000485411204863,3.84044833481e-05,2.28570515901e-05
2016,Scotland,5,7.4,80,Artic HGV,Urban (not London),0.000537665211596,4.77224348288e-05,3.00816973322e-05
2016,Scotland,5,7.4,80,B100 Artic HGV,Urban (not London),0.000591431744397,4.66764831799e-05,2.90880416287e-05
2016,Scotland,5,7.4,80,B100 Bus,Urban (not London),0.000580285734031,3.9524755266e-05,2.35491443163e-05
2016,Scotland,5,7.4,80,B100 Coach,Urban (not London),0.000756188295782,3.94742710341e-05,2.35011830227e-05
2016,Scotland,5,7.4,80,B100 Rigid HGV,Urban (not London),0.000430979183875,3.73398361262e-05,2.18456370931e-05
2016,Scotland,5,7.4,80,Battery EV Cars,Urban (not London),0.0,7.75497937866e-06,4.12188956034e-06
2016,Scotland,5,7.4,80,Battery EV LGV,Urban (not London),0.0,1.09782886284e-05,5.83317932978e-06
2016,Scotland,5,7.4,80,Biogas Bus,Urban (not London),0.00069444446126,3.27659035975e-05,1.71282354131e-05
2016,Scotland,5,7.4,80,Biomethane Bus,Urban (not London),0.00069444446126,3.27659035975e-05,1.71282354131e-05
2016,Scotland,5,7.4,80,Bus and Coach,Urban (not London),0.000572307675611,4.07907828048e-05,2.47518692049e-05
2016,Scotland,5,7.4,80,CNG Bus,Urban (not London),0.00069444446126,3.27659035975e-05,1.71282354131e-05
2016,Scotland,5,7.4,80,Diesel Car,Urban (not London),0.000133586145239,8.25533606985e-06,4.59722878077e-06
2016,Scotland,5,7.4,80,E85 Bioethanol Cars,Urban (not London),1.34162864924e-05,7.91228467278e-06,4.27132999903e-06
2016,Scotland,5,7.4,80,E85 Bioethanol LGV,Urban (not London),1.4410788026e-05,1.12781463031e-05,6.11804398432e-06
2016,Scotland,5,7.4,80,FCEV Bus,Urban (not London),0.0,3.13770142384e-05,1.58087914315e-05
2016,Scotland,5,7.4,80,FCEV Cars,Urban (not London),0.0,7.75497937866e-06,4.12188956034e-06
2016,Scotland,5,7.4,80,FCEV LGV,Urban (not London),0.0,1.09782886284e-05,5.83317932978e-06
2016,Scotland,5,7.4,80,Full Hybrid Diesel Cars,Urban (not London),0.000133586145239,8.25538427307e-06,4.59727380075e-06
2016,Scotland,5,7.4,80,Full Hybrid Petrol Cars,Urban (not London),9.39201254369e-06,7.95161122369e-06,4.30869022239e-06
2016,Scotland,5,7.4,80,Full Hybrid Petrol LGV,Urban (not London),2.75294019048e-06,1.13539508675e-05,6.19005822955e-06
2016,Scotland,5,7.4,80,Hybrid Bus,Urban (not London),0.000435059482697,3.89170672861e-05,2.29718389164e-05
2016,Scotland,5,7.4,80,LGV,Urban (not London),0.000322403560858,1.13138021334e-05,6.15191675024e-06
2016,Scotland,5,7.4,80,LPG Cars,Urban (not London),8.05555555417e-06,7.95026426204e-06,4.30741056334e-06
2016,Scotland,5,7.4,80,LPG LGV,Urban (not London),2.16985772568e-05,1.13539508675e-05,6.19005822955e-06
2016,Scotland,5,7.4,80,Motorcycle,Urban (not London),2.49443637586e-05,4.34793582826e-06,2.63582251137e-06
2016,Scotland,5,7.4,80,Petrol Car,Urban (not London),1.34162864924e-05,7.95161122369e-06,4.30869022239e-06
2016,Scotland,5,7.4,80,Plug-In Hybrid Petrol Cars,Urban (not London),6.7080768531e-06,7.85329575592e-06,4.21529011874e-06
2016,Scotland,5,7.4,80,Plug-In Hybrid Petrol LGV,Urban (not London),7.52708410801e-06,1.11661192932e-05,6.01161855229e-06
2016,Scotland,5,7.4,80,Rigid HGV,Urban (not London),0.000391799258068,3.80716737709e-05,2.25408839469e-05
2016,Scotland,5,7.4,90,Artic HGV,Urban (not London),0.000487182638608,4.74268454127e-05,2.98008872051e-05
2016,Scotland,5,7.4,90,B100 Artic HGV,Urban (not London),0.000535900879186,4.64104523417e-05,2.883531306e-05
2016,Scotland,5,7.4,90,B100 Bus,Urban (not London),0.000608989270404,4.02977857448e-05,2.42835212703e-05
2016,Scotland,5,7.4,90,B100 Coach,Urban (not London),0.000621632556431,3.8913130993e-05,2.29681027122e-05
2016,Scotland,5,7.4,90,B100 Rigid HGV,Urban (not London),0.00039802773972,3.73031689378e-05,2.1810803446e-05
2016,Scotland,5,7.4,90,Battery EV Cars,Urban (not London),0.0,7.75497937866e-06,4.12188956034e-06
2016,Scotland,5,7.4,90,Battery EV LGV,Urban (not London),0.0,1.09782886284e-05,5.83317932978e-06
2016,Scotland,5,7.4,90,Biogas Bus,Urban (not London),0.00069444446126,3.27659035975e-05,1.71282354131e-05
2016,Scotland,5,7.4,90,Biomethane Bus,Urban (not London),0.00069444446126,3.27659035975e-05,1.71282354131e-05
2016,Scotland,5,7.4,90,Bus and Coach,Urban (not London),0.000556844926905,4.11973669543e-05,2.51381243288e-05
2016,Scotland,5,7.4,90,CNG Bus,Urban (not London),0.00069444446126,3.27659035975e-05,1.71282354131e-05
2016,Scotland,5,7.4,90,Diesel Car,Urban (not London),0.000138910341775,8.23486061563e-06,4.57777741758e-06
2016,Scotland,5,7.4,90,E85 Bioethanol Cars,Urban (not London),1.36811295306e-05,7.90854210209e-06,4.26777387474e-06
2016,Scotland,5,7.4,90,E85 Bioethanol LGV,Urban (not London),1.47509035742e-05,1.13358064482e-05,6.17282103121e-06
2016,Scotland,5,7.4,90,FCEV Bus,Urban (not London),0.0,3.13770142384e-05,1.58087914315e-05
2016,Scotland,5,7.4,90,FCEV Cars,Urban (not London),0.0,7.75497937866e-06,4.12188956034e-06
2016,Scotland,5,7.4,90,FCEV LGV,Urban (not London),0.0,1.09782886284e-05,5.83317932978e-06
2016,Scotland,5,7.4,90,Full Hybrid Diesel Cars,Urban (not London),0.000138910341775,8.23490972834e-06,4.57782380181e-06
2016,Scotland,5,7.4,90,Full Hybrid Petrol Cars,Urban (not London),1.23138734125e-05,7.94693278294e-06,4.30424506703e-06
2016,Scotland,5,7.4,90,Full Hybrid Petrol LGV,Urban (not London),3.29507338392e-06,1.14267668323e-05,6.25923303232e-06
2016,Scotland,5,7.4,90,Hybrid Bus,Urban (not London),0.000455785368104,3.96194227505e-05,2.36390787904e-05
2016,Scotland,5,7.4,90,LGV,Urban (not London),0.000365583138773,1.13336736831e-05,6.17079467702e-06
2016,Scotland,5,7.4,90,LPG Cars,Urban (not London),8.88888916961e-06,7.94540301285e-06,4.3027916945e-06
2016,Scotland,5,7.4,90,LPG LGV,Urban (not London),2.10061371035e-05,1.14267668323e-05,6.25923303232e-06
2016,Scotland,5,7.4,90,Motorcycle,Urban (not London),3.03063297906e-05,4.34793582826e-06,2.63582251137e-06
2016,Scotland,5,7.4,90,Petrol Car,Urban (not London),1.36811295306e-05,7.94693278294e-06,4.30424506703e-06
2016,Scotland,5,7.4,90,Plug-In Hybrid Petrol Cars,Urban (not London),1.23128866107e-05,7.92773698777e-06,4.28600969826e-06
2016,Scotland,5,7.4,90,Plug-In Hybrid Petrol LGV,Urban (not London),1.32758132168e-05,1.13819187391e-05,6.21662775302e-06
2016,Scotland,5,7.4,90,Rigid HGV,Urban (not London),0.000361843383871,3.80309356842e-05,2.25021831284e-05
2016,Scotland,5,7.4,100,Artic HGV,Urban (not London),0.000487182638608,4.74268454127e-05,2.98008872051e-05
2016,Scotland,5,7.4,100,B100 Artic HGV,Urban (not London),0.000535900879186,4.64104523417e-05,2.883531306e-05
2016,Scotland,5,7.4,100,B100 Bus,Urban (not London),0.000608989270404,4.02977857448e-05,2.42835212703e-05
2016,Scotland,5,7.4,100,B100 Coach,Urban (not London),0.000512811006047,3.8504927943e-05,2.25803087233e-05
2016,Scotland,5,7.4,100,B100 Rigid HGV,Urban (not London),0.00039802773972,3.73031689378e-05,2.1810803446e-05
2016,Scotland,5,7.4,100,Battery EV Cars,Urban (not London),0.0,7.75497937866e-06,4.12188956034e-06
2016,Scotland,5,7.4,100,Battery EV LGV,Urban (not London),0.0,1.09782886284e-05,5.83317932978e-06
2016,Scotland,5,7.4,100,Biogas Bus,Urban (not London),0.00069444446126,3.27659035975e-05,1.71282354131e-05
2016,Scotland,5,7.4,100,Biomethane Bus,Urban (not London),0.00069444446126,3.27659035975e-05,1.71282354131e-05
2016,Scotland,5,7.4,100,Bus and Coach,Urban (not London),0.000529144890606,4.10535103583e-05,2.50014618359e-05
2016,Scotland,5,7.4,100,CNG Bus,Urban (not London),0.00069444446126,3.27659035975e-05,1.71282354131e-05
2016,Scotland,5,7.4,100,Diesel Car,Urban (not London),0.000150619103806,8.22102265374e-06,4.56463067167e-06
2016,Scotland,5,7.4,100,E85 Bioethanol Cars,Urban (not London),1.40821530294e-05,7.92381069914e-06,4.28227986049e-06
2016,Scotland,5,7.4,100,E85 Bioethanol LGV,Urban (not London),1.51395024659e-05,1.14088597911e-05,6.24222184342e-06
2016,Scotland,5,7.4,100,FCEV Bus,Urban (not London),0.0,3.13770142384e-05,1.58087914315e-05
2016,Scotland,5,7.4,100,FCEV Cars,Urban (not London),0.0,7.75497937866e-06,4.12188956034e-06
2016,Scotland,5,7.4,100,FCEV LGV,Urban (not London),0.0,1.09782886284e-05,5.83317932978e-06
2016,Scotland,5,7.4,100,Full Hybrid Diesel Cars,Urban (not London),0.000150619103806,8.22107449494e-06,4.56467978438e-06
2016,Scotland,5,7.4,100,Full Hybrid Petrol Cars,Urban (not London),1.2674870959e-05,7.96601852926e-06,4.32237720815e-06
2016,Scotland,5,7.4,100,Full Hybrid Petrol LGV,Urban (not London),3.08757535095e-06,1.1519171494e-05,6.34701837043e-06
2016,Scotland,5,7.4,100,Hybrid Bus,Urban (not London),0.000455785368104,3.96194227505e-05,2.36390787904e-05
2016,Scotland,5,7.4,100,LGV,Urban (not London),0.000439983734395,1.13647229227e-05,6.20029186393e-06
2016,Scotland,5,7.4,100,LPG Cars,Urban (not London),8.88888916961e-06,7.96472795628e-06,4.32115075455e-06
2016,Scotland,5,7.4,100,LPG LGV,Urban (not London),2.51719229709e-05,1.1519171494e-05,6.34701837043e-06
2016,Scotland,5,7.4,100,Motorcycle,Urban (not London),3.67824795831e-05,4.34793582826e-06,2.63582251137e-06
2016,Scotland,5,7.4,100,Petrol Car,Urban (not London),1.40821530294e-05,7.96601852926e-06,4.32237720815e-06
2016,Scotland,5,7.4,100,Plug-In Hybrid Petrol Cars,Urban (not London),1.26737959363e-05,7.9449146142e-06,4.30232830695e-06
2016,Scotland,5,7.4,100,Plug-In Hybrid Petrol LGV,Urban (not London),1.36255521284e-05,1.14650838441e-05,6.29563464827e-06
2016,Scotland,5,7.4,100,Rigid HGV,Urban (not London),0.000361843383871,3.80309356842e-05,2.25021831284e-05
2016,Scotland,5,7.4,110,Artic HGV,Urban (not London),0.000487182638608,4.74268454127e-05,2.98008872051e-05
2016,Scotland,5,7.4,110,B100 Artic HGV,Urban (not London),0.000535900879186,4.64104523417e-05,2.883531306e-05
2016,Scotland,5,7.4,110,B100 Bus,Urban (not London),0.000608989270404,4.02977857448e-05,2.42835212703e-05
2016,Scotland,5,7.4,110,B100 Coach,Urban (not London),0.000512811006047,3.84115555789e-05,2.2491605705e-05
2016,Scotland,5,7.4,110,B100 Rigid HGV,Urban (not London),0.00039802773972,3.73031689378e-05,2.1810803446e-05
2016,Scotland,5,7.4,110,Battery EV Cars,Urban (not London),0.0,7.75497937866e-06,4.12188956034e-06
2016,Scotland,5,7.4,110,Battery EV LGV,Urban (not London),0.0,1.09782886284e-05,5.83317932978e-06
2016,Scotland,5,7.4,110,Biogas Bus,Urban (not London),0.00069444446126,3.27659035975e-05,1.71282354131e-05
2016,Scotland,5,7.4,110,Biomethane Bus,Urban (not London),0.00069444446126,3.27659035975e-05,1.71282354131e-05
2016,Scotland,5,7.4,110,Bus and Coach,Urban (not London),0.000529144890606,4.10535103583e-05,2.50014618359e-05
2016,Scotland,5,7.4,110,CNG Bus,Urban (not London),0.00069444446126,3.27659035975e-05,1.71282354131e-05
2016,Scotland,5,7.4,110,Diesel Car,Urban (not London),0.000170342624187,8.21275079943e-06,4.5567721827e-06
2016,Scotland,5,7.4,110,E85 Bioethanol Cars,Urban (not London),1.46069596667e-05,7.97662778496e-06,4.33245577369e-06
2016,Scotland,5,7.4,110,E85 Bioethanol LGV,Urban (not London),1.55679717864e-05,1.15045113489e-05,6.33309127807e-06
2016,Scotland,5,7.4,110,FCEV Bus,Urban (not London),0.0,3.13770142384e-05,1.58087914315e-05
2016,Scotland,5,7.4,110,FCEV Cars,Urban (not London),0.0,7.75497937866e-06,4.12188956034e-06
2016,Scotland,5,7.4,110,FCEV LGV,Urban (not London),0.0,1.09782886284e-05,5.83317932978e-06
2016,Scotland,5,7.4,110,Full Hybrid Diesel Cars,Urban (not London),0.000170342624187,8.21280627861e-06,4.55682584288e-06
2016,Scotland,5,7.4,110,Full Hybrid Petrol Cars,Urban (not London),1.3147278878e-05,8.03203965916e-06,4.38509732703e-06
2016,Scotland,5,7.4,110,Full Hybrid Petrol LGV,Urban (not London),2.90915477308e-06,1.16401615742e-05,6.4619589466e-06
2016,Scotland,5,7.4,110,Hybrid Bus,Urban (not London),0.000455785368104,3.96194227505e-05,2.36390787904e-05
2016,Scotland,5,7.4,110,LGV,Urban (not London),0.000552520737983,1.14118383863e-05,6.24505128144e-06
2016,Scotland,5,7.4,110,LPG Cars,Urban (not London),8.88888916961e-06,8.03157490736e-06,4.38465531261e-06
2016,Scotland,5,7.4,110,LPG LGV,Urban (not London),3.14871504088e-05,1.16401615742e-05,6.4619589466e-06
2016,Scotland,5,7.4,110,Motorcycle,Urban (not London),4.20815595135e-05,4.34793582826e-06,2.63582251137e-06
2016,Scotland,5,7.4,110,Petrol Car,Urban (not London),1.46069596667e-05,8.03203965916e-06,4.38509732703e-06
2016,Scotland,5,7.4,110,Plug-In Hybrid Petrol Cars,Urban (not London),1.31461092678e-05,8.00433372206e-06,4.35877655036e-06
2016,Scotland,5,7.4,110,Plug-In Hybrid Petrol LGV,Urban (not London),1.40111742439e-05,1.15739749162e-05,6.39908103039e-06
2016,Scotland,5,7.4,110,Rigid HGV,Urban (not London),0.000361843383871,3.80309356842e-05,2.25021831284e-05
2016,Scotland,5,7.4,120,Artic HGV,Urban (not London),0.000487182638608,4.74268454127e-05,2.98008872051e-05
2016,Scotland,5,7.4,120,B100 Artic HGV,Urban (not London),0.000535900879186,4.64104523417e-05,2.883531306e-05
2016,Scotland,5,7.4,120,B100 Bus,Urban (not London),0.000608989270404,4.02977857448e-05,2.42835212703e-05
2016,Scotland,5,7.4,120,B100 Coach,Urban (not London),0.000512811006047,3.84115555789e-05,2.2491605705e-05
2016,Scotland,5,7.4,120,B100 Rigid HGV,Urban (not London),0.00039802773972,3.73031689378e-05,2.1810803446e-05
2016,Scotland,5,7.4,120,Battery EV Cars,Urban (not London),0.0,7.75497937866e-06,4.12188956034e-06
2016,Scotland,5,7.4,120,Battery EV LGV,Urban (not London),0.0,1.09782886284e-05,5.83317932978e-06
2016,Scotland,5,7.4,120,Biogas Bus,Urban (not London),0.00069444446126,3.27659035975e-05,1.71282354131e-05
2016,Scotland,5,7.4,120,Biomethane Bus,Urban (not London),0.00069444446126,3.27659035975e-05,1.71282354131e-05
2016,Scotland,5,7.4,120,Bus and Coach,Urban (not London),0.000529144890606,4.10535103583e-05,2.50014618359e-05
2016,Scotland,5,7.4,120,CNG Bus,Urban (not London),0.00069444446126,3.27659035975e-05,1.71282354131e-05
2016,Scotland,5,7.4,120,Diesel Car,Urban (not London),0.000200883136131,8.20928744361e-06,4.55348208561e-06
2016,Scotland,5,7.4,120,E85 Bioethanol Cars,Urban (not London),1.52461270773e-05,8.09133871371e-06,4.44143142886e-06
2016,Scotland,5,7.4,120,E85 Bioethanol LGV,Urban (not London),1.55587495101e-05,1.16329474622e-05,6.45510499453e-06
2016,Scotland,5,7.4,120,FCEV Bus,Urban (not London),0.0,3.13770142384e-05,1.58087914315e-05
2016,Scotland,5,7.4,120,FCEV Cars,Urban (not London),0.0,7.75497937866e-06,4.12188956034e-06
2016,Scotland,5,7.4,120,FCEV LGV,Urban (not London),0.0,1.09782886284e-05,5.83317932978e-06
2016,Scotland,5,7.4,120,Full Hybrid Diesel Cars,Urban (not London),0.000200883136131,8.20934837975e-06,4.55354074802e-06
2016,Scotland,5,7.4,120,Full Hybrid Petrol Cars,Urban (not London),1.37226179504e-05,8.17542877485e-06,4.52131644124e-06
2016,Scotland,5,7.4,120,Full Hybrid Petrol LGV,Urban (not London),2.75405500361e-06,1.18026200653e-05,6.61629428578e-06
2016,Scotland,5,7.4,120,Hybrid Bus,Urban (not London),0.000455785368104,3.96194227505e-05,2.36390787904e-05
2016,Scotland,5,7.4,120,LGV,Urban (not London),0.000690572720487,1.1416860616e-05,6.24982294539e-06
2016,Scotland,5,7.4,120,LPG Cars,Urban (not London),8.88888916961e-06,8.17675663711e-06,4.52257836514e-06
2016,Scotland,5,7.4,120,LPG LGV,Urban (not London),3.92788060708e-05,1.18026200653e-05,6.61629428578e-06
2016,Scotland,5,7.4,120,Motorcycle,Urban (not London),4.83315161546e-05,4.34793582826e-06,2.63582251137e-06
2016,Scotland,5,7.4,120,Petrol Car,Urban (not London),1.52461270773e-05,8.17542877485e-06,4.52131689599e-06
2016,Scotland,5,7.4,120,Plug-In Hybrid Petrol Cars,Urban (not London),1.37213464768e-05,8.13338374428e-06,4.48137416242e-06
2016,Scotland,5,7.4,120,Plug-In Hybrid Petrol LGV,Urban (not London),1.40028741953e-05,1.17201871035e-05,6.53798269923e-06
2016,Scotland,5,7.4,120,Rigid HGV,Urban (not London),0.000361843383871,3.80309356842e-05,2.25021831284e-05
2016,Scotland,5,7.4,130,Artic HGV,Urban (not London),0.000487182638608,4.74268454127e-05,2.98008872051e-05
2016,Scotland,5,7.4,130,B100 Artic HGV,Urban (not London),0.000535900879186,4.64104523417e-05,2.883531306e-05
2016,Scotland,5,7.4,130,B100 Bus,Urban (not London),0.000608989270404,4.02977857448e-05,2.42835212703e-05
2016,Scotland,5,7.4,130,B100 Coach,Urban (not London),0.000512811006047,3.84115555789e-05,2.2491605705e-05
2016,Scotland,5,7.4,130,B100 Rigid HGV,Urban (not London),0.00039802773972,3.73031689378e-05,2.1810803446e-05
2016,Scotland,5,7.4,130,Battery EV Cars,Urban (not London),0.0,7.75497937866e-06,4.12188956034e-06
2016,Scotland,5,7.4,130,Battery EV LGV,Urban (not London),0.0,1.09782886284e-05,5.83317932978e-06
2016,Scotland,5,7.4,130,Biogas Bus,Urban (not London),0.00069444446126,3.27659035975e-05,1.71282354131e-05
2016,Scotland,5,7.4,130,Biomethane Bus,Urban (not London),0.00069444446126,3.27659035975e-05,1.71282354131e-05
2016,Scotland,5,7.4,130,Bus and Coach,Urban (not London),0.000529144890606,4.10535103583e-05,2.50014618359e-05
2016,Scotland,5,7.4,130,CNG Bus,Urban (not London),0.00069444446126,3.27659035975e-05,1.71282354131e-05
2016,Scotland,5,7.4,130,Diesel Car,Urban (not London),0.000247190648224,8.21007688501e-06,4.55423287349e-06
2016,Scotland,5,7.4,130,E85 Bioethanol Cars,Urban (not London),1.59923492902e-05,8.29842610983e-06,4.63816377305e-06
2016,Scotland,5,7.4,130,E85 Bioethanol LGV,Urban (not London),1.56771038746e-05,1.18089456009e-05,6.62230331727e-06
2016,Scotland,5,7.4,130,FCEV Bus,Urban (not London),0.0,3.13770142384e-05,1.58087914315e-05
2016,Scotland,5,7.4,130,FCEV Cars,Urban (not London),0.0,7.75497937866e-06,4.12188956034e-06
2016,Scotland,5,7.4,130,FCEV LGV,Urban (not London),0.0,1.09782886284e-05,5.83317932978e-06
2016,Scotland,5,7.4,130,Full Hybrid Diesel Cars,Urban (not London),0.000247190648224,8.2101460066e-06,4.55429790236e-06
2016,Scotland,5,7.4,130,Full Hybrid Petrol Cars,Urban (not London),1.4394313439e-05,8.43428642838e-06,4.76723198517e-06
2016,Scotland,5,7.4,130,Full Hybrid Petrol LGV,Urban (not London),2.70791110779e-06,1.20252398119e-05,6.82778318151e-06
2016,Scotland,5,7.4,130,Hybrid Bus,Urban (not London),0.000455785368104,3.96194227505e-05,2.36390787904e-05
2016,Scotland,5,7.4,130,LGV,Urban (not London),0.000810860889032,1.1424076547e-05,6.25667735221e-06
2016,Scotland,5,7.4,130,LPG Cars,Urban (not London),8.88888916961e-06,8.43885209179e-06,4.77156891066e-06
2016,Scotland,5,7.4,130,LPG LGV,Urban (not London),4.62031202915e-05,1.20252398119e-05,6.82778318151e-06
2016,Scotland,5,7.4,130,Motorcycle,Urban (not London),5.55891456315e-05,4.34793582826e-06,2.63582251137e-06
2016,Scotland,5,7.4,130,Petrol Car,Urban (not London),1.59923492902e-05,8.43428733788e-06,4.76723243992e-06
2016,Scotland,5,7.4,130,Plug-In Hybrid Petrol Cars,Urban (not London),1.4392932826e-05,8.36635626911e-06,4.70269787911e-06
2016,Scotland,5,7.4,130,Plug-In Hybrid Petrol LGV,Urban (not London),1.41093942148e-05,1.19205451483e-05,6.72832265991e-06
2016,Scotland,5,7.4,130,Rigid HGV,Urban (not London),0.000361843383871,3.80309356842e-05,2.25021831284e-05
2016,Scotland,5,7.4,140,Artic HGV,Urban (not London),0.000487182638608,4.74268454127e-05,2.98008872051e-05
2016,Scotland,5,7.4,140,B100 Artic HGV,Urban (not London),0.000535900879186,4.64104523417e-05,2.883531306e-05
2016,Scotland,5,7.4,140,B100 Bus,Urban (not London),0.000608989270404,4.02977857448e-05,2.42835212703e-05
2016,Scotland,5,7.4,140,B100 Coach,Urban (not London),0.000512811006047,3.84115555789e-05,2.2491605705e-05
2016,Scotland,5,7.4,140,B100 Rigid HGV,Urban (not London),0.00039802773972,3.73031689378e-05,2.1810803446e-05
2016,Scotland,5,7.4,140,Battery EV Cars,Urban (not London),0.0,7.75497937866e-06,4.12188956034e-06
2016,Scotland,5,7.4,140,Battery EV LGV,Urban (not London),0.0,1.09782886284e-05,5.83317932978e-06
2016,Scotland,5,7.4,140,Biogas Bus,Urban (not London),0.00069444446126,3.27659035975e-05,1.71282354131e-05
2016,Scotland,5,7.4,140,Biomethane Bus,Urban (not London),0.00069444446126,3.27659035975e-05,1.71282354131e-05
2016,Scotland,5,7.4,140,Bus and Coach,Urban (not London),0.000529144890606,4.10535103583e-05,2.50014618359e-05
2016,Scotland,5,7.4,140,CNG Bus,Urban (not London),0.00069444446126,3.27659035975e-05,1.71282354131e-05
2016,Scotland,5,7.4,140,Diesel Car,Urban (not London),0.000247190648224,8.21007688501e-06,4.55423287349e-06
2016,Scotland,5,7.4,140,E85 Bioethanol Cars,Urban (not London),1.59923492902e-05,8.29842610983e-06,4.63816377305e-06
2016,Scotland,5,7.4,140,E85 Bioethanol LGV,Urban (not London),1.56771038746e-05,1.19979422379e-05,6.80184984958e-06
2016,Scotland,5,7.4,140,FCEV Bus,Urban (not London),0.0,3.13770142384e-05,1.58087914315e-05
2016,Scotland,5,7.4,140,FCEV Cars,Urban (not London),0.0,7.75497937866e-06,4.12188956034e-06
2016,Scotland,5,7.4,140,FCEV LGV,Urban (not London),0.0,1.09782886284e-05,5.83317932978e-06
2016,Scotland,5,7.4,140,Full Hybrid Diesel Cars,Urban (not London),0.000247190648224,8.2101460066e-06,4.55429790236e-06
2016,Scotland,5,7.4,140,Full Hybrid Petrol Cars,Urban (not London),1.4394313439e-05,8.43428642838e-06,4.76723198517e-06
2016,Scotland,5,7.4,140,Full Hybrid Petrol LGV,Urban (not London),2.70791110779e-06,1.22643014038e-05,7.0548912845e-06
2016,Scotland,5,7.4,140,Hybrid Bus,Urban (not London),0.000455785368104,3.96194227505e-05,2.36390787904e-05
2016,Scotland,5,7.4,140,LGV,Urban (not London),0.000870344229043,1.14318045235e-05,6.26401879344e-06
2016,Scotland,5,7.4,140,LPG Cars,Urban (not London),8.88888916961e-06,8.43885209179e-06,4.77156891066e-06
2016,Scotland,5,7.4,140,LPG LGV,Urban (not London),4.99610869156e-05,1.22643014038e-05,7.0548912845e-06
2016,Scotland,5,7.4,140,Motorcycle,Urban (not London),6.38904602965e-05,4.34793582826e-06,2.63582251137e-06
2016,Scotland,5,7.4,140,Petrol Car,Urban (not London),1.59923492902e-05,8.43428733788e-06,4.76723243992e-06
2016,Scotland,5,7.4,140,Plug-In Hybrid Petrol Cars,Urban (not London),1.4392932826e-05,8.36635626911e-06,4.70269787911e-06
2016,Scotland,5,7.4,140,Plug-In Hybrid Petrol LGV,Urban (not London),1.41093942148e-05,1.21356997624e-05,6.9327197707e-06
2016,Scotland,5,7.4,140,Rigid HGV,Urban (not London),0.000361843383871,3.80309356842e-05,2.25021831284e-05
2016,Scotland,6,7.4,5,Artic HGV,Motorway (not London),0.00177927815821,2.59058979282e-05,1.68979331647e-05
2016,Scotland,6,7.4,5,B100 Artic HGV,Motorway (not London),0.00195720582269,2.54448204942e-05,1.64599096024e-05
2016,Scotland,6,7.4,5,B100 Bus,Motorway (not London),0.00201754248701,2.04079060495e-05,1.25033957374e-05
2016,Scotland,6,7.4,5,B100 Coach,Motorway (not London),0.00387927610427,5.18123997608e-05,4.23376659455e-05
2016,Scotland,6,7.4,5,B100 Rigid HGV,Motorway (not London),0.00184952863492,1.9541444999e-05,1.19658461699e-05
2016,Scotland,6,7.4,5,Battery EV Cars,Motorway (not London),0.0,4.0696081669e-06,2.40208009927e-06
2016,Scotland,6,7.4,5,Battery EV LGV,Motorway (not London),0.0,5.21319179825e-06,3.13913324135e-06
2016,Scotland,6,7.4,5,Biogas Bus,Motorway (not London),0.00069444446126,1.93561409105e-05,1.15042184916e-05
2016,Scotland,6,7.4,5,Biomethane Bus,Motorway (not London),0.00069444446126,1.93561409105e-05,1.15042184916e-05
2016,Scotland,6,7.4,5,Bus and Coach,Motorway (not London),0.00352661451325,2.35791012528e-05,1.55160305439e-05
2016,Scotland,6,7.4,5,CNG Bus,Motorway (not London),0.00069444446126,1.93561409105e-05,1.15042184916e-05
2016,Scotland,6,7.4,5,Diesel Car,Motorway (not London),0.000227842931054,5.18570550412e-06,3.46237220583e-06
2016,Scotland,6,7.4,5,E85 Bioethanol Cars,Motorway (not London),2.06019249163e-05,4.392999017e-06,2.70930127044e-06
2016,Scotland,6,7.4,5,E85 Bioethanol LGV,Motorway (not London),1.41857562994e-05,5.38675976713e-06,3.30402281179e-06
2016,Scotland,6,7.4,5,FCEV Bus,Motorway (not London),0.0,1.79672515515e-05,1.018477451e-05
2016,Scotland,6,7.4,5,FCEV Cars,Motorway (not London),0.0,4.0696081669e-06,2.40208009927e-06
2016,Scotland,6,7.4,5,FCEV LGV,Motorway (not London),0.0,5.21319179825e-06,3.13913324135e-06
2016,Scotland,6,7.4,5,Full Hybrid Diesel Cars,Motorway (not London),0.000227777592954,5.17339594808e-06,3.45067815033e-06
2016,Scotland,6,7.4,5,Full Hybrid Petrol Cars,Motorway (not London),1.01084224298e-05,4.47372758572e-06,2.78599350167e-06
2016,Scotland,6,7.4,5,Full Hybrid Petrol LGV,Motorway (not London),5.40557539352e-06,5.42816633242e-06,3.34335936714e-06
2016,Scotland,6,7.4,5,Hybrid Bus,Motorway (not London),0.00397092988715,3.7766447349e-05,2.89940089715e-05
2016,Scotland,6,7.4,5,LGV,Motorway (not London),0.000347204535501,6.53638744552e-06,4.39616906078e-06
2016,Scotland,6,7.4,5,LPG Cars,Motorway (not London),8.6111112978e-06,4.4727094064e-06,2.78502602669e-06
2016,Scotland,6,7.4,5,LPG LGV,Motorway (not London),6.84076367179e-05,5.42816633242e-06,3.34335936714e-06
2016,Scotland,6,7.4,5,Motorcycle,Motorway (not London),1.79103517439e-05,2.54074529948e-06,1.79528831268e-06
2016,Scotland,6,7.4,5,Petrol Car,Motorway (not London),2.06019249163e-05,4.47384672952e-06,2.78610650639e-06
2016,Scotland,6,7.4,5,Plug-In Hybrid Petrol Cars,Motorway (not London),1.99280566449e-06,4.11001155953e-06,2.44046282205e-06
2016,Scotland,6,7.4,5,Plug-In Hybrid Petrol LGV,Motorway (not London),1.60322940701e-06,5.23468906977e-06,3.15955594488e-06
2016,Scotland,6,7.4,5,Rigid HGV,Motorway (not London),0.00168138963636,1.98417656065e-05,1.22511519294e-05
2016,Scotland,6,7.4,6,Artic HGV,Motorway (not London),0.00104319129605,2.59058979282e-05,1.68979331647e-05
2016,Scotland,6,7.4,6,B100 Artic HGV,Motorway (not London),0.00114751048386,2.54448204942e-05,1.64599096024e-05
2016,Scotland,6,7.4,6,B100 Bus,Motorway (not London),0.00129608227871,2.04079060495e-05,1.25033957374e-05
2016,Scotland,6,7.4,6,B100 Coach,Motorway (not London),0.00255111488514,5.18123997608e-05,4.23376659455e-05
2016,Scotland,6,7.4,6,B100 Rigid HGV,Motorway (not London),0.00119158520829,1.9541444999e-05,1.19658461699e-05
2016,Scotland,6,7.4,6,Battery EV Cars,Motorway (not London),0.0,4.0696081669e-06,2.40208009927e-06
2016,Scotland,6,7.4,6,Battery EV LGV,Motorway (not London),0.0,5.21319179825e-06,3.13913324135e-06
2016,Scotland,6,7.4,6,Biogas Bus,Motorway (not London),0.00069444446126,1.93561409105e-05,1.15042184916e-05
2016,Scotland,6,7.4,6,Biomethane Bus,Motorway (not London),0.00069444446126,1.93561409105e-05,1.15042184916e-05
2016,Scotland,6,7.4,6,Bus and Coach,Motorway (not London),0.00231919530779,2.35791012528e-05,1.55160305439e-05
2016,Scotland,6,7.4,6,CNG Bus,Motorway (not London),0.00069444446126,1.93561409105e-05,1.15042184916e-05
2016,Scotland,6,7.4,6,Diesel Car,Motorway (not London),0.000227842931054,5.18570550412e-06,3.46237220583e-06
2016,Scotland,6,7.4,6,E85 Bioethanol Cars,Motorway (not London),2.03464041988e-05,4.38640427092e-06,2.70303598882e-06
2016,Scotland,6,7.4,6,E85 Bioethanol LGV,Motorway (not London),1.40273250508e-05,5.38059066457e-06,3.29816248268e-06
2016,Scotland,6,7.4,6,FCEV Bus,Motorway (not London),0.0,1.79672515515e-05,1.018477451e-05
2016,Scotland,6,7.4,6,FCEV Cars,Motorway (not London),0.0,4.0696081669e-06,2.40208009927e-06
2016,Scotland,6,7.4,6,FCEV LGV,Motorway (not London),0.0,5.21319179825e-06,3.13913324135e-06
2016,Scotland,6,7.4,6,Full Hybrid Diesel Cars,Motorway (not London),0.000227777592954,5.17339594808e-06,3.45067815033e-06
2016,Scotland,6,7.4,6,Full Hybrid Petrol Cars,Motorway (not London),9.98054292722e-06,4.46547664978e-06,2.77815479421e-06
2016,Scotland,6,7.4,6,Full Hybrid Petrol LGV,Motorway (not London),5.32586136615e-06,5.42040697837e-06,3.33598791258e-06
2016,Scotland,6,7.4,6,Hybrid Bus,Motorway (not London),0.00343760405667,3.7766447349e-05,2.89940089715e-05
2016,Scotland,6,7.4,6,LGV,Motorway (not London),0.000346862943843,6.36875847704e-06,4.23692154072e-06
2016,Scotland,6,7.4,6,LPG Cars,Motorway (not London),8.6111112978e-06,4.46439298685e-06,2.77712524621e-06
2016,Scotland,6,7.4,6,LPG LGV,Motorway (not London),6.84076367179e-05,5.42040697837e-06,3.33598791258e-06
2016,Scotland,6,7.4,6,Motorcycle,Motorway (not London),1.79103517439e-05,2.54074529948e-06,1.79528831268e-06
2016,Scotland,6,7.4,6,Petrol Car,Motorway (not London),2.03464041988e-05,4.46560306955e-06,2.77827507489e-06
2016,Scotland,6,7.4,6,Plug-In Hybrid Petrol Cars,Motorway (not London),1.96721202883e-06,4.10918573834e-06,2.43967838287e-06
2016,Scotland,6,7.4,6,Plug-In Hybrid Petrol LGV,Motorway (not London),1.58738623668e-06,5.23391327079e-06,3.15881879942e-06
2016,Scotland,6,7.4,6,Rigid HGV,Motorway (not London),0.00108325923793,1.98417656065e-05,1.22511519294e-05
2016,Scotland,6,7.4,7,Artic HGV,Motorway (not London),0.00072307739174,2.59058979282e-05,1.68979331647e-05
2016,Scotland,6,7.4,7,B100 Artic HGV,Motorway (not London),0.00079538510181,2.54448204942e-05,1.64599096024e-05
2016,Scotland,6,7.4,7,B100 Bus,Motorway (not London),0.00082029029727,2.04079060495e-05,1.25033957374e-05
2016,Scotland,6,7.4,7,B100 Coach,Motorway (not London),0.0017489742022,5.18123997608e-05,4.23376659455e-05
2016,Scotland,6,7.4,7,B100 Rigid HGV,Motorway (not London),0.000839654006995,1.9541444999e-05,1.19658461699e-05
2016,Scotland,6,7.4,7,Battery EV Cars,Motorway (not London),0.0,4.0696081669e-06,2.40208009927e-06
2016,Scotland,6,7.4,7,Battery EV LGV,Motorway (not London),0.0,5.21319179825e-06,3.13913324135e-06
2016,Scotland,6,7.4,7,Biogas Bus,Motorway (not London),0.00069444446126,1.93561409105e-05,1.15042184916e-05
2016,Scotland,6,7.4,7,Biomethane Bus,Motorway (not London),0.00069444446126,1.93561409105e-05,1.15042184916e-05
2016,Scotland,6,7.4,7,Bus and Coach,Motorway (not London),0.00158997648396,2.35791012528e-05,1.55160305439e-05
2016,Scotland,6,7.4,7,CNG Bus,Motorway (not London),0.00069444446126,1.93561409105e-05,1.15042184916e-05
2016,Scotland,6,7.4,7,Diesel Car,Motorway (not London),0.000227842931054,5.18570550412e-06,3.46237220583e-06
2016,Scotland,6,7.4,7,E85 Bioethanol Cars,Motorway (not London),2.00157774088e-05,4.3800819185e-06,2.69703014055e-06
2016,Scotland,6,7.4,7,E85 Bioethanol LGV,Motorway (not London),1.38317091114e-05,5.37388950761e-06,3.29179624714e-06
2016,Scotland,6,7.4,7,FCEV Bus,Motorway (not London),0.0,1.79672515515e-05,1.018477451e-05
2016,Scotland,6,7.4,7,FCEV Cars,Motorway (not London),0.0,4.0696081669e-06,2.40208009927e-06
2016,Scotland,6,7.4,7,FCEV LGV,Motorway (not London),0.0,5.21319179825e-06,3.13913324135e-06
2016,Scotland,6,7.4,7,Full Hybrid Diesel Cars,Motorway (not London),0.000227777592954,5.17339594808e-06,3.45067815033e-06
2016,Scotland,6,7.4,7,Full Hybrid Petrol Cars,Motorway (not London),9.81507764664e-06,4.45756631962e-06,2.77064032161e-06
2016,Scotland,6,7.4,7,Full Hybrid Petrol LGV,Motorway (not London),5.227438578e-06,5.41197778148e-06,3.3279800391e-06
2016,Scotland,6,7.4,7,Hybrid Bus,Motorway (not London),0.00304097239859,3.7766447349e-05,2.89940089715e-05
2016,Scotland,6,7.4,7,LGV,Motorway (not London),0.000346615386661,6.25135544396e-06,4.1253888412e-06
2016,Scotland,6,7.4,7,LPG Cars,Motorway (not London),8.6111112978e-06,4.45642035629e-06,2.76955120171e-06
2016,Scotland,6,7.4,7,LPG LGV,Motorway (not London),6.84076367179e-05,5.41197778148e-06,3.3279800391e-06
2016,Scotland,6,7.4,7,Motorcycle,Motorway (not London),1.79103517439e-05,2.54074529948e-06,1.79528831268e-06
2016,Scotland,6,7.4,7,Petrol Car,Motorway (not London),2.00157774088e-05,4.45770047008e-06,2.77076765087e-06
2016,Scotland,6,7.4,7,Plug-In Hybrid Petrol Cars,Motorway (not London),1.93409573512e-06,4.10839402321e-06,2.43892645813e-06
2016,Scotland,6,7.4,7,Plug-In Hybrid Petrol LGV,Motorway (not London),1.56782471095e-06,5.2330701692e-06,3.15801798934e-06
2016,Scotland,6,7.4,7,Rigid HGV,Motorway (not London),0.00076332181925,1.98417656065e-05,1.22511519294e-05
2016,Scotland,6,7.4,8,Artic HGV,Motorway (not London),0.000564825139008,2.59058979282e-05,1.68979331647e-05
2016,Scotland,6,7.4,8,B100 Artic HGV,Motorway (not London),0.000621307641268,2.54448204942e-05,1.64599096024e-05
2016,Scotland,6,7.4,8,B100 Bus,Motorway (not London),0.000548511219677,2.04079060495e-05,1.25033957374e-05
2016,Scotland,6,7.4,8,B100 Coach,Motorway (not London),0.00126230134629,5.18123997608e-05,4.23376659455e-05
2016,Scotland,6,7.4,8,B100 Rigid HGV,Motorway (not London),0.000651206006296,1.9541444999e-05,1.19658461699e-05
2016,Scotland,6,7.4,8,Battery EV Cars,Motorway (not London),0.0,4.0696081669e-06,2.40208009927e-06
2016,Scotland,6,7.4,8,Battery EV LGV,Motorway (not London),0.0,5.21319179825e-06,3.13913324135e-06
2016,Scotland,6,7.4,8,Biogas Bus,Motorway (not London),0.00069444446126,1.93561409105e-05,1.15042184916e-05
2016,Scotland,6,7.4,8,Biomethane Bus,Motorway (not London),0.00069444446126,1.93561409105e-05,1.15042184916e-05
2016,Scotland,6,7.4,8,Bus and Coach,Motorway (not London),0.00114754668903,2.35791012528e-05,1.55160305439e-05
2016,Scotland,6,7.4,8,CNG Bus,Motorway (not London),0.00069444446126,1.93561409105e-05,1.15042184916e-05
2016,Scotland,6,7.4,8,Diesel Car,Motorway (not London),0.000227842931054,5.18570550412e-06,3.46237220583e-06
2016,Scotland,6,7.4,8,E85 Bioethanol Cars,Motorway (not London),1.96655546461e-05,4.37402468378e-06,2.69127531283e-06
2016,Scotland,6,7.4,8,E85 Bioethanol LGV,Motorway (not London),1.36220596687e-05,5.36774314241e-06,3.28595729115e-06
2016,Scotland,6,7.4,8,FCEV Bus,Motorway (not London),0.0,1.79672515515e-05,1.018477451e-05
2016,Scotland,6,7.4,8,FCEV Cars,Motorway (not London),0.0,4.0696081669e-06,2.40208009927e-06
2016,Scotland,6,7.4,8,FCEV LGV,Motorway (not London),0.0,5.21319179825e-06,3.13913324135e-06
2016,Scotland,6,7.4,8,Full Hybrid Diesel Cars,Motorway (not London),0.000227777592954,5.17339594808e-06,3.45067815033e-06
2016,Scotland,6,7.4,8,Full Hybrid Petrol Cars,Motorway (not London),9.63980346569e-06,4.44998750027e-06,2.76344007943e-06
2016,Scotland,6,7.4,8,Full Hybrid Petrol LGV,Motorway (not London),5.121954473e-06,5.40424662177e-06,3.32063541464e-06
2016,Scotland,6,7.4,8,Hybrid Bus,Motorway (not London),0.00274155149236,3.7766447349e-05,2.89940089715e-05
2016,Scotland,6,7.4,8,LGV,Motorway (not London),0.000346426939359,6.16243096374e-06,4.04091042583e-06
2016,Scotland,6,7.4,8,LPG Cars,Motorway (not London),8.6111112978e-06,4.44878105554e-06,2.76229411611e-06
2016,Scotland,6,7.4,8,LPG LGV,Motorway (not London),6.84076367179e-05,5.40424662177e-06,3.32063541464e-06
2016,Scotland,6,7.4,8,Motorcycle,Motorway (not London),1.79103517439e-05,2.54074529948e-06,1.79528831268e-06
2016,Scotland,6,7.4,8,Petrol Car,Motorway (not London),1.96655546461e-05,4.45012847194e-06,2.7635742299e-06
2016,Scotland,6,7.4,8,Plug-In Hybrid Petrol Cars,Motorway (not London),1.89901663816e-06,4.10763550462e-06,2.43820591095e-06
2016,Scotland,6,7.4,8,Plug-In Hybrid Petrol LGV,Motorway (not London),1.5468597212e-06,5.2322970987e-06,3.15728357236e-06
2016,Scotland,6,7.4,8,Rigid HGV,Motorway (not London),0.000592005439103,1.98417656065e-05,1.22511519294e-05
2016,Scotland,6,7.4,9,Artic HGV,Motorway (not London),0.000473892665468,2.59058979282e-05,1.68979331647e-05
2016,Scotland,6,7.4,9,B100 Artic HGV,Motorway (not London),0.000521281908732,2.54448204942e-05,1.64599096024e-05
2016,Scotland,6,7.4,9,B100 Bus,Motorway (not London),0.000402736040996,2.04079060495e-05,1.25033957374e-05
2016,Scotland,6,7.4,9,B100 Coach,Motorway (not London),0.000962590274867,5.18123997608e-05,4.23376659455e-05
2016,Scotland,6,7.4,9,B100 Rigid HGV,Motorway (not London),0.000540298351552,1.9541444999e-05,1.19658461699e-05
2016,Scotland,6,7.4,9,Battery EV Cars,Motorway (not London),0.0,4.0696081669e-06,2.40208009927e-06
2016,Scotland,6,7.4,9,Battery EV LGV,Motorway (not London),0.0,5.21319179825e-06,3.13913324135e-06
2016,Scotland,6,7.4,9,Biogas Bus,Motorway (not London),0.00069444446126,1.93561409105e-05,1.15042184916e-05
2016,Scotland,6,7.4,9,Biomethane Bus,Motorway (not London),0.00069444446126,1.93561409105e-05,1.15042184916e-05
2016,Scotland,6,7.4,9,Bus and Coach,Motorway (not London),0.00087508209981,2.35791012528e-05,1.55160305439e-05
2016,Scotland,6,7.4,9,CNG Bus,Motorway (not London),0.00069444446126,1.93561409105e-05,1.15042184916e-05
2016,Scotland,6,7.4,9,Diesel Car,Motorway (not London),0.000227842931054,5.18570550412e-06,3.46237220583e-06
2016,Scotland,6,7.4,9,E85 Bioethanol Cars,Motorway (not London),1.93168234546e-05,4.36822301708e-06,2.68576400231e-06
2016,Scotland,6,7.4,9,E85 Bioethanol LGV,Motorway (not London),1.34090487336e-05,5.3624148677e-06,3.28089549839e-06
2016,Scotland,6,7.4,9,FCEV Bus,Motorway (not London),0.0,1.79672515515e-05,1.018477451e-05
2016,Scotland,6,7.4,9,FCEV Cars,Motorway (not London),0.0,4.0696081669e-06,2.40208009927e-06
2016,Scotland,6,7.4,9,FCEV LGV,Motorway (not London),0.0,5.21319179825e-06,3.13913324135e-06
2016,Scotland,6,7.4,9,Full Hybrid Diesel Cars,Motorway (not London),0.000227777592954,5.17339594808e-06,3.45067815033e-06
2016,Scotland,6,7.4,9,Full Hybrid Petrol Cars,Motorway (not London),9.46527597989e-06,4.44272882305e-06,2.75654451798e-06
2016,Scotland,6,7.4,9,Full Hybrid Petrol LGV,Motorway (not London),5.01477916259e-06,5.39754410056e-06,3.31426826961e-06
2016,Scotland,6,7.4,9,Hybrid Bus,Motorway (not London),0.00250743003562,3.7766447349e-05,2.89940089715e-05
2016,Scotland,6,7.4,9,LGV,Motorway (not London),0.000346278073266,6.09240305494e-06,3.97438407163e-06
2016,Scotland,6,7.4,9,LPG Cars,Motorway (not London),8.6111112978e-06,4.44146508016e-06,2.7553437576e-06
2016,Scotland,6,7.4,9,LPG LGV,Motorway (not London),6.84076367179e-05,5.39754410056e-06,3.31426826961e-06
2016,Scotland,6,7.4,9,Motorcycle,Motorway (not London),1.79103517439e-05,2.54074529948e-06,1.79528831268e-06
2016,Scotland,6,7.4,9,Petrol Car,Motorway (not London),1.93168234546e-05,4.44287661594e-06,2.75668503491e-06
2016,Scotland,6,7.4,9,Plug-In Hybrid Petrol Cars,Motorway (not London),1.86408681202e-06,4.1069092731e-06,2.43751583184e-06
2016,Scotland,6,7.4,9,Plug-In Hybrid Petrol LGV,Motorway (not London),1.52555867317e-06,5.23162680111e-06,3.15664692607e-06
2016,Scotland,6,7.4,9,Rigid HGV,Motorway (not London),0.000491180340759,1.98417656065e-05,1.22511519294e-05
2016,Scotland,6,7.4,10,Artic HGV,Motorway (not London),0.000414463138441,2.59058979282e-05,1.68979331647e-05
2016,Scotland,6,7.4,10,B100 Artic HGV,Motorway (not London),0.000455909437733,2.54448204942e-05,1.64599096024e-05
2016,Scotland,6,7.4,10,B100 Bus,Motorway (not London),0.000323861517245,2.04079060495e-05,1.25033957374e-05
2016,Scotland,6,7.4,10,B100 Coach,Motorway (not London),0.000773399253376,5.18123997608e-05,4.23376659455e-05
2016,Scotland,6,7.4,10,B100 Rigid HGV,Motorway (not London),0.000466945144581,1.9541444999e-05,1.19658461699e-05
2016,Scotland,6,7.4,10,Battery EV Cars,Motorway (not London),0.0,4.0696081669e-06,2.40208009927e-06
2016,Scotland,6,7.4,10,Battery EV LGV,Motorway (not London),0.0,5.21319179825e-06,3.13913324135e-06
2016,Scotland,6,7.4,10,Biogas Bus,Motorway (not London),0.00069444446126,1.93561409105e-05,1.15042184916e-05
2016,Scotland,6,7.4,10,Biomethane Bus,Motorway (not London),0.00069444446126,1.93561409105e-05,1.15042184916e-05
2016,Scotland,6,7.4,10,Bus and Coach,Motorway (not London),0.000703090219758,2.35791012528e-05,1.55160305439e-05
2016,Scotland,6,7.4,10,CNG Bus,Motorway (not London),0.00069444446126,1.93561409105e-05,1.15042184916e-05
2016,Scotland,6,7.4,10,Diesel Car,Motorway (not London),0.000227842931054,5.18570550412e-06,3.46237220583e-06
2016,Scotland,6,7.4,10,E85 Bioethanol Cars,Motorway (not London),1.8977723812e-05,4.36266964243e-06,2.68048825092e-06
2016,Scotland,6,7.4,10,E85 Bioethanol LGV,Motorway (not London),1.31978749778e-05,5.3579087762e-06,3.27661450683e-06
2016,Scotland,6,7.4,10,FCEV Bus,Motorway (not London),0.0,1.79672515515e-05,1.018477451e-05
2016,Scotland,6,7.4,10,FCEV Cars,Motorway (not London),0.0,4.0696081669e-06,2.40208009927e-06
2016,Scotland,6,7.4,10,FCEV LGV,Motorway (not London),0.0,5.21319179825e-06,3.13913324135e-06
2016,Scotland,6,7.4,10,Full Hybrid Diesel Cars,Motorway (not London),0.000227777592954,5.17339594808e-06,3.45067815033e-06
2016,Scotland,6,7.4,10,Full Hybrid Petrol Cars,Motorway (not London),9.29556881601e-06,4.43578073828e-06,2.74994363281e-06
2016,Scotland,6,7.4,10,Full Hybrid Petrol LGV,Motorway (not London),4.90852789881e-06,5.39187612958e-06,3.30888337885e-06
2016,Scotland,6,7.4,10,Hybrid Bus,Motorway (not London),0.00231695338152,3.7766447349e-05,2.89940089715e-05
2016,Scotland,6,7.4,10,LGV,Motorway (not London),0.000346157088643,6.0357442635e-06,3.92055790144e-06
2016,Scotland,6,7.4,10,LPG Cars,Motorway (not London),8.6111112978e-06,4.43446151621e-06,2.74869057648e-06
2016,Scotland,6,7.4,10,LPG LGV,Motorway (not London),6.84076367179e-05,5.39187612958e-06,3.30888337885e-06
2016,Scotland,6,7.4,10,Motorcycle,Motorway (not London),1.79103517439e-05,2.54074529948e-06,1.79528831268e-06
2016,Scotland,6,7.4,10,Petrol Car,Motorway (not London),1.8977723812e-05,4.43593489763e-06,2.75009028883e-06
2016,Scotland,6,7.4,10,Plug-In Hybrid Petrol Cars,Motorway (not London),1.83012184607e-06,4.10621396441e-06,2.43685531132e-06
2016,Scotland,6,7.4,10,Plug-In Hybrid Petrol LGV,Motorway (not London),1.50444122937e-06,5.23106018591e-06,3.15610827784e-06
2016,Scotland,6,7.4,10,Rigid HGV,Motorway (not London),0.000424495578045,1.98417656065e-05,1.22511519294e-05
2016,Scotland,6,7.4,12,Artic HGV,Motorway (not London),0.000338610901963,2.51918954746e-05,1.62196301972e-05
2016,Scotland,6,7.4,12,B100 Artic HGV,Motorway (not London),0.000372471986338,2.48022170126e-05,1.58494367497e-05
2016,Scotland,6,7.4,12,B100 Bus,Motorway (not London),0.000250507117016,2.00859067263e-05,1.219749538e-05
2016,Scotland,6,7.4,12,B100 Coach,Motorway (not London),0.000566488306504,4.98055705975e-05,4.04311795137e-05
2016,Scotland,6,7.4,12,B100 Rigid HGV,Motorway (not London),0.000372894224711,1.91586259461e-05,1.1602169252e-05
2016,Scotland,6,7.4,12,Battery EV Cars,Motorway (not London),0.0,4.0696081669e-06,2.40208009927e-06
2016,Scotland,6,7.4,12,Battery EV LGV,Motorway (not London),0.0,5.21319179825e-06,3.13913324135e-06
2016,Scotland,6,7.4,12,Biogas Bus,Motorway (not London),0.00069444446126,1.93561409105e-05,1.15042184916e-05
2016,Scotland,6,7.4,12,Biomethane Bus,Motorway (not London),0.00069444446126,1.93561409105e-05,1.15042184916e-05
2016,Scotland,6,7.4,12,Bus and Coach,Motorway (not London),0.000514989369549,2.26985575864e-05,1.46795146065e-05
2016,Scotland,6,7.4,12,CNG Bus,Motorway (not London),0.00069444446126,1.93561409105e-05,1.15042184916e-05
2016,Scotland,6,7.4,12,Diesel Car,Motorway (not London),0.000215079810005,5.08278117195e-06,3.36459402206e-06
2016,Scotland,6,7.4,12,E85 Bioethanol Cars,Motorway (not London),1.83723950613e-05,4.35227411799e-06,2.67061273007e-06
2016,Scotland,6,7.4,12,E85 Bioethanol LGV,Motorway (not London),1.28480114654e-05,5.35104891242e-06,3.27009774992e-06
2016,Scotland,6,7.4,12,FCEV Bus,Motorway (not London),0.0,1.79672515515e-05,1.018477451e-05
2016,Scotland,6,7.4,12,FCEV Cars,Motorway (not London),0.0,4.0696081669e-06,2.40208009927e-06
2016,Scotland,6,7.4,12,FCEV LGV,Motorway (not London),0.0,5.21319179825e-06,3.13913324135e-06
2016,Scotland,6,7.4,12,Full Hybrid Diesel Cars,Motorway (not London),0.000215018138988,5.07065169586e-06,3.35307140631e-06
2016,Scotland,6,7.4,12,Full Hybrid Petrol Cars,Motorway (not London),8.99079259398e-06,4.42277450929e-06,2.73758791991e-06
2016,Scotland,6,7.4,12,Full Hybrid Petrol LGV,Motorway (not London),4.70314353151e-06,5.3832472986e-06,3.30068633048e-06
2016,Scotland,6,7.4,12,Hybrid Bus,Motorway (not London),0.00201882841066,3.57366188837e-05,2.70656746579e-05
2016,Scotland,6,7.4,12,LGV,Motorway (not London),0.0003238019126,5.939528819e-06,3.82915368391e-06
2016,Scotland,6,7.4,12,LPG Cars,Motorway (not London),8.6111112978e-06,4.42135251433e-06,2.73623686553e-06
2016,Scotland,6,7.4,12,LPG LGV,Motorway (not London),6.40314538032e-05,5.3832472986e-06,3.30068633048e-06
2016,Scotland,6,7.4,12,Motorcycle,Motorway (not London),1.66959962371e-05,2.54074529948e-06,1.79528831268e-06
2016,Scotland,6,7.4,12,Petrol Car,Motorway (not London),1.83723950613e-05,4.42294094682e-06,2.73774594461e-06
2016,Scotland,6,7.4,12,Plug-In Hybrid Petrol Cars,Motorway (not London),1.76884998382e-06,4.10491247749e-06,2.43561885327e-06
2016,Scotland,6,7.4,12,Plug-In Hybrid Petrol LGV,Motorway (not London),1.47278672102e-06,5.23019707543e-06,3.15528859574e-06
2016,Scotland,6,7.4,12,Rigid HGV,Motorway (not London),0.000338994752383,1.94164131244e-05,1.18470661619e-05
2016,Scotland,6,7.4,14,Artic HGV,Motorway (not London),0.000289449439151,2.4691951694e-05,1.57446829689e-05
2016,Scotland,6,7.4,14,B100 Artic HGV,Motorway (not London),0.000318394391797,2.43522681558e-05,1.54219851538e-05
2016,Scotland,6,7.4,14,B100 Bus,Motorway (not London),0.000216568951146,1.98545058083e-05,1.19776659631e-05
2016,Scotland,6,7.4,14,B100 Coach,Motorway (not London),0.000463999895146,4.62252646685e-05,3.70298876078e-05
2016,Scotland,6,7.4,14,B100 Rigid HGV,Motorway (not London),0.000312614894938,1.88811773114e-05,1.13385922305e-05
2016,Scotland,6,7.4,14,Battery EV Cars,Motorway (not London),0.0,4.0696081669e-06,2.40208009927e-06
2016,Scotland,6,7.4,14,Battery EV LGV,Motorway (not London),0.0,5.21319179825e-06,3.13913324135e-06
2016,Scotland,6,7.4,14,Biogas Bus,Motorway (not London),0.00069444446126,1.93561409105e-05,1.15042184916e-05
2016,Scotland,6,7.4,14,Biomethane Bus,Motorway (not London),0.00069444446126,1.93561409105e-05,1.15042184916e-05
2016,Scotland,6,7.4,14,Bus and Coach,Motorway (not London),0.000421818083851,2.20676938625e-05,1.40801939779e-05
2016,Scotland,6,7.4,14,CNG Bus,Motorway (not London),0.00069444446126,1.93561409105e-05,1.15042184916e-05
2016,Scotland,6,7.4,14,Diesel Car,Motorway (not London),0.000204665586352,5.00010355609e-06,3.28605028699e-06
2016,Scotland,6,7.4,14,E85 Bioethanol Cars,Motorway (not London),1.78201826202e-05,4.34277444583e-06,2.66158804152e-06
2016,Scotland,6,7.4,14,E85 Bioethanol LGV,Motorway (not London),1.25191627376e-05,5.346485068e-06,3.2657619613e-06
2016,Scotland,6,7.4,14,FCEV Bus,Motorway (not London),0.0,1.79672515515e-05,1.018477451e-05
2016,Scotland,6,7.4,14,FCEV Cars,Motorway (not London),0.0,4.0696081669e-06,2.40208009927e-06
2016,Scotland,6,7.4,14,FCEV LGV,Motorway (not London),0.0,5.21319179825e-06,3.13913324135e-06
2016,Scotland,6,7.4,14,Full Hybrid Diesel Cars,Motorway (not London),0.000204606898478,4.98817280459e-06,3.27471616401e-06
2016,Scotland,6,7.4,14,Full Hybrid Petrol Cars,Motorway (not London),8.71249540069e-06,4.41088877778e-06,2.72629654319e-06
2016,Scotland,6,7.4,14,Full Hybrid Petrol LGV,Motorway (not London),4.50824791187e-06,5.37750656804e-06,3.29523231812e-06
2016,Scotland,6,7.4,14,Hybrid Bus,Motorway (not London),0.00179031398147,3.41638224199e-05,2.55715149251e-05
2016,Scotland,6,7.4,14,LGV,Motorway (not London),0.000307639420498,5.86844089412e-06,3.76162006432e-06
2016,Scotland,6,7.4,14,LPG Cars,Motorway (not London),8.6111112978e-06,4.40937265012e-06,2.72485613095e-06
2016,Scotland,6,7.4,14,LPG LGV,Motorway (not London),6.0840829974e-05,5.37750656804e-06,3.29523231812e-06
2016,Scotland,6,7.4,14,Motorcycle,Motorway (not London),1.55753623403e-05,2.54074529948e-06,1.79528831268e-06
2016,Scotland,6,7.4,14,Petrol Car,Motorway (not London),1.78201826202e-05,4.41106612925e-06,2.72646502708e-06
2016,Scotland,6,7.4,14,Plug-In Hybrid Petrol Cars,Motorway (not London),1.71286171735e-06,4.10372331316e-06,2.43448903348e-06
2016,Scotland,6,7.4,14,Plug-In Hybrid Petrol LGV,Motorway (not London),1.44330113017e-06,5.22962318428e-06,3.15474335366e-06
2016,Scotland,6,7.4,14,Rigid HGV,Motorway (not London),0.000284195353743,1.91081362573e-05,1.15542034109e-05
2016,Scotland,6,7.4,16,Artic HGV,Motorway (not London),0.000253485224675,2.43206304731e-05,1.53919299919e-05
2016,Scotland,6,7.4,16,B100 Artic HGV,Motorway (not London),0.000278833729681,2.40180797846e-05,1.51045060193e-05
2016,Scotland,6,7.4,16,B100 Bus,Motorway (not London),0.000194643929717,1.9679469915e-05,1.18113803182e-05
2016,Scotland,6,7.4,16,B100 Coach,Motorway (not London),0.000403766316595,4.34524445154e-05,3.43957071891e-05
2016,Scotland,6,7.4,16,B100 Rigid HGV,Motorway (not London),0.000269425072474,1.86704764928e-05,1.1138426089e-05
2016,Scotland,6,7.4,16,Battery EV Cars,Motorway (not London),0.0,4.0696081669e-06,2.40208009927e-06
2016,Scotland,6,7.4,16,Battery EV LGV,Motorway (not London),0.0,5.21319179825e-06,3.13913324135e-06
2016,Scotland,6,7.4,16,Biogas Bus,Motorway (not London),0.00069444446126,1.93561409105e-05,1.15042184916e-05
2016,Scotland,6,7.4,16,Biomethane Bus,Motorway (not London),0.00069444446126,1.93561409105e-05,1.15042184916e-05
2016,Scotland,6,7.4,16,Bus and Coach,Motorway (not London),0.000367060274584,2.15938525798e-05,1.36300450322e-05
2016,Scotland,6,7.4,16,CNG Bus,Motorway (not London),0.00069444446126,1.93561409105e-05,1.15042184916e-05
2016,Scotland,6,7.4,16,Diesel Car,Motorway (not London),0.000195802625967,4.93201105201e-06,3.22136247632e-06
2016,Scotland,6,7.4,16,E85 Bioethanol Cars,Motorway (not London),1.73155476659e-05,4.33410787082e-06,2.65335461336e-06
2016,Scotland,6,7.4,16,E85 Bioethanol LGV,Motorway (not London),1.21796965686e-05,5.34365699423e-06,3.26307554133e-06
2016,Scotland,6,7.4,16,FCEV Bus,Motorway (not London),0.0,1.79672515515e-05,1.018477451e-05
2016,Scotland,6,7.4,16,FCEV Cars,Motorway (not London),0.0,4.0696081669e-06,2.40208009927e-06
2016,Scotland,6,7.4,16,FCEV LGV,Motorway (not London),0.0,5.21319179825e-06,3.13913324135e-06
2016,Scotland,6,7.4,16,Full Hybrid Diesel Cars,Motorway (not London),0.000195746484678,4.92028857479e-06,3.21022616845e-06
2016,Scotland,6,7.4,16,Full Hybrid Petrol Cars,Motorway (not London),8.45790236781e-06,4.4000453272e-06,2.71599537882e-06
2016,Scotland,6,7.4,16,Full Hybrid Petrol LGV,Motorway (not London),4.3079248826e-06,5.37394953426e-06,3.29185331793e-06
2016,Scotland,6,7.4,16,Hybrid Bus,Motorway (not London),0.00160647102166,3.29077229253e-05,2.43782196776e-05
2016,Scotland,6,7.4,16,LGV,Motorway (not London),0.000295358331641,5.81352651352e-06,3.70945122086e-06
2016,Scotland,6,7.4,16,LPG Cars,Motorway (not London),8.6111112978e-06,4.39844325228e-06,2.71447333944e-06
2016,Scotland,6,7.4,16,LPG LGV,Motorway (not London),5.83952314628e-05,5.37394953426e-06,3.29185331793e-06
2016,Scotland,6,7.4,16,Motorcycle,Motorway (not London),1.45469266499e-05,2.54074529948e-06,1.79528831268e-06
2016,Scotland,6,7.4,16,Petrol Car,Motorway (not London),1.73155476659e-05,4.40023268311e-06,2.71617341241e-06
2016,Scotland,6,7.4,16,Plug-In Hybrid Petrol Cars,Motorway (not London),1.66160180015e-06,4.10263783124e-06,2.43345812123e-06
2016,Scotland,6,7.4,16,Plug-In Hybrid Petrol LGV,Motorway (not London),1.41282112054e-06,5.22926757185e-06,3.15440524901e-06
2016,Scotland,6,7.4,16,Rigid HGV,Motorway (not London),0.000244931899942,1.88740232261e-05,1.1331796486e-05
2016,Scotland,6,7.4,18,Artic HGV,Motorway (not London),0.000225452560699,2.40334193222e-05,1.51190788529e-05
2016,Scotland,6,7.4,18,B100 Artic HGV,Motorway (not London),0.000247997813858,2.37595904764e-05,1.48589406308e-05
2016,Scotland,6,7.4,18,B100 Bus,Motorway (not London),0.000177519366844,1.95417160285e-05,1.16805149446e-05
2016,Scotland,6,7.4,18,B100 Coach,Motorway (not London),0.000362581282388,4.12375702581e-05,3.22915766446e-05
2016,Scotland,6,7.4,18,B100 Rigid HGV,Motorway (not London),0.000236486157519,1.85047883861e-05,1.09810225695e-05
2016,Scotland,6,7.4,18,Battery EV Cars,Motorway (not London),0.0,4.0696081669e-06,2.40208009927e-06
2016,Scotland,6,7.4,18,Battery EV LGV,Motorway (not London),0.0,5.21319179825e-06,3.13913324135e-06
2016,Scotland,6,7.4,18,Biogas Bus,Motorway (not London),0.00069444446126,1.93561409105e-05,1.15042184916e-05
2016,Scotland,6,7.4,18,Biomethane Bus,Motorway (not London),0.00069444446126,1.93561409105e-05,1.15042184916e-05
2016,Scotland,6,7.4,18,Bus and Coach,Motorway (not London),0.000329619331751,2.12249979086e-05,1.32796330945e-05
2016,Scotland,6,7.4,18,CNG Bus,Motorway (not London),0.00069444446126,1.93561409105e-05,1.15042184916e-05
2016,Scotland,6,7.4,18,Diesel Car,Motorway (not London),0.000188044024981,4.87485158374e-06,3.16706109516e-06
2016,Scotland,6,7.4,18,E85 Bioethanol Cars,Motorway (not London),1.68522510648e-05,4.32621300206e-06,2.6458544653e-06
2016,Scotland,6,7.4,18,E85 Bioethanol LGV,Motorway (not London),1.20757986224e-05,5.34216633241e-06,3.26165945808e-06
2016,Scotland,6,7.4,18,FCEV Bus,Motorway (not London),0.0,1.79672515515e-05,1.018477451e-05
2016,Scotland,6,7.4,18,FCEV Cars,Motorway (not London),0.0,4.0696081669e-06,2.40208009927e-06
2016,Scotland,6,7.4,18,FCEV LGV,Motorway (not London),0.0,5.21319179825e-06,3.13913324135e-06
2016,Scotland,6,7.4,18,Full Hybrid Diesel Cars,Motorway (not London),0.000187990110135,4.86334283778e-06,3.1561276046e-06
2016,Scotland,6,7.4,18,Full Hybrid Petrol Cars,Motorway (not London),8.22389210953e-06,4.39016775999e-06,2.70661121249e-06
2016,Scotland,6,7.4,18,Full Hybrid Petrol LGV,Motorway (not London),4.2260421651e-06,5.37207461093e-06,3.29007184519e-06
2016,Scotland,6,7.4,18,Hybrid Bus,Motorway (not London),0.00145406892989,3.18783095281e-05,2.34002800426e-05
2016,Scotland,6,7.4,18,LGV,Motorway (not London),0.000285684131086,5.76967840971e-06,3.66779590877e-06
2016,Scotland,6,7.4,18,LPG Cars,Motorway (not London),8.6111112978e-06,4.38848701378e-06,2.70501482191e-06
2016,Scotland,6,7.4,18,LPG LGV,Motorway (not London),5.64500005567e-05,5.37207461093e-06,3.29007184519e-06
2016,Scotland,6,7.4,18,Motorcycle,Motorway (not London),1.36091930472e-05,2.54074529948e-06,1.79528831268e-06
2016,Scotland,6,7.4,18,Petrol Car,Motorway (not London),1.68522510648e-05,4.39036421085e-06,2.70679788628e-06
2016,Scotland,6,7.4,18,Plug-In Hybrid Petrol Cars,Motorway (not London),1.61444540936e-06,4.10164966524e-06,2.43251906795e-06
2016,Scotland,6,7.4,18,Plug-In Hybrid Petrol LGV,Motorway (not London),1.40596546316e-06,5.22907976119e-06,3.15422721542e-06
2016,Scotland,6,7.4,18,Rigid HGV,Motorway (not London),0.000214987419895,1.86899269465e-05,1.11569033834e-05
2016,Scotland,6,7.4,20,Artic HGV,Motorway (not London),0.000202760871616,2.38044412981e-05,1.49015504576e-05
2016,Scotland,6,7.4,20,B100 Artic HGV,Motorway (not London),0.000223036971875,2.35535098909e-05,1.46631655298e-05
2016,Scotland,6,7.4,20,B100 Bus,Motorway (not London),0.000163003394846,1.94297390408e-05,1.15741368063e-05
2016,Scotland,6,7.4,20,B100 Coach,Motorway (not London),0.000331081188051,3.94252201659e-05,3.05698449665e-05
2016,Scotland,6,7.4,20,B100 Rigid HGV,Motorway (not London),0.000210344078369,1.83709325938e-05,1.08538597487e-05
2016,Scotland,6,7.4,20,Battery EV Cars,Motorway (not London),0.0,4.0696081669e-06,2.40208009927e-06
2016,Scotland,6,7.4,20,Battery EV LGV,Motorway (not London),0.0,5.21319179825e-06,3.13913324135e-06
2016,Scotland,6,7.4,20,Biogas Bus,Motorway (not London),0.00069444446126,1.93561409105e-05,1.15042184916e-05
2016,Scotland,6,7.4,20,Biomethane Bus,Motorway (not London),0.00069444446126,1.93561409105e-05,1.15042184916e-05
2016,Scotland,6,7.4,20,Bus and Coach,Motorway (not London),0.000300982908811,2.09297522815e-05,1.29991494759e-05
2016,Scotland,6,7.4,20,CNG Bus,Motorway (not London),0.00069444446126,1.93561409105e-05,1.15042184916e-05
2016,Scotland,6,7.4,20,Diesel Car,Motorway (not London),0.000181118623004,4.82612767883e-06,3.1207732718e-06
2016,Scotland,6,7.4,20,E85 Bioethanol Cars,Motorway (not London),1.64249104273e-05,4.3190298129e-06,2.63903052655e-06
2016,Scotland,6,7.4,20,E85 Bioethanol LGV,Motorway (not London),1.17770314318e-05,5.34173250344e-06,3.26124700223e-06
2016,Scotland,6,7.4,20,FCEV Bus,Motorway (not London),0.0,1.79672515515e-05,1.018477451e-05
2016,Scotland,6,7.4,20,FCEV Cars,Motorway (not London),0.0,4.0696081669e-06,2.40208009927e-06
2016,Scotland,6,7.4,20,FCEV LGV,Motorway (not London),0.0,5.21319179825e-06,3.13913324135e-06
2016,Scotland,6,7.4,20,Full Hybrid Diesel Cars,Motorway (not London),0.000181066687219,4.81483402837e-06,3.11004464493e-06
2016,Scotland,6,7.4,20,Full Hybrid Petrol Cars,Motorway (not London),8.00777070253e-06,4.3811805881e-06,2.69807355835e-06
2016,Scotland,6,7.4,20,Full Hybrid Petrol LGV,Motorway (not London),4.04602769777e-06,5.37152845936e-06,3.28955320583e-06
2016,Scotland,6,7.4,20,Hybrid Bus,Motorway (not London),0.00132508785464,3.10162322421e-05,2.25813037105e-05
2016,Scotland,6,7.4,20,LGV,Motorway (not London),0.000277834187727,5.73376337343e-06,3.63367666978e-06
2016,Scotland,6,7.4,20,LPG Cars,Motorway (not London),8.6111112978e-06,4.3794289013e-06,2.69640963779e-06
2016,Scotland,6,7.4,20,LPG LGV,Motorway (not London),5.48584466742e-05,5.37152845936e-06,3.28955320583e-06
2016,Scotland,6,7.4,20,Motorcycle,Motorway (not London),1.27606990645e-05,2.54074529948e-06,1.79528831268e-06
2016,Scotland,6,7.4,20,Petrol Car,Motorway (not London),1.64249104273e-05,4.38138522441e-06,2.69826819022e-06
2016,Scotland,6,7.4,20,Plug-In Hybrid Petrol Cars,Motorway (not London),1.57085355568e-06,4.10075017498e-06,2.43166482505e-06
2016,Scotland,6,7.4,20,Plug-In Hybrid Petrol LGV,Motorway (not London),1.37969027492e-06,5.22902519151e-06,3.15417537422e-06
2016,Scotland,6,7.4,20,Rigid HGV,Motorway (not London),0.00019122188678,1.8541197278e-05,1.10156115625e-05
2016,Scotland,6,7.4,25,Artic HGV,Motorway (not London),0.000160902738571,2.33936480072e-05,1.4511297195e-05
2016,Scotland,6,7.4,25,B100 Artic HGV,Motorway (not London),0.00017699302407,2.31837966567e-05,1.43119368659e-05
2016,Scotland,6,7.4,25,B100 Bus,Motorway (not London),0.000133783498313,1.92198258446e-05,1.1374719179e-05
2016,Scotland,6,7.4,25,B100 Coach,Motorway (not London),0.000272748642601,3.60617050319e-05,2.73745026789e-05
2016,Scotland,6,7.4,25,B100 Rigid HGV,Motorway (not London),0.000163387172506,1.81265404535e-05,1.06216866698e-05
2016,Scotland,6,7.4,25,Battery EV Cars,Motorway (not London),0.0,4.0696081669e-06,2.40208009927e-06
2016,Scotland,6,7.4,25,Battery EV LGV,Motorway (not London),0.0,5.21319179825e-06,3.13913324135e-06
2016,Scotland,6,7.4,25,Biogas Bus,Motorway (not London),0.00069444446126,1.93561409105e-05,1.15042184916e-05
2016,Scotland,6,7.4,25,Biomethane Bus,Motorway (not London),0.00069444446126,1.93561409105e-05,1.15042184916e-05
2016,Scotland,6,7.4,25,Bus and Coach,Motorway (not London),0.000247953314101,2.03980143851e-05,1.24939979287e-05
2016,Scotland,6,7.4,25,CNG Bus,Motorway (not London),0.00069444446126,1.93561409105e-05,1.15042184916e-05
2016,Scotland,6,7.4,25,Diesel Car,Motorway (not London),0.000166434474522,4.73068712381e-06,3.03010506286e-06
2016,Scotland,6,7.4,25,E85 Bioethanol Cars,Motorway (not London),1.54870976985e-05,4.30381169281e-06,2.62457319877e-06
2016,Scotland,6,7.4,25,E85 Bioethanol LGV,Motorway (not London),1.12505749712e-05,5.34409036845e-06,3.26348708768e-06
2016,Scotland,6,7.4,25,FCEV Bus,Motorway (not London),0.0,1.79672515515e-05,1.018477451e-05
2016,Scotland,6,7.4,25,FCEV Cars,Motorway (not London),0.0,4.0696081669e-06,2.40208009927e-06
2016,Scotland,6,7.4,25,FCEV LGV,Motorway (not London),0.0,5.21319179825e-06,3.13913324135e-06
2016,Scotland,6,7.4,25,Full Hybrid Diesel Cars,Motorway (not London),0.00016638674424,4.7199259825e-06,3.01988188767e-06
2016,Scotland,6,7.4,25,Full Hybrid Petrol Cars,Motorway (not London),7.53233553041e-06,4.36213986177e-06,2.67998507297e-06
2016,Scotland,6,7.4,25,Full Hybrid Petrol LGV,Motorway (not London),3.70654333892e-06,5.37449432159e-06,3.29237082042e-06
2016,Scotland,6,7.4,25,Hybrid Bus,Motorway (not London),0.00107416033279,2.93569355563e-05,2.10049729503e-05
2016,Scotland,6,7.4,25,LGV,Motorway (not London),0.000263409485342,5.66690050618e-06,3.57015665031e-06
2016,Scotland,6,7.4,25,LPG Cars,Motorway (not London),8.6111112978e-06,4.36023719885e-06,2.67817767963e-06
2016,Scotland,6,7.4,25,LPG LGV,Motorway (not London),5.1888924645e-05,5.37449432159e-06,3.29237082042e-06
2016,Scotland,6,7.4,25,Motorcycle,Motorway (not London),1.1020580132e-05,2.54074529948e-06,1.79528831268e-06
2016,Scotland,6,7.4,25,Petrol Car,Motorway (not London),1.54870976985e-05,4.36236223322e-06,2.68019630312e-06
2016,Scotland,6,7.4,25,Plug-In Hybrid Petrol Cars,Motorway (not London),1.47478738199e-06,4.09884478358e-06,2.42985470322e-06
2016,Scotland,6,7.4,25,Plug-In Hybrid Petrol LGV,Motorway (not London),1.33634341637e-06,5.22932214153e-06,3.1544570902e-06
2016,Scotland,6,7.4,25,Rigid HGV,Motorway (not London),0.000148533799802,1.82696494448e-05,1.07576415758e-05
2016,Scotland,6,7.4,30,Artic HGV,Motorway (not London),0.000132042900077,2.31205194723e-05,1.42518238135e-05
2016,Scotland,6,7.4,30,B100 Artic HGV,Motorway (not London),0.00014524719154,2.29379802477e-05,1.40784113682e-05
2016,Scotland,6,7.4,30,B100 Bus,Motorway (not London),0.000111504763481,1.90659175132e-05,1.12285069918e-05
2016,Scotland,6,7.4,30,B100 Coach,Motorway (not London),0.000229480050621,3.37382152793e-05,2.51671899605e-05
2016,Scotland,6,7.4,30,B100 Rigid HGV,Motorway (not London),0.000131948676426,1.79606486199e-05,1.04640903373e-05
2016,Scotland,6,7.4,30,Battery EV Cars,Motorway (not London),0.0,4.0696081669e-06,2.40208009927e-06
2016,Scotland,6,7.4,30,Battery EV LGV,Motorway (not London),0.0,5.21319179825e-06,3.13913324135e-06
2016,Scotland,6,7.4,30,Biogas Bus,Motorway (not London),0.00069444446126,1.93561409105e-05,1.15042184916e-05
2016,Scotland,6,7.4,30,Biomethane Bus,Motorway (not London),0.00069444446126,1.93561409105e-05,1.15042184916e-05
2016,Scotland,6,7.4,30,Bus and Coach,Motorway (not London),0.000208618221222,2.00433441933e-05,1.2157061974e-05
2016,Scotland,6,7.4,30,CNG Bus,Motorway (not London),0.00069444446126,1.93561409105e-05,1.15042184916e-05
2016,Scotland,6,7.4,30,Diesel Car,Motorway (not London),0.000154441950144,4.66062692794e-06,2.96354755847e-06
2016,Scotland,6,7.4,30,E85 Bioethanol Cars,Motorway (not London),1.46997908814e-05,4.29183137385e-06,2.61319178207e-06
2016,Scotland,6,7.4,30,E85 Bioethanol LGV,Motorway (not London),1.0843853488e-05,5.35001845492e-06,3.26911867887e-06
2016,Scotland,6,7.4,30,FCEV Bus,Motorway (not London),0.0,1.79672515515e-05,1.018477451e-05
2016,Scotland,6,7.4,30,FCEV Cars,Motorway (not London),0.0,4.0696081669e-06,2.40208009927e-06
2016,Scotland,6,7.4,30,FCEV LGV,Motorway (not London),0.0,5.21319179825e-06,3.13913324135e-06
2016,Scotland,6,7.4,30,Full Hybrid Diesel Cars,Motorway (not London),0.000154397654114,4.65037192043e-06,2.95380527859e-06
2016,Scotland,6,7.4,30,Full Hybrid Petrol Cars,Motorway (not London),7.1315630521e-06,4.34715093434e-06,2.6657453418e-06
2016,Scotland,6,7.4,30,Full Hybrid Petrol LGV,Motorway (not London),3.42677299159e-06,5.3819508139e-06,3.29945464728e-06
2016,Scotland,6,7.4,30,Hybrid Bus,Motorway (not London),0.000891491537914,2.81504526356e-05,1.98588131752e-05
2016,Scotland,6,7.4,30,LGV,Motorway (not London),0.000253568723565,5.62053992326e-06,3.52611391463e-06
2016,Scotland,6,7.4,30,LPG Cars,Motorway (not London),8.6111112978e-06,4.34512958236e-06,2.66382494374e-06
2016,Scotland,6,7.4,30,LPG LGV,Motorway (not London),4.98181580042e-05,5.3819508139e-06,3.29945464728e-06
2016,Scotland,6,7.4,30,Motorcycle,Motorway (not London),9.80799268291e-06,2.54074529948e-06,1.79528831268e-06
2016,Scotland,6,7.4,30,Petrol Car,Motorway (not London),1.46997908814e-05,4.34738694821e-06,2.66596975962e-06
2016,Scotland,6,7.4,30,Plug-In Hybrid Petrol Cars,Motorway (not London),1.39356507134e-06,4.09734502682e-06,2.4284297524e-06
2016,Scotland,6,7.4,30,Plug-In Hybrid Petrol LGV,Motorway (not London),1.3053912653e-06,5.23006747244e-06,3.1551653592e-06
2016,Scotland,6,7.4,30,Rigid HGV,Motorway (not London),0.000119953343528,1.80853276106e-05,1.05825347418e-05
2016,Scotland,6,7.4,35,Artic HGV,Motorway (not London),0.000110876135295,2.29256929742e-05,1.40667380037e-05
2016,Scotland,6,7.4,35,B100 Artic HGV,Motorway (not London),0.000121963748825,2.27626351261e-05,1.39118337756e-05
2016,Scotland,6,7.4,35,B100 Bus,Motorway (not London),9.40475365496e-05,1.89412003238e-05,1.11100243885e-05
2016,Scotland,6,7.4,35,B100 Coach,Motorway (not London),0.000195058339159,3.2034367905e-05,2.35485331359e-05
2016,Scotland,6,7.4,35,B100 Rigid HGV,Motorway (not London),0.000109350592538,1.78404079634e-05,1.03498614408e-05
2016,Scotland,6,7.4,35,Battery EV Cars,Motorway (not London),0.0,4.0696081669e-06,2.40208009927e-06
2016,Scotland,6,7.4,35,Battery EV LGV,Motorway (not London),0.0,5.21319179825e-06,3.13913324135e-06
2016,Scotland,6,7.4,35,Biogas Bus,Motorway (not London),0.00069444446126,1.93561409105e-05,1.15042184916e-05
2016,Scotland,6,7.4,35,Biomethane Bus,Motorway (not London),0.00069444446126,1.93561409105e-05,1.15042184916e-05
2016,Scotland,6,7.4,35,Bus and Coach,Motorway (not London),0.000177325753612,1.97899371415e-05,1.19163241834e-05
2016,Scotland,6,7.4,35,CNG Bus,Motorway (not London),0.00069444446126,1.93561409105e-05,1.15042184916e-05
2016,Scotland,6,7.4,35,Diesel Car,Motorway (not London),0.000144422549056,4.60690444015e-06,2.91251149065e-06
2016,Scotland,6,7.4,35,E85 Bioethanol Cars,Motorway (not London),1.40323363667e-05,4.28231669503e-06,2.60415276898e-06
2016,Scotland,6,7.4,35,E85 Bioethanol LGV,Motorway (not London),1.05222788989e-05,5.3585531532e-06,3.27722659677e-06
2016,Scotland,6,7.4,35,FCEV Bus,Motorway (not London),0.0,1.79672515515e-05,1.018477451e-05
2016,Scotland,6,7.4,35,FCEV Cars,Motorway (not London),0.0,4.0696081669e-06,2.40208009927e-06
2016,Scotland,6,7.4,35,FCEV LGV,Motorway (not London),0.0,5.21319179825e-06,3.13913324135e-06
2016,Scotland,6,7.4,35,Full Hybrid Diesel Cars,Motorway (not London),0.000144381134305,4.59711782241e-06,2.90321395369e-06
2016,Scotland,6,7.4,35,Full Hybrid Petrol Cars,Motorway (not London),6.79011282045e-06,4.33524610344e-06,2.65443600256e-06
2016,Scotland,6,7.4,35,Full Hybrid Petrol LGV,Motorway (not London),3.1893139294e-06,5.39268648936e-06,3.30965349349e-06
2016,Scotland,6,7.4,35,Hybrid Bus,Motorway (not London),0.000753102242015,2.72254346783e-05,1.89800466615e-05
2016,Scotland,6,7.4,35,LGV,Motorway (not London),0.000246523908572,5.5866303228e-06,3.49390006704e-06
2016,Scotland,6,7.4,35,LPG Cars,Motorway (not London),8.6111112978e-06,4.33313061876e-06,2.65242601927e-06
2016,Scotland,6,7.4,35,LPG LGV,Motorway (not London),4.83030999021e-05,5.39268648936e-06,3.30965349349e-06
2016,Scotland,6,7.4,35,Motorcycle,Motorway (not London),9.10311064217e-06,2.54074529948e-06,1.79528831268e-06
2016,Scotland,6,7.4,35,Petrol Car,Motorway (not London),1.40323363667e-05,4.335493486e-06,2.65467087956e-06
2016,Scotland,6,7.4,35,Plug-In Hybrid Petrol Cars,Motorway (not London),1.32411662435e-06,4.09615358876e-06,2.42729788624e-06
2016,Scotland,6,7.4,35,Plug-In Hybrid Petrol LGV,Motorway (not London),1.28337535443e-06,5.23114113093e-06,3.15618535751e-06
2016,Scotland,6,7.4,35,Rigid HGV,Motorway (not London),9.94096335489e-05,1.79517264769e-05,1.04556129372e-05
2016,Scotland,6,7.4,40,Artic HGV,Motorway (not London),9.46735526668e-05,2.27796990657e-05,1.39280436997e-05
2016,Scotland,6,7.4,40,B100 Artic HGV,Motorway (not London),0.000104140912299,2.26312404266e-05,1.37870092658e-05
2016,Scotland,6,7.4,40,B100 Bus,Motorway (not London),8.00741254352e-05,1.88392441487e-05,1.10131659312e-05
2016,Scotland,6,7.4,40,B100 Coach,Motorway (not London),0.000166859477758,3.07308146148e-05,2.2310156055e-05
2016,Scotland,6,7.4,40,B100 Rigid HGV,Motorway (not London),9.23011102714e-05,1.77491601789e-05,1.02631765913e-05
2016,Scotland,6,7.4,40,Battery EV Cars,Motorway (not London),0.0,4.0696081669e-06,2.40208009927e-06
2016,Scotland,6,7.4,40,Battery EV LGV,Motorway (not London),0.0,5.21319179825e-06,3.13913324135e-06
2016,Scotland,6,7.4,40,Biogas Bus,Motorway (not London),0.00069444446126,1.93561409105e-05,1.15042184916e-05
2016,Scotland,6,7.4,40,Biomethane Bus,Motorway (not London),0.00069444446126,1.93561409105e-05,1.15042184916e-05
2016,Scotland,6,7.4,40,Bus and Coach,Motorway (not London),0.000151690430357,1.95998454728e-05,1.17357376439e-05
2016,Scotland,6,7.4,40,CNG Bus,Motorway (not London),0.00069444446126,1.93561409105e-05,1.15042184916e-05
2016,Scotland,6,7.4,40,Diesel Car,Motorway (not London),0.000135990761919,4.5643755584e-06,2.87210878014e-06
2016,Scotland,6,7.4,40,E85 Bioethanol Cars,Motorway (not London),1.34640740725e-05,4.27458689956e-06,2.59680973613e-06
2016,Scotland,6,7.4,40,E85 Bioethanol LGV,Motorway (not London),1.02671929199e-05,5.3691701396e-06,3.28731312038e-06
2016,Scotland,6,7.4,40,FCEV Bus,Motorway (not London),0.0,1.79672515515e-05,1.018477451e-05
2016,Scotland,6,7.4,40,FCEV Cars,Motorway (not London),0.0,4.0696081669e-06,2.40208009927e-06
2016,Scotland,6,7.4,40,FCEV LGV,Motorway (not London),0.0,5.21319179825e-06,3.13913324135e-06
2016,Scotland,6,7.4,40,Full Hybrid Diesel Cars,Motorway (not London),0.000135951762786,4.5550118557e-06,2.86321346721e-06
2016,Scotland,6,7.4,40,Full Hybrid Petrol Cars,Motorway (not London),6.49764433547e-06,4.32557544627e-06,2.64524851445e-06
2016,Scotland,6,7.4,40,Full Hybrid Petrol LGV,Motorway (not London),2.98477812066e-06,5.40604150956e-06,3.3223407172e-06
2016,Scotland,6,7.4,40,Hybrid Bus,Motorway (not London),0.00064565485809,2.64966711256e-05,1.82877229236e-05
2016,Scotland,6,7.4,40,LGV,Motorway (not London),0.000241433881456,5.56105715077e-06,3.46960541719e-06
2016,Scotland,6,7.4,40,LPG Cars,Motorway (not London),8.6111112978e-06,4.32338310929e-06,2.64316599896e-06
2016,Scotland,6,7.4,40,LPG LGV,Motorway (not London),4.71812818432e-05,5.40604150956e-06,3.3223407172e-06
2016,Scotland,6,7.4,40,Motorcycle,Motorway (not London),8.88782506081e-06,2.54074529948e-06,1.79528831268e-06
2016,Scotland,6,7.4,40,Petrol Car,Motorway (not London),1.34640740725e-05,4.32583146903e-06,2.64549225903e-06
2016,Scotland,6,7.4,40,Plug-In Hybrid Petrol Cars,Motorway (not London),1.26437237213e-06,4.0951858864e-06,2.42637861447e-06
2016,Scotland,6,7.4,40,Plug-In Hybrid Petrol LGV,Motorway (not London),1.26842951431e-06,5.2324767239e-06,3.15745410262e-06
2016,Scotland,6,7.4,40,Rigid HGV,Motorway (not London),8.39100976009e-05,1.78503396455e-05,1.03592965388e-05
2016,Scotland,6,7.4,45,Artic HGV,Motorway (not London),8.18683183752e-05,2.26662323257e-05,1.38202512971e-05
2016,Scotland,6,7.4,45,B100 Artic HGV,Motorway (not London),9.00551531231e-05,2.25291205425e-05,1.36899952849e-05
2016,Scotland,6,7.4,45,B100 Bus,Motorway (not London),6.86757266521e-05,1.87649711734e-05,1.09426073323e-05
2016,Scotland,6,7.4,45,B100 Coach,Motorway (not London),0.000143335753819,2.97014812531e-05,2.13322909985e-05
2016,Scotland,6,7.4,45,B100 Rigid HGV,Motorway (not London),7.89719706518e-05,1.7677561118e-05,1.01951554825e-05
2016,Scotland,6,7.4,45,Battery EV Cars,Motorway (not London),0.0,4.0696081669e-06,2.40208009927e-06
2016,Scotland,6,7.4,45,Battery EV LGV,Motorway (not London),0.0,5.21319179825e-06,3.13913324135e-06
2016,Scotland,6,7.4,45,Biogas Bus,Motorway (not London),0.00069444446126,1.93561409105e-05,1.15042184916e-05
2016,Scotland,6,7.4,45,Biomethane Bus,Motorway (not London),0.00069444446126,1.93561409105e-05,1.15042184916e-05
2016,Scotland,6,7.4,45,Bus and Coach,Motorway (not London),0.000130305226776,1.94519761862e-05,1.15952625492e-05
2016,Scotland,6,7.4,45,CNG Bus,Motorway (not London),0.00069444446126,1.93561409105e-05,1.15042184916e-05
2016,Scotland,6,7.4,45,Diesel Car,Motorway (not London),0.000128917003167,4.52989343103e-06,2.83935059997e-06
2016,Scotland,6,7.4,45,E85 Bioethanol Cars,Motorway (not London),1.29801574076e-05,4.26806718679e-06,2.59061607721e-06
2016,Scotland,6,7.4,45,E85 Bioethanol LGV,Motorway (not London),1.00654333437e-05,5.38157519259e-06,3.29909789798e-06
2016,Scotland,6,7.4,45,FCEV Bus,Motorway (not London),0.0,1.79672515515e-05,1.018477451e-05
2016,Scotland,6,7.4,45,FCEV Cars,Motorway (not London),0.0,4.0696081669e-06,2.40208009927e-06
2016,Scotland,6,7.4,45,FCEV LGV,Motorway (not London),0.0,5.21319179825e-06,3.13913324135e-06
2016,Scotland,6,7.4,45,Full Hybrid Diesel Cars,Motorway (not London),0.00012888002675,4.52090353065e-06,2.83081044472e-06
2016,Scotland,6,7.4,45,Full Hybrid Petrol Cars,Motorway (not London),6.24672748017e-06,4.31741818829e-06,2.63749939222e-06
2016,Scotland,6,7.4,45,Full Hybrid Petrol LGV,Motorway (not London),2.80654353446e-06,5.42164525541e-06,3.33716434398e-06
2016,Scotland,6,7.4,45,Hybrid Bus,Motorway (not London),0.000561089836992,2.59208809439e-05,1.77407200681e-05
2016,Scotland,6,7.4,45,LGV,Motorway (not London),0.000237896383624,5.54149573873e-06,3.45102239407e-06
2016,Scotland,6,7.4,45,LPG Cars,Motorway (not London),8.6111112978e-06,4.31516127719e-06,2.63535525846e-06
2016,Scotland,6,7.4,45,LPG LGV,Motorway (not London),4.6373999794e-05,5.42164525541e-06,3.33716434398e-06
2016,Scotland,6,7.4,45,Motorcycle,Motorway (not London),9.14592692425e-06,2.54074529948e-06,1.79528831268e-06
2016,Scotland,6,7.4,45,Petrol Car,Motorway (not London),1.29801574076e-05,4.31768194176e-06,2.63775018539e-06
2016,Scotland,6,7.4,45,Plug-In Hybrid Petrol Cars,Motorway (not London),1.21284540455e-06,4.0943696149e-06,2.42560304287e-06
2016,Scotland,6,7.4,45,Plug-In Hybrid Petrol LGV,Motorway (not London),1.25923793348e-06,5.23403696207e-06,3.15893635161e-06
2016,Scotland,6,7.4,45,Rigid HGV,Motorway (not London),7.17927032383e-05,1.7770784325e-05,1.02837184386e-05
2016,Scotland,6,7.4,50,Artic HGV,Motorway (not London),7.14922935003e-05,2.25755375141e-05,1.37340912261e-05
2016,Scotland,6,7.4,50,B100 Artic HGV,Motorway (not London),7.86415184848e-05,2.2447495212e-05,1.36124517667e-05
2016,Scotland,6,7.4,50,B100 Bus,Motorway (not London),5.92211363255e-05,1.87197674677e-05,1.08996637209e-05
2016,Scotland,6,7.4,50,B100 Coach,Motorway (not London),0.00012343567505,2.88685696432e-05,2.0541025151e-05
2016,Scotland,6,7.4,50,B100 Rigid HGV,Motorway (not London),6.82618701831e-05,1.76199719135e-05,1.01404466477e-05
2016,Scotland,6,7.4,50,Battery EV Cars,Motorway (not London),0.0,4.0696081669e-06,2.40208009927e-06
2016,Scotland,6,7.4,50,Battery EV LGV,Motorway (not London),0.0,5.21319179825e-06,3.13913324135e-06
2016,Scotland,6,7.4,50,Biogas Bus,Motorway (not London),0.00069444446126,1.93561409105e-05,1.15042184916e-05
2016,Scotland,6,7.4,50,Biomethane Bus,Motorway (not London),0.00069444446126,1.93561409105e-05,1.15042184916e-05
2016,Scotland,6,7.4,50,Bus and Coach,Motorway (not London),0.000112214249384,1.93336709344e-05,1.14828717415e-05
2016,Scotland,6,7.4,50,CNG Bus,Motorway (not London),0.00069444446126,1.93561409105e-05,1.15042184916e-05
2016,Scotland,6,7.4,50,Diesel Car,Motorway (not London),0.000123056190205,4.50142579211e-06,2.81230654764e-06
2016,Scotland,6,7.4,50,E85 Bioethanol Cars,Motorway (not London),1.25694050439e-05,4.26229780714e-06,2.58513523477e-06
2016,Scotland,6,7.4,50,E85 Bioethanol LGV,Motorway (not London),9.90724583971e-06,5.39561142432e-06,3.3124319998e-06
2016,Scotland,6,7.4,50,FCEV Bus,Motorway (not London),0.0,1.79672515515e-05,1.018477451e-05
2016,Scotland,6,7.4,50,FCEV Cars,Motorway (not London),0.0,4.0696081669e-06,2.40208009927e-06
2016,Scotland,6,7.4,50,FCEV LGV,Motorway (not London),0.0,5.21319179825e-06,3.13913324135e-06
2016,Scotland,6,7.4,50,Full Hybrid Diesel Cars,Motorway (not London),0.00012302090181,4.49275785286e-06,2.80407220998e-06
2016,Scotland,6,7.4,50,Full Hybrid Petrol Cars,Motorway (not London),6.03176749792e-06,4.31019952885e-06,2.63064180217e-06
2016,Scotland,6,7.4,50,Full Hybrid Petrol LGV,Motorway (not London),2.64970140051e-06,5.43930082131e-06,3.35393701789e-06
2016,Scotland,6,7.4,50,Hybrid Bus,Motorway (not London),0.000494284555316,2.54755923379e-05,1.73176977114e-05
2016,Scotland,6,7.4,50,LGV,Motorway (not London),0.000235750965658,5.52653591512e-06,3.43681017512e-06
2016,Scotland,6,7.4,50,LPG Cars,Motorway (not London),8.6111112978e-06,4.30788577432e-06,2.6284433261e-06
2016,Scotland,6,7.4,50,LPG LGV,Motorway (not London),4.58486683783e-05,5.43930082131e-06,3.35393701789e-06
2016,Scotland,6,7.4,50,Motorcycle,Motorway (not London),9.8632863228e-06,2.54074529948e-06,1.79528831268e-06
2016,Scotland,6,7.4,50,Petrol Car,Motorway (not London),1.25694050439e-05,4.31047055827e-06,2.6308989618e-06
2016,Scotland,6,7.4,50,Plug-In Hybrid Petrol Cars,Motorway (not London),1.16841579256e-06,4.09364702136e-06,2.42491682911e-06
2016,Scotland,6,7.4,50,Plug-In Hybrid Petrol LGV,Motorway (not London),1.25482472413e-06,5.23580274603e-06,3.16061368721e-06
2016,Scotland,6,7.4,50,Rigid HGV,Motorway (not London),6.20562495897e-05,1.77067959157e-05,1.02229296317e-05
2016,Scotland,6,7.4,60,Artic HGV,Motorway (not London),5.57032035431e-05,2.24397754209e-05,1.36051166919e-05
2016,Scotland,6,7.4,60,B100 Artic HGV,Motorway (not London),6.12735238974e-05,2.23253100557e-05,1.34963747769e-05
2016,Scotland,6,7.4,60,B100 Bus,Motorway (not London),4.44792967755e-05,1.8683833332e-05,1.08655267468e-05
2016,Scotland,6,7.4,60,B100 Coach,Motorway (not London),9.16690769373e-05,2.76054015558e-05,1.93410160136e-05
2016,Scotland,6,7.4,60,B100 Rigid HGV,Motorway (not London),5.21134716109e-05,1.75337900146e-05,1.00585739347e-05
2016,Scotland,6,7.4,60,Battery EV Cars,Motorway (not London),0.0,4.0696081669e-06,2.40208009927e-06
2016,Scotland,6,7.4,60,Battery EV LGV,Motorway (not London),0.0,5.21319179825e-06,3.13913324135e-06
2016,Scotland,6,7.4,60,Biogas Bus,Motorway (not London),0.00069444446126,1.93561409105e-05,1.15042184916e-05
2016,Scotland,6,7.4,60,Biomethane Bus,Motorway (not London),0.00069444446126,1.93561409105e-05,1.15042184916e-05
2016,Scotland,6,7.4,60,Bus and Coach,Motorway (not London),8.33355225041e-05,1.91561939573e-05,1.13142687042e-05
2016,Scotland,6,7.4,60,CNG Bus,Motorway (not London),0.00069444446126,1.93561409105e-05,1.15042184916e-05
2016,Scotland,6,7.4,60,Diesel Car,Motorway (not London),0.000114635637146,4.45746263722e-06,2.77054186881e-06
2016,Scotland,6,7.4,60,E85 Bioethanol Cars,Motorway (not London),1.19342830658e-05,4.25021380579e-06,2.57365513789e-06
2016,Scotland,6,7.4,60,E85 Bioethanol LGV,Motorway (not London),9.69355460256e-06,5.42726866115e-06,3.34250626111e-06
2016,Scotland,6,7.4,60,FCEV Bus,Motorway (not London),0.0,1.79672515515e-05,1.018477451e-05
2016,Scotland,6,7.4,60,FCEV Cars,Motorway (not London),0.0,4.0696081669e-06,2.40208009927e-06
2016,Scotland,6,7.4,60,FCEV LGV,Motorway (not London),0.0,5.21319179825e-06,3.13913324135e-06
2016,Scotland,6,7.4,60,Full Hybrid Diesel Cars,Motorway (not London),0.00011460276437,4.44927582066e-06,2.7627640975e-06
2016,Scotland,6,7.4,60,Full Hybrid Petrol Cars,Motorway (not London),7.97040229372e-06,4.29529245594e-06,2.61647960542e-06
2016,Scotland,6,7.4,60,Full Hybrid Petrol LGV,Motorway (not London),3.34052970175e-06,5.48055641048e-06,3.39312987307e-06
2016,Scotland,6,7.4,60,Hybrid Bus,Motorway (not London),0.000500392750837,2.494016735e-05,1.68090427906e-05
2016,Scotland,6,7.4,60,LGV,Motorway (not London),0.000235759158386,5.5070477174e-06,3.41829650097e-06
2016,Scotland,6,7.4,60,LPG Cars,Motorway (not London),8.05555555417e-06,4.29466899732e-06,2.61588752437e-06
2016,Scotland,6,7.4,60,LPG LGV,Motorway (not London),3.65269879694e-05,5.48055641048e-06,3.39312987307e-06
2016,Scotland,6,7.4,60,Motorcycle,Motorway (not London),1.26307304527e-05,2.54074529948e-06,1.79528831268e-06
2016,Scotland,6,7.4,60,Petrol Car,Motorway (not London),1.19342830658e-05,4.29536521551e-06,2.61654895439e-06
2016,Scotland,6,7.4,60,Plug-In Hybrid Petrol Cars,Motorway (not London),5.48766092834e-06,4.1824227992e-06,2.50925381806e-06
2016,Scotland,6,7.4,60,Plug-In Hybrid Petrol LGV,Motorway (not London),4.9908649089e-06,5.34687433174e-06,3.2661316709e-06
2016,Scotland,6,7.4,60,Rigid HGV,Motorway (not London),4.73758809676e-05,1.76110388566e-05,1.01319601526e-05
2016,Scotland,6,7.4,70,Artic HGV,Motorway (not London),4.42567215941e-05,2.23434053623e-05,1.35135660457e-05
2016,Scotland,6,7.4,70,B100 Artic HGV,Motorway (not London),4.86823955725e-05,2.2238577003e-05,1.34139791044e-05
2016,Scotland,6,7.4,70,B100 Bus,Motorway (not London),3.35394106514e-05,1.86777106137e-05,1.08597096187e-05
2016,Scotland,6,7.4,70,B100 Coach,Motorway (not London),6.74984112266e-05,2.66958704742e-05,1.84769614862e-05
2016,Scotland,6,7.4,70,B100 Rigid HGV,Motorway (not London),4.05144273827e-05,1.74747819983e-05,1.00025163192e-05
2016,Scotland,6,7.4,70,Battery EV Cars,Motorway (not London),0.0,4.0696081669e-06,2.40208009927e-06
2016,Scotland,6,7.4,70,Battery EV LGV,Motorway (not London),0.0,5.21319179825e-06,3.13913324135e-06
2016,Scotland,6,7.4,70,Biogas Bus,Motorway (not London),0.00069444446126,1.93561409105e-05,1.15042184916e-05
2016,Scotland,6,7.4,70,Biomethane Bus,Motorway (not London),0.00069444446126,1.93561409105e-05,1.15042184916e-05
2016,Scotland,6,7.4,70,Bus and Coach,Motorway (not London),6.13621959928e-05,1.90294122149e-05,1.11938261398e-05
2016,Scotland,6,7.4,70,CNG Bus,Motorway (not London),0.00069444446126,1.93561409105e-05,1.15042184916e-05
2016,Scotland,6,7.4,70,Diesel Car,Motorway (not London),0.00011036064825,4.42565806225e-06,2.74032754533e-06
2016,Scotland,6,7.4,70,E85 Bioethanol Cars,Motorway (not London),1.15073435154e-05,4.24061136073e-06,2.56453267866e-06
2016,Scotland,6,7.4,70,E85 Bioethanol LGV,Motorway (not London),9.58415421337e-06,5.46680666957e-06,3.38006748279e-06
2016,Scotland,6,7.4,70,FCEV Bus,Motorway (not London),0.0,1.79672515515e-05,1.018477451e-05
2016,Scotland,6,7.4,70,FCEV Cars,Motorway (not London),0.0,4.0696081669e-06,2.40208009927e-06
2016,Scotland,6,7.4,70,FCEV LGV,Motorway (not London),0.0,5.21319179825e-06,3.13913324135e-06
2016,Scotland,6,7.4,70,Full Hybrid Diesel Cars,Motorway (not London),0.000110328997835,4.41772772319e-06,2.73279329122e-06
2016,Scotland,6,7.4,70,Full Hybrid Petrol Cars,Motorway (not London),7.63849675423e-06,4.28327803093e-06,2.60506612904e-06
2016,Scotland,6,7.4,70,Full Hybrid Petrol LGV,Motorway (not London),3.04197146761e-06,5.53028985451e-06,3.44037653122e-06
2016,Scotland,6,7.4,70,Hybrid Bus,Motorway (not London),0.000441039883299,2.49002441706e-05,1.67711168615e-05
2016,Scotland,6,7.4,70,LGV,Motorway (not London),0.000242947120569,5.49840206077e-06,3.41008330906e-06
2016,Scotland,6,7.4,70,LPG Cars,Motorway (not London),8.05555555417e-06,4.28255907536e-06,2.60438332589e-06
2016,Scotland,6,7.4,70,LPG LGV,Motorway (not London),3.75003255613e-05,5.53028985451e-06,3.44037653122e-06
2016,Scotland,6,7.4,70,Motorcycle,Motorway (not London),1.71255342138e-05,2.54074529948e-06,1.79528831268e-06
2016,Scotland,6,7.4,70,Petrol Car,Motorway (not London),1.15073435154e-05,4.28336170444e-06,2.6051459372e-06
2016,Scotland,6,7.4,70,Plug-In Hybrid Petrol Cars,Motorway (not London),5.23288326804e-06,4.17641149397e-06,2.50354310083e-06
2016,Scotland,6,7.4,70,Plug-In Hybrid Petrol LGV,Motorway (not London),4.94904497828e-06,5.37174082638e-06,3.28975488628e-06
2016,Scotland,6,7.4,70,Rigid HGV,Motorway (not London),3.68312976207e-05,1.75454752025e-05,1.00696743175e-05
2016,Scotland,6,7.4,80,Artic HGV,Motorway (not London),3.55782285624e-05,2.22725084313e-05,1.34462143251e-05
2016,Scotland,6,7.4,80,B100 Artic HGV,Motorway (not London),3.91360517824e-05,2.21747704927e-05,1.3353362192e-05
2016,Scotland,6,7.4,80,B100 Bus,Motorway (not London),2.51116234722e-05,1.86830711755e-05,1.08648018795e-05
2016,Scotland,6,7.4,80,B100 Coach,Motorway (not London),4.85273376398e-05,2.60645065282e-05,1.78771661012e-05
2016,Scotland,6,7.4,80,B100 Rigid HGV,Motorway (not London),3.17783487844e-05,1.74404212885e-05,9.96987364488e-06
2016,Scotland,6,7.4,80,Battery EV Cars,Motorway (not London),0.0,4.0696081669e-06,2.40208009927e-06
2016,Scotland,6,7.4,80,Battery EV LGV,Motorway (not London),0.0,5.21319179825e-06,3.13913324135e-06
2016,Scotland,6,7.4,80,Biogas Bus,Motorway (not London),0.00069444446126,1.93561409105e-05,1.15042184916e-05
2016,Scotland,6,7.4,80,Biomethane Bus,Motorway (not London),0.00069444446126,1.93561409105e-05,1.15042184916e-05
2016,Scotland,6,7.4,80,Bus and Coach,Motorway (not London),4.41157608293e-05,1.89343190868e-05,1.11034878501e-05
2016,Scotland,6,7.4,80,CNG Bus,Motorway (not London),0.00069444446126,1.93561409105e-05,1.15042184916e-05
2016,Scotland,6,7.4,80,Diesel Car,Motorway (not London),0.000110243854579,4.40234225607e-06,2.71817702924e-06
2016,Scotland,6,7.4,80,E85 Bioethanol Cars,Motorway (not London),1.12536235974e-05,4.2335359467e-06,2.55781128544e-06
2016,Scotland,6,7.4,80,E85 Bioethanol LGV,Motorway (not London),9.5523400887e-06,5.514541499e-06,3.42541579812e-06
2016,Scotland,6,7.4,80,FCEV Bus,Motorway (not London),0.0,1.79672515515e-05,1.018477451e-05
2016,Scotland,6,7.4,80,FCEV Cars,Motorway (not London),0.0,4.0696081669e-06,2.40208009927e-06
2016,Scotland,6,7.4,80,FCEV LGV,Motorway (not London),0.0,5.21319179825e-06,3.13913324135e-06
2016,Scotland,6,7.4,80,Full Hybrid Diesel Cars,Motorway (not London),0.000110212240543,4.39443874711e-06,2.7106689231e-06
2016,Scotland,6,7.4,80,Full Hybrid Petrol Cars,Motorway (not London),7.42426163924e-06,4.27442591899e-06,2.59665648628e-06
2016,Scotland,6,7.4,80,Full Hybrid Petrol LGV,Motorway (not London),2.79509754364e-06,5.59033423997e-06,3.49741867467e-06
2016,Scotland,6,7.4,80,Hybrid Bus,Motorway (not London),0.000435059482697,2.55073027802e-05,1.73478219949e-05
2016,Scotland,6,7.4,80,LGV,Motorway (not London),0.000260921951849,5.49843434783e-06,3.41011377714e-06
2016,Scotland,6,7.4,80,LPG Cars,Motorway (not London),8.05555555417e-06,4.27363693234e-06,2.59590729002e-06
2016,Scotland,6,7.4,80,LPG LGV,Motorway (not London),4.01267607231e-05,5.59033423997e-06,3.49741867467e-06
2016,Scotland,6,7.4,80,Motorcycle,Motorway (not London),2.33278533415e-05,2.54074529948e-06,1.79528831268e-06
2016,Scotland,6,7.4,80,Petrol Car,Motorway (not London),1.12536235974e-05,4.27451777796e-06,2.59674402514e-06
2016,Scotland,6,7.4,80,Plug-In Hybrid Petrol Cars,Motorway (not London),5.06023525304e-06,4.17198225477e-06,2.49933532359e-06
2016,Scotland,6,7.4,80,Plug-In Hybrid Petrol LGV,Motorway (not London),4.9468612815e-06,5.40176279173e-06,3.31827595801e-06
2016,Scotland,6,7.4,80,Rigid HGV,Motorway (not London),2.88894079858e-05,1.75072964339e-05,1.00334045783e-05
2016,Scotland,6,7.4,90,Artic HGV,Motorway (not London),3.19811952068e-05,2.22446833504e-05,1.34197789521e-05
2016,Scotland,6,7.4,90,B100 Artic HGV,Motorway (not London),3.51793132722e-05,2.21497266466e-05,1.33295707201e-05
2016,Scotland,6,7.4,90,B100 Bus,Motorway (not London),2.15861291508e-05,1.86870474863e-05,1.0868579011e-05
2016,Scotland,6,7.4,90,B100 Coach,Motorway (not London),3.32592098857e-05,2.55033683061e-05,1.73440857907e-05
2016,Scotland,6,7.4,90,B100 Rigid HGV,Motorway (not London),2.81717457256e-05,1.74440574483e-05,9.97332881525e-06
2016,Scotland,6,7.4,90,Battery EV Cars,Motorway (not London),0.0,4.0696081669e-06,2.40208009927e-06
2016,Scotland,6,7.4,90,Battery EV LGV,Motorway (not London),0.0,5.21319179825e-06,3.13913324135e-06
2016,Scotland,6,7.4,90,Biogas Bus,Motorway (not London),0.00069444446126,1.93561409105e-05,1.15042184916e-05
2016,Scotland,6,7.4,90,Biomethane Bus,Motorway (not London),0.00069444446126,1.93561409105e-05,1.15042184916e-05
2016,Scotland,6,7.4,90,Bus and Coach,Motorway (not London),3.02356456814e-05,1.88603553397e-05,1.10332221084e-05
2016,Scotland,6,7.4,90,CNG Bus,Motorway (not London),0.00069444446126,1.93561409105e-05,1.15042184916e-05
2016,Scotland,6,7.4,90,Diesel Car,Motorway (not London),0.000114637732622,4.38536653746e-06,2.70205009656e-06
2016,Scotland,6,7.4,90,E85 Bioethanol Cars,Motorway (not London),1.11481322165e-05,4.23365190727e-06,2.55792156167e-06
2016,Scotland,6,7.4,90,E85 Bioethanol LGV,Motorway (not London),9.5802533906e-06,5.57314206162e-06,3.48108619619e-06
2016,Scotland,6,7.4,90,FCEV Bus,Motorway (not London),0.0,1.79672515515e-05,1.018477451e-05
2016,Scotland,6,7.4,90,FCEV Cars,Motorway (not London),0.0,4.0696081669e-06,2.40208009927e-06
2016,Scotland,6,7.4,90,FCEV LGV,Motorway (not London),0.0,5.21319179825e-06,3.13913324135e-06
2016,Scotland,6,7.4,90,Full Hybrid Diesel Cars,Motorway (not London),0.000114604859846,4.37725793745e-06,2.69434735856e-06
2016,Scotland,6,7.4,90,Full Hybrid Petrol Cars,Motorway (not London),9.39881283557e-06,4.2745614337e-06,2.59678563452e-06
2016,Scotland,6,7.4,90,Full Hybrid Petrol LGV,Motorway (not London),3.32656418323e-06,5.66398284718e-06,3.56738496521e-06
2016,Scotland,6,7.4,90,Hybrid Bus,Motorway (not London),0.000455785368104,2.62096600636e-05,1.80150618689e-05
2016,Scotland,6,7.4,90,LGV,Motorway (not London),0.000295856647426,5.50603044758e-06,3.41733039022e-06
2016,Scotland,6,7.4,90,LPG Cars,Motorway (not London),8.88888916961e-06,4.27369514e-06,2.59596254182e-06
2016,Scotland,6,7.4,90,LPG LGV,Motorway (not London),3.96510622522e-05,5.66398284718e-06,3.56738496521e-06
2016,Scotland,6,7.4,90,Motorcycle,Motorway (not London),3.12683878292e-05,2.54074529948e-06,1.79528831268e-06
2016,Scotland,6,7.4,90,Petrol Car,Motorway (not London),1.11481322165e-05,4.27466284236e-06,2.59688181359e-06
2016,Scotland,6,7.4,90,Plug-In Hybrid Petrol Cars,Motorway (not London),8.9229661171e-06,4.2539977585e-06,2.57725014308e-06
2016,Scotland,6,7.4,90,Plug-In Hybrid Petrol LGV,Motorway (not London),8.62222805154e-06,5.61890374229e-06,3.52455981556e-06
2016,Scotland,6,7.4,90,Rigid HGV,Motorway (not London),2.5610677767e-05,1.75113364094e-05,1.00372435554e-05
2016,Scotland,6,7.4,100,Artic HGV,Motorway (not London),3.19811952068e-05,2.22446833504e-05,1.34197789521e-05
2016,Scotland,6,7.4,100,B100 Artic HGV,Motorway (not London),3.51793132722e-05,2.21497266466e-05,1.33295707201e-05
2016,Scotland,6,7.4,100,B100 Bus,Motorway (not London),2.15861291508e-05,1.86870474863e-05,1.0868579011e-05
2016,Scotland,6,7.4,100,B100 Coach,Motorway (not London),2.07157117984e-05,2.50951652561e-05,1.69562899828e-05
2016,Scotland,6,7.4,100,B100 Rigid HGV,Motorway (not London),2.81717457256e-05,1.74440574483e-05,9.97332881525e-06
2016,Scotland,6,7.4,100,Battery EV Cars,Motorway (not London),0.0,4.0696081669e-06,2.40208009927e-06
2016,Scotland,6,7.4,100,Battery EV LGV,Motorway (not London),0.0,5.21319179825e-06,3.13913324135e-06
2016,Scotland,6,7.4,100,Biogas Bus,Motorway (not London),0.00069444446126,1.93561409105e-05,1.15042184916e-05
2016,Scotland,6,7.4,100,Biomethane Bus,Motorway (not London),0.00069444446126,1.93561409105e-05,1.15042184916e-05
2016,Scotland,6,7.4,100,Bus and Coach,Motorway (not London),1.88324665942e-05,1.88011817954e-05,1.09770062409e-05
2016,Scotland,6,7.4,100,CNG Bus,Motorway (not London),0.00069444446126,1.93561409105e-05,1.15042184916e-05
2016,Scotland,6,7.4,100,Diesel Car,Motorway (not London),0.00012430055358,4.37338985648e-06,2.69067254521e-06
2016,Scotland,6,7.4,100,E85 Bioethanol Cars,Motorway (not London),1.11723893497e-05,4.24872177973e-06,2.57223791778e-06
2016,Scotland,6,7.4,100,E85 Bioethanol LGV,Motorway (not London),9.65546678344e-06,5.64656102142e-06,3.55083443537e-06
2016,Scotland,6,7.4,100,FCEV Bus,Motorway (not London),0.0,1.79672515515e-05,1.018477451e-05
2016,Scotland,6,7.4,100,FCEV Cars,Motorway (not London),0.0,4.0696081669e-06,2.40208009927e-06
2016,Scotland,6,7.4,100,FCEV LGV,Motorway (not London),0.0,5.21319179825e-06,3.13913324135e-06
2016,Scotland,6,7.4,100,Full Hybrid Diesel Cars,Motorway (not London),0.000124264901388,4.36484288002e-06,2.68255280389e-06
2016,Scotland,6,7.4,100,Full Hybrid Petrol Cars,Motorway (not London),9.36427568377e-06,4.29341662311e-06,2.6146979053e-06
2016,Scotland,6,7.4,100,Full Hybrid Petrol LGV,Motorway (not London),3.09845290758e-06,5.75633384869e-06,3.65511868949e-06
2016,Scotland,6,7.4,100,Hybrid Bus,Motorway (not London),0.000455785368104,2.62096600636e-05,1.80150618689e-05
2016,Scotland,6,7.4,100,LGV,Motorway (not London),0.000356059463229,5.52061464987e-06,3.43118495039e-06
2016,Scotland,6,7.4,100,LPG Cars,Motorway (not London),8.88888916961e-06,4.29269948654e-06,2.61401669377e-06
2016,Scotland,6,7.4,100,LPG LGV,Motorway (not London),4.75084489153e-05,5.75633384869e-06,3.65511868949e-06
2016,Scotland,6,7.4,100,Motorcycle,Motorway (not London),4.10341381212e-05,2.54074529948e-06,1.79528831268e-06
2016,Scotland,6,7.4,100,Petrol Car,Motorway (not London),1.11723893497e-05,4.29350029663e-06,2.61477748609e-06
2016,Scotland,6,7.4,100,Plug-In Hybrid Petrol Cars,Motorway (not London),8.84615474206e-06,4.27097938882e-06,2.59338230535e-06
2016,Scotland,6,7.4,100,Plug-In Hybrid Petrol LGV,Motorway (not London),8.68992083269e-06,5.7020197346e-06,3.6035200992e-06
2016,Scotland,6,7.4,100,Rigid HGV,Motorway (not London),2.5610677767e-05,1.75113364094e-05,1.00372435554e-05
2016,Scotland,6,7.4,110,Artic HGV,Motorway (not London),3.19811952068e-05,2.22446833504e-05,1.34197789521e-05
2016,Scotland,6,7.4,110,B100 Artic HGV,Motorway (not London),3.51793132722e-05,2.21497266466e-05,1.33295707201e-05
2016,Scotland,6,7.4,110,B100 Bus,Motorway (not London),2.15861291508e-05,1.86870474863e-05,1.0868579011e-05
2016,Scotland,6,7.4,110,B100 Coach,Motorway (not London),2.07157117984e-05,2.5001792892e-05,1.68675887835e-05
2016,Scotland,6,7.4,110,B100 Rigid HGV,Motorway (not London),2.81717457256e-05,1.74440574483e-05,9.97332881525e-06
2016,Scotland,6,7.4,110,Battery EV Cars,Motorway (not London),0.0,4.0696081669e-06,2.40208009927e-06
2016,Scotland,6,7.4,110,Battery EV LGV,Motorway (not London),0.0,5.21319179825e-06,3.13913324135e-06
2016,Scotland,6,7.4,110,Biogas Bus,Motorway (not London),0.00069444446126,1.93561409105e-05,1.15042184916e-05
2016,Scotland,6,7.4,110,Biomethane Bus,Motorway (not London),0.00069444446126,1.93561409105e-05,1.15042184916e-05
2016,Scotland,6,7.4,110,Bus and Coach,Motorway (not London),1.88324665942e-05,1.88011817954e-05,1.09770062409e-05
2016,Scotland,6,7.4,110,CNG Bus,Motorway (not London),0.00069444446126,1.93561409105e-05,1.15042184916e-05
2016,Scotland,6,7.4,110,Diesel Car,Motorway (not London),0.000140577656566,4.36553273175e-06,2.6832083222e-06
2016,Scotland,6,7.4,110,E85 Bioethanol Cars,Motorway (not London),1.13123660412e-05,4.29039073424e-06,2.61182321992e-06
2016,Scotland,6,7.4,110,E85 Bioethanol LGV,Motorway (not London),9.76904811978e-06,5.74082332605e-06,3.64038351108e-06
2016,Scotland,6,7.4,110,FCEV Bus,Motorway (not London),0.0,1.79672515515e-05,1.018477451e-05
2016,Scotland,6,7.4,110,FCEV Cars,Motorway (not London),0.0,4.0696081669e-06,2.40208009927e-06
2016,Scotland,6,7.4,110,FCEV LGV,Motorway (not London),0.0,5.21319179825e-06,3.13913324135e-06
2016,Scotland,6,7.4,110,Full Hybrid Diesel Cars,Motorway (not London),0.000140537347761,4.35631136497e-06,2.67444806923e-06
2016,Scotland,6,7.4,110,Full Hybrid Petrol Cars,Motorway (not London),9.42922997638e-06,4.34555067841e-06,2.66422512141e-06
2016,Scotland,6,7.4,110,Full Hybrid Petrol LGV,Motorway (not London),2.90127286462e-06,5.87490285398e-06,3.76775915356e-06
2016,Scotland,6,7.4,110,Hybrid Bus,Motorway (not London),0.000455785368104,2.62096600636e-05,1.80150618689e-05
2016,Scotland,6,7.4,110,LGV,Motorway (not London),0.000447127182269,5.54706366529e-06,3.45631156051e-06
2016,Scotland,6,7.4,110,LPG Cars,Motorway (not London),8.88888916961e-06,4.34524690718e-06,2.66393658421e-06
2016,Scotland,6,7.4,110,LPG LGV,Motorway (not London),5.94207886024e-05,5.87490285398e-06,3.76775915356e-06
2016,Scotland,6,7.4,110,Motorcycle,Motorway (not London),5.27741649421e-05,2.54074529948e-06,1.79528831268e-06
2016,Scotland,6,7.4,110,Petrol Car,Motorway (not London),1.13123660412e-05,4.3455861487e-06,2.66425900008e-06
2016,Scotland,6,7.4,110,Plug-In Hybrid Petrol Cars,Motorway (not London),8.86534508027e-06,4.31793250755e-06,2.63798779088e-06
2016,Scotland,6,7.4,110,Plug-In Hybrid Petrol LGV,Motorway (not London),8.7921434897e-06,5.80873165745e-06,3.70489647139e-06
2016,Scotland,6,7.4,110,Rigid HGV,Motorway (not London),2.5610677767e-05,1.75113364094e-05,1.00372435554e-05
2016,Scotland,6,7.4,120,Artic HGV,Motorway (not London),3.19811952068e-05,2.22446833504e-05,1.34197789521e-05
2016,Scotland,6,7.4,120,B100 Artic HGV,Motorway (not London),3.51793132722e-05,2.21497266466e-05,1.33295707201e-05
2016,Scotland,6,7.4,120,B100 Bus,Motorway (not London),2.15861291508e-05,1.86870474863e-05,1.0868579011e-05
2016,Scotland,6,7.4,120,B100 Coach,Motorway (not London),2.07157117984e-05,2.5001792892e-05,1.68675887835e-05
2016,Scotland,6,7.4,120,B100 Rigid HGV,Motorway (not London),2.81717457256e-05,1.74440574483e-05,9.97332881525e-06
2016,Scotland,6,7.4,120,Battery EV Cars,Motorway (not London),0.0,4.0696081669e-06,2.40208009927e-06
2016,Scotland,6,7.4,120,Battery EV LGV,Motorway (not London),0.0,5.21319179825e-06,3.13913324135e-06
2016,Scotland,6,7.4,120,Biogas Bus,Motorway (not London),0.00069444446126,1.93561409105e-05,1.15042184916e-05
2016,Scotland,6,7.4,120,Biomethane Bus,Motorway (not London),0.00069444446126,1.93561409105e-05,1.15042184916e-05
2016,Scotland,6,7.4,120,Bus and Coach,Motorway (not London),1.88324665942e-05,1.88011817954e-05,1.09770062409e-05
2016,Scotland,6,7.4,120,CNG Bus,Motorway (not London),0.00069444446126,1.93561409105e-05,1.15042184916e-05
2016,Scotland,6,7.4,120,Diesel Car,Motorway (not London),0.000165781646501,4.36119307778e-06,2.67908558271e-06
2016,Scotland,6,7.4,120,E85 Bioethanol Cars,Motorway (not London),1.15571901915e-05,4.37426933786e-06,2.6915079161e-06
2016,Scotland,6,7.4,120,E85 Bioethanol LGV,Motorway (not London),9.66435709415e-06,5.86467376706e-06,3.75804143005e-06
2016,Scotland,6,7.4,120,FCEV Bus,Motorway (not London),0.0,1.79672515515e-05,1.018477451e-05
2016,Scotland,6,7.4,120,FCEV Cars,Motorway (not London),0.0,4.0696081669e-06,2.40208009927e-06
2016,Scotland,6,7.4,120,FCEV LGV,Motorway (not London),0.0,5.21319179825e-06,3.13913324135e-06
2016,Scotland,6,7.4,120,Full Hybrid Diesel Cars,Motorway (not London),0.000165734105394,4.35106176155e-06,2.66946085503e-06
2016,Scotland,6,7.4,120,Full Hybrid Petrol Cars,Motorway (not London),9.58388318395e-06,4.45049636255e-06,2.76392347587e-06
2016,Scotland,6,7.4,120,Full Hybrid Petrol LGV,Motorway (not London),2.72905049314e-06,6.03068929195e-06,3.91575622416e-06
2016,Scotland,6,7.4,120,Hybrid Bus,Motorway (not London),0.000455785368104,2.62096600636e-05,1.80150618689e-05
2016,Scotland,6,7.4,120,LGV,Motorway (not London),0.00055885448819,5.5517571127e-06,3.46077035829e-06
2016,Scotland,6,7.4,120,LPG Cars,Motorway (not London),8.88888916961e-06,4.45102432423e-06,2.7644250622e-06
2016,Scotland,6,7.4,120,LPG LGV,Motorway (not London),7.41204203223e-05,6.03068929195e-06,3.91575622416e-06
2016,Scotland,6,7.4,120,Motorcycle,Motorway (not London),6.67053536745e-05,2.54074529948e-06,1.79528831268e-06
2016,Scotland,6,7.4,120,Petrol Car,Motorway (not London),1.15571901915e-05,4.45043451691e-06,2.76386481346e-06
2016,Scotland,6,7.4,120,Plug-In Hybrid Petrol Cars,Motorway (not London),8.97073550732e-06,4.41244901594e-06,2.72777879218e-06
2016,Scotland,6,7.4,120,Plug-In Hybrid Petrol LGV,Motorway (not London),8.69792074809e-06,5.94893981543e-06,3.83809401683e-06
2016,Scotland,6,7.4,120,Rigid HGV,Motorway (not London),2.5610677767e-05,1.75113364094e-05,1.00372435554e-05
2016,Scotland,6,7.4,130,Artic HGV,Motorway (not London),3.19811952068e-05,2.22446833504e-05,1.34197789521e-05
2016,Scotland,6,7.4,130,B100 Artic HGV,Motorway (not London),3.51793132722e-05,2.21497266466e-05,1.33295707201e-05
2016,Scotland,6,7.4,130,B100 Bus,Motorway (not London),2.15861291508e-05,1.86870474863e-05,1.0868579011e-05
2016,Scotland,6,7.4,130,B100 Coach,Motorway (not London),2.07157117984e-05,2.5001792892e-05,1.68675887835e-05
2016,Scotland,6,7.4,130,B100 Rigid HGV,Motorway (not London),2.81717457256e-05,1.74440574483e-05,9.97332881525e-06
2016,Scotland,6,7.4,130,Battery EV Cars,Motorway (not London),0.0,4.0696081669e-06,2.40208009927e-06
2016,Scotland,6,7.4,130,Battery EV LGV,Motorway (not London),0.0,5.21319179825e-06,3.13913324135e-06
2016,Scotland,6,7.4,130,Biogas Bus,Motorway (not London),0.00069444446126,1.93561409105e-05,1.15042184916e-05
2016,Scotland,6,7.4,130,Biomethane Bus,Motorway (not London),0.00069444446126,1.93561409105e-05,1.15042184916e-05
2016,Scotland,6,7.4,130,Bus and Coach,Motorway (not London),1.88324665942e-05,1.88011817954e-05,1.09770062409e-05
2016,Scotland,6,7.4,130,CNG Bus,Motorway (not London),0.00069444446126,1.93561409105e-05,1.15042184916e-05
2016,Scotland,6,7.4,130,Diesel Car,Motorway (not London),0.000203997580684,4.35994525105e-06,2.67790005637e-06
2016,Scotland,6,7.4,130,E85 Bioethanol Cars,Motorway (not London),1.1898289813e-05,4.520370112e-06,2.83030385617e-06
2016,Scotland,6,7.4,130,E85 Bioethanol LGV,Motorway (not London),9.58645341598e-06,6.0311776906e-06,3.91622006646e-06
2016,Scotland,6,7.4,130,FCEV Bus,Motorway (not London),0.0,1.79672515515e-05,1.018477451e-05
2016,Scotland,6,7.4,130,FCEV Cars,Motorway (not London),0.0,4.0696081669e-06,2.40208009927e-06
2016,Scotland,6,7.4,130,FCEV LGV,Motorway (not London),0.0,5.21319179825e-06,3.13913324135e-06
2016,Scotland,6,7.4,130,Full Hybrid Diesel Cars,Motorway (not London),0.000203939081985,4.34866751675e-06,2.66718620878e-06
2016,Scotland,6,7.4,130,Full Hybrid Petrol Cars,Motorway (not London),9.82051369647e-06,4.63329206468e-06,2.93757943837e-06
2016,Scotland,6,7.4,130,Full Hybrid Petrol LGV,Motorway (not London),2.57727288044e-06,6.24012818662e-06,4.11472319684e-06
2016,Scotland,6,7.4,130,Hybrid Bus,Motorway (not London),0.000455785368104,2.62096600636e-05,1.80150618689e-05
2016,Scotland,6,7.4,130,LGV,Motorway (not London),0.000656220770907,5.55835003979e-06,3.46703382093e-06
2016,Scotland,6,7.4,130,LPG Cars,Motorway (not London),8.88888916961e-06,4.63526839667e-06,2.93945709018e-06
2016,Scotland,6,7.4,130,LPG LGV,Motorway (not London),8.71909069247e-05,6.24012818662e-06,4.11472319684e-06
2016,Scotland,6,7.4,130,Motorcycle,Motorway (not London),8.31181678222e-05,2.54074529948e-06,1.79528831268e-06
2016,Scotland,6,7.4,130,Petrol Car,Motorway (not London),1.1898289813e-05,4.63306059828e-06,2.9373597954e-06
2016,Scotland,6,7.4,130,Plug-In Hybrid Petrol Cars,Motorway (not London),9.15459895623e-06,4.5770793804e-06,2.88417754746e-06
2016,Scotland,6,7.4,130,Plug-In Hybrid Petrol LGV,Motorway (not London),8.62780780153e-06,6.1374348661e-06,4.01716397391e-06
2016,Scotland,6,7.4,130,Rigid HGV,Motorway (not London),2.5610677767e-05,1.75113364094e-05,1.00372435554e-05
2016,Scotland,6,7.4,140,Artic HGV,Motorway (not London),3.19811952068e-05,2.22446833504e-05,1.34197789521e-05
2016,Scotland,6,7.4,140,B100 Artic HGV,Motorway (not London),3.51793132722e-05,2.21497266466e-05,1.33295707201e-05
2016,Scotland,6,7.4,140,B100 Bus,Motorway (not London),2.15861291508e-05,1.86870474863e-05,1.0868579011e-05
2016,Scotland,6,7.4,140,B100 Coach,Motorway (not London),2.07157117984e-05,2.5001792892e-05,1.68675887835e-05
2016,Scotland,6,7.4,140,B100 Rigid HGV,Motorway (not London),2.81717457256e-05,1.74440574483e-05,9.97332881525e-06
2016,Scotland,6,7.4,140,Battery EV Cars,Motorway (not London),0.0,4.0696081669e-06,2.40208009927e-06
2016,Scotland,6,7.4,140,Battery EV LGV,Motorway (not London),0.0,5.21319179825e-06,3.13913324135e-06
2016,Scotland,6,7.4,140,Biogas Bus,Motorway (not London),0.00069444446126,1.93561409105e-05,1.15042184916e-05
2016,Scotland,6,7.4,140,Biomethane Bus,Motorway (not London),0.00069444446126,1.93561409105e-05,1.15042184916e-05
2016,Scotland,6,7.4,140,Bus and Coach,Motorway (not London),1.88324665942e-05,1.88011817954e-05,1.09770062409e-05
2016,Scotland,6,7.4,140,CNG Bus,Motorway (not London),0.00069444446126,1.93561409105e-05,1.15042184916e-05
2016,Scotland,6,7.4,140,Diesel Car,Motorway (not London),0.000203997580684,4.35994525105e-06,2.67790005637e-06
2016,Scotland,6,7.4,140,E85 Bioethanol Cars,Motorway (not London),1.1898289813e-05,4.520370112e-06,2.83030385617e-06
2016,Scotland,6,7.4,140,E85 Bioethanol LGV,Motorway (not London),9.58645341598e-06,6.0311776906e-06,3.91622006646e-06
2016,Scotland,6,7.4,140,FCEV Bus,Motorway (not London),0.0,1.79672515515e-05,1.018477451e-05
2016,Scotland,6,7.4,140,FCEV Cars,Motorway (not London),0.0,4.0696081669e-06,2.40208009927e-06
2016,Scotland,6,7.4,140,FCEV LGV,Motorway (not London),0.0,5.21319179825e-06,3.13913324135e-06
2016,Scotland,6,7.4,140,Full Hybrid Diesel Cars,Motorway (not London),0.000203939081985,4.34866751675e-06,2.66718620878e-06
2016,Scotland,6,7.4,140,Full Hybrid Petrol Cars,Motorway (not London),9.82051369647e-06,4.63329206468e-06,2.93757943837e-06
2016,Scotland,6,7.4,140,Full Hybrid Petrol LGV,Motorway (not London),2.57727288044e-06,6.24012818662e-06,4.11472319684e-06
2016,Scotland,6,7.4,140,Hybrid Bus,Motorway (not London),0.000455785368104,2.62096600636e-05,1.80150618689e-05
2016,Scotland,6,7.4,140,LGV,Motorway (not London),0.000656592543237,5.55835003979e-06,3.46703382093e-06
2016,Scotland,6,7.4,140,LPG Cars,Motorway (not London),8.88888916961e-06,4.63526839667e-06,2.93945709018e-06
2016,Scotland,6,7.4,140,LPG LGV,Motorway (not London),8.71909069247e-05,6.24012818662e-06,4.11472319684e-06
2016,Scotland,6,7.4,140,Motorcycle,Motorway (not London),0.000102382422483,2.54074529948e-06,1.79528831268e-06
2016,Scotland,6,7.4,140,Petrol Car,Motorway (not London),1.1898289813e-05,4.63306059828e-06,2.9373597954e-06
2016,Scotland,6,7.4,140,Plug-In Hybrid Petrol Cars,Motorway (not London),9.15459895623e-06,4.5770793804e-06,2.88417754746e-06
2016,Scotland,6,7.4,140,Plug-In Hybrid Petrol LGV,Motorway (not London),8.62780780153e-06,6.1374348661e-06,4.01716397391e-06
2016,Scotland,6,7.4,140,Rigid HGV,Motorway (not London),2.5610677767e-05,1.75113364094e-05,1.00372435554e-05
2016,Scotland,6,7.4,5,Artic HGV,Rural (not London),0.00177927815821,3.28428468492e-05,2.01954662771e-05
2016,Scotland,6,7.4,5,B100 Artic HGV,Rural (not London),0.00195720582269,3.23817694152e-05,1.97574408958e-05
2016,Scotland,6,7.4,5,B100 Bus,Rural (not London),0.00201754248701,2.52023892244e-05,1.43010138345e-05
2016,Scotland,6,7.4,5,B100 Coach,Rural (not London),0.00387927610427,5.66068811167e-05,4.41352822236e-05
2016,Scotland,6,7.4,5,B100 Rigid HGV,Rural (not London),0.00184952863492,2.57052743109e-05,1.47221935549e-05
2016,Scotland,6,7.4,5,Battery EV Cars,Rural (not London),0.0,5.50764480067e-06,3.06141782858e-06
2016,Scotland,6,7.4,5,Battery EV LGV,Rural (not London),0.0,7.46197929402e-06,4.17151613874e-06
2016,Scotland,6,7.4,5,Biogas Bus,Rural (not London),0.00069444446126,2.41506240855e-05,1.33018365887e-05
2016,Scotland,6,7.4,5,Biomethane Bus,Rural (not London),0.00069444446126,2.41506240855e-05,1.33018365887e-05
2016,Scotland,6,7.4,5,Bus and Coach,Rural (not London),0.00230802549049,2.62855755864e-05,1.53300406964e-05
2016,Scotland,6,7.4,5,CNG Bus,Rural (not London),0.00069444446126,2.41506240855e-05,1.33018365887e-05
2016,Scotland,6,7.4,5,Diesel Car,Rural (not London),0.000227842931054,6.62374168314e-06,4.12171038988e-06
2016,Scotland,6,7.4,5,E85 Bioethanol Cars,Rural (not London),2.06019249163e-05,5.83103565077e-06,3.36863922712e-06
2016,Scotland,6,7.4,5,E85 Bioethanol LGV,Rural (not London),1.41857562994e-05,7.63554726291e-06,4.33640570918e-06
2016,Scotland,6,7.4,5,FCEV Bus,Rural (not London),0.0,2.27617347264e-05,1.1982392607e-05
2016,Scotland,6,7.4,5,FCEV Cars,Rural (not London),0.0,5.50764480067e-06,3.06141782858e-06
2016,Scotland,6,7.4,5,FCEV LGV,Rural (not London),0.0,7.46197929402e-06,4.17151613874e-06
2016,Scotland,6,7.4,5,Full Hybrid Diesel Cars,Rural (not London),0.000227777592954,6.6114321271e-06,4.11001610701e-06
2016,Scotland,6,7.4,5,Full Hybrid Petrol Cars,Rural (not London),1.01084224298e-05,5.91176421949e-06,3.44533145835e-06
2016,Scotland,6,7.4,5,Full Hybrid Petrol LGV,Rural (not London),5.40557539352e-06,7.6769538282e-06,4.37574226453e-06
2016,Scotland,6,7.4,5,Hybrid Bus,Rural (not London),0.00397092988715,4.25609287049e-05,3.07916270685e-05
2016,Scotland,6,7.4,5,LGV,Rural (not London),0.000347193767084,8.785139471e-06,5.42851785212e-06
2016,Scotland,6,7.4,5,LPG Cars,Rural (not London),8.6111112978e-06,5.91074604017e-06,3.44436398336e-06
2016,Scotland,6,7.4,5,LPG LGV,Rural (not London),6.84076367179e-05,7.6769538282e-06,4.37574226453e-06
2016,Scotland,6,7.4,5,Motorcycle,Rural (not London),1.73959797394e-05,3.24010852637e-06,2.11119868254e-06
2016,Scotland,6,7.4,5,Petrol Car,Rural (not London),2.06019249163e-05,5.9118833633e-06,3.44544446307e-06
2016,Scotland,6,7.4,5,Plug-In Hybrid Petrol Cars,Rural (not London),1.99280566449e-06,5.54804773856e-06,3.09980077873e-06
2016,Scotland,6,7.4,5,Plug-In Hybrid Petrol LGV,Rural (not London),1.60322940701e-06,7.48347702029e-06,4.19193884227e-06
2016,Scotland,6,7.4,5,Rigid HGV,Rural (not London),0.00168138963636,2.60055967374e-05,1.50074993144e-05
2016,Scotland,6,7.4,6,Artic HGV,Rural (not London),0.00104319129605,3.28428468492e-05,2.01954662771e-05
2016,Scotland,6,7.4,6,B100 Artic HGV,Rural (not London),0.00114751048386,3.23817694152e-05,1.97574408958e-05
2016,Scotland,6,7.4,6,B100 Bus,Rural (not London),0.00129608227871,2.52023892244e-05,1.43010138345e-05
2016,Scotland,6,7.4,6,B100 Coach,Rural (not London),0.00255111488514,5.66068811167e-05,4.41352822236e-05
2016,Scotland,6,7.4,6,B100 Rigid HGV,Rural (not London),0.00119158520829,2.57052743109e-05,1.47221935549e-05
2016,Scotland,6,7.4,6,Battery EV Cars,Rural (not London),0.0,5.50764480067e-06,3.06141782858e-06
2016,Scotland,6,7.4,6,Battery EV LGV,Rural (not London),0.0,7.46197929402e-06,4.17151613874e-06
2016,Scotland,6,7.4,6,Biogas Bus,Rural (not London),0.00069444446126,2.41506240855e-05,1.33018365887e-05
2016,Scotland,6,7.4,6,Biomethane Bus,Rural (not London),0.00069444446126,2.41506240855e-05,1.33018365887e-05
2016,Scotland,6,7.4,6,Bus and Coach,Rural (not London),0.00149771943688,2.62855755864e-05,1.53300406964e-05
2016,Scotland,6,7.4,6,CNG Bus,Rural (not London),0.00069444446126,2.41506240855e-05,1.33018365887e-05
2016,Scotland,6,7.4,6,Diesel Car,Rural (not London),0.000227842931054,6.62374168314e-06,4.12171038988e-06
2016,Scotland,6,7.4,6,E85 Bioethanol Cars,Rural (not London),2.03464041988e-05,5.82444044994e-06,3.36237394549e-06
2016,Scotland,6,7.4,6,E85 Bioethanol LGV,Rural (not London),1.40273250508e-05,7.62937861509e-06,4.33054538007e-06
2016,Scotland,6,7.4,6,FCEV Bus,Rural (not London),0.0,2.27617347264e-05,1.1982392607e-05
2016,Scotland,6,7.4,6,FCEV Cars,Rural (not London),0.0,5.50764480067e-06,3.06141782858e-06
2016,Scotland,6,7.4,6,FCEV LGV,Rural (not London),0.0,7.46197929402e-06,4.17151613874e-06
2016,Scotland,6,7.4,6,Full Hybrid Diesel Cars,Rural (not London),0.000227777592954,6.6114321271e-06,4.11001610701e-06
2016,Scotland,6,7.4,6,Full Hybrid Petrol Cars,Rural (not London),9.98054292722e-06,5.90351282881e-06,3.43749275089e-06
2016,Scotland,6,7.4,6,Full Hybrid Petrol LGV,Rural (not London),5.32586136615e-06,7.66919492889e-06,4.36837080997e-06
2016,Scotland,6,7.4,6,Hybrid Bus,Rural (not London),0.00343760405667,4.25609287049e-05,3.07916270685e-05
2016,Scotland,6,7.4,6,LGV,Rural (not London),0.000346852175426,8.61751504999e-06,5.26927533429e-06
2016,Scotland,6,7.4,6,LPG Cars,Rural (not London),8.6111112978e-06,5.90242916587e-06,3.43646320289e-06
2016,Scotland,6,7.4,6,LPG LGV,Rural (not London),6.84076367179e-05,7.66919492889e-06,4.36837080997e-06
2016,Scotland,6,7.4,6,Motorcycle,Rural (not London),1.73959797394e-05,3.24010852637e-06,2.11119868254e-06
2016,Scotland,6,7.4,6,Petrol Car,Rural (not London),2.03464041988e-05,5.90363970332e-06,3.43761303156e-06
2016,Scotland,6,7.4,6,Plug-In Hybrid Petrol Cars,Rural (not London),1.96721202883e-06,5.54722191737e-06,3.09901633955e-06
2016,Scotland,6,7.4,6,Plug-In Hybrid Petrol LGV,Rural (not London),1.58738623668e-06,7.48270076656e-06,4.19120169681e-06
2016,Scotland,6,7.4,6,Rigid HGV,Rural (not London),0.00108325923793,2.60055967374e-05,1.50074993144e-05
2016,Scotland,6,7.4,7,Artic HGV,Rural (not London),0.00072307739174,3.28428468492e-05,2.01954662771e-05
2016,Scotland,6,7.4,7,B100 Artic HGV,Rural (not London),0.00079538510181,3.23817694152e-05,1.97574408958e-05
2016,Scotland,6,7.4,7,B100 Bus,Rural (not London),0.00082029029727,2.52023892244e-05,1.43010138345e-05
2016,Scotland,6,7.4,7,B100 Coach,Rural (not London),0.0017489742022,5.66068811167e-05,4.41352822236e-05
2016,Scotland,6,7.4,7,B100 Rigid HGV,Rural (not London),0.000839654006995,2.57052743109e-05,1.47221935549e-05
2016,Scotland,6,7.4,7,Battery EV Cars,Rural (not London),0.0,5.50764480067e-06,3.06141782858e-06
2016,Scotland,6,7.4,7,Battery EV LGV,Rural (not London),0.0,7.46197929402e-06,4.17151613874e-06
2016,Scotland,6,7.4,7,Biogas Bus,Rural (not London),0.00069444446126,2.41506240855e-05,1.33018365887e-05
2016,Scotland,6,7.4,7,Biomethane Bus,Rural (not London),0.00069444446126,2.41506240855e-05,1.33018365887e-05
2016,Scotland,6,7.4,7,Bus and Coach,Rural (not London),0.000982110737823,2.62855755864e-05,1.53300406964e-05
2016,Scotland,6,7.4,7,CNG Bus,Rural (not London),0.00069444446126,2.41506240855e-05,1.33018365887e-05
2016,Scotland,6,7.4,7,Diesel Car,Rural (not London),0.000227842931054,6.62374168314e-06,4.12171038988e-06
2016,Scotland,6,7.4,7,E85 Bioethanol Cars,Rural (not London),2.00157774088e-05,5.81811855227e-06,3.35636809723e-06
2016,Scotland,6,7.4,7,E85 Bioethanol LGV,Rural (not London),1.38317091114e-05,7.62267700338e-06,4.32417937191e-06
2016,Scotland,6,7.4,7,FCEV Bus,Rural (not London),0.0,2.27617347264e-05,1.1982392607e-05
2016,Scotland,6,7.4,7,FCEV Cars,Rural (not London),0.0,5.50764480067e-06,3.06141782858e-06
2016,Scotland,6,7.4,7,FCEV LGV,Rural (not London),0.0,7.46197929402e-06,4.17151613874e-06
2016,Scotland,6,7.4,7,Full Hybrid Diesel Cars,Rural (not London),0.000227777592954,6.6114321271e-06,4.11001610701e-06
2016,Scotland,6,7.4,7,Full Hybrid Petrol Cars,Rural (not London),9.81507764664e-06,5.89560295339e-06,3.42997827829e-06
2016,Scotland,6,7.4,7,Full Hybrid Petrol LGV,Rural (not London),5.227438578e-06,7.660765732e-06,4.36036270912e-06
2016,Scotland,6,7.4,7,Hybrid Bus,Rural (not London),0.00304097239859,4.25609287049e-05,3.07916270685e-05
2016,Scotland,6,7.4,7,LGV,Rural (not London),0.000346604618244,8.5001156549e-06,5.15774627274e-06
2016,Scotland,6,7.4,7,LPG Cars,Rural (not London),8.6111112978e-06,5.89445653532e-06,3.42888915839e-06
2016,Scotland,6,7.4,7,LPG LGV,Rural (not London),6.84076367179e-05,7.660765732e-06,4.36036270912e-06
2016,Scotland,6,7.4,7,Motorcycle,Rural (not London),1.73959797394e-05,3.24010852637e-06,2.11119868254e-06
2016,Scotland,6,7.4,7,Petrol Car,Rural (not London),2.00157774088e-05,5.89573710386e-06,3.43010560755e-06
2016,Scotland,6,7.4,7,Plug-In Hybrid Petrol Cars,Rural (not London),1.93409573512e-06,5.54643065698e-06,3.0982644148e-06
2016,Scotland,6,7.4,7,Plug-In Hybrid Petrol LGV,Rural (not London),1.56782471095e-06,7.48185811972e-06,4.19040088673e-06
2016,Scotland,6,7.4,7,Rigid HGV,Rural (not London),0.00076332181925,2.60055967374e-05,1.50074993144e-05
2016,Scotland,6,7.4,8,Artic HGV,Rural (not London),0.000564825139008,3.28428468492e-05,2.01954662771e-05
2016,Scotland,6,7.4,8,B100 Artic HGV,Rural (not London),0.000621307641268,3.23817694152e-05,1.97574408958e-05
2016,Scotland,6,7.4,8,B100 Bus,Rural (not London),0.000548511219677,2.52023892244e-05,1.43010138345e-05
2016,Scotland,6,7.4,8,B100 Coach,Rural (not London),0.00126230134629,5.66068811167e-05,4.41352822236e-05
2016,Scotland,6,7.4,8,B100 Rigid HGV,Rural (not London),0.000651206006296,2.57052743109e-05,1.47221935549e-05
2016,Scotland,6,7.4,8,Battery EV Cars,Rural (not London),0.0,5.50764480067e-06,3.06141782858e-06
2016,Scotland,6,7.4,8,Battery EV LGV,Rural (not London),0.0,7.46197929402e-06,4.17151613874e-06
2016,Scotland,6,7.4,8,Biogas Bus,Rural (not London),0.00069444446126,2.41506240855e-05,1.33018365887e-05
2016,Scotland,6,7.4,8,Biomethane Bus,Rural (not London),0.00069444446126,2.41506240855e-05,1.33018365887e-05
2016,Scotland,6,7.4,8,Bus and Coach,Rural (not London),0.000680338591337,2.62855755864e-05,1.53300406964e-05
2016,Scotland,6,7.4,8,CNG Bus,Rural (not London),0.00069444446126,2.41506240855e-05,1.33018365887e-05
2016,Scotland,6,7.4,8,Diesel Car,Rural (not London),0.000227842931054,6.62374168314e-06,4.12171038988e-06
2016,Scotland,6,7.4,8,E85 Bioethanol Cars,Rural (not London),1.96655546461e-05,5.81206086281e-06,3.3506132695e-06
2016,Scotland,6,7.4,8,E85 Bioethanol LGV,Rural (not London),1.36220596687e-05,7.61653109294e-06,4.31834041592e-06
2016,Scotland,6,7.4,8,FCEV Bus,Rural (not London),0.0,2.27617347264e-05,1.1982392607e-05
2016,Scotland,6,7.4,8,FCEV Cars,Rural (not London),0.0,5.50764480067e-06,3.06141782858e-06
2016,Scotland,6,7.4,8,FCEV LGV,Rural (not London),0.0,7.46197929402e-06,4.17151613874e-06
2016,Scotland,6,7.4,8,Full Hybrid Diesel Cars,Rural (not London),0.000227777592954,6.6114321271e-06,4.11001610701e-06
2016,Scotland,6,7.4,8,Full Hybrid Petrol Cars,Rural (not London),9.63980346569e-06,5.88802367929e-06,3.42277803611e-06
2016,Scotland,6,7.4,8,Full Hybrid Petrol LGV,Rural (not London),5.121954473e-06,7.65303411754e-06,4.35301808466e-06
2016,Scotland,6,7.4,8,Hybrid Bus,Rural (not London),0.00274155149236,4.25609287049e-05,3.07916270685e-05
2016,Scotland,6,7.4,8,LGV,Rural (not London),0.000346416170942,8.4111943579e-06,5.07327013111e-06
2016,Scotland,6,7.4,8,LPG Cars,Rural (not London),8.6111112978e-06,5.88681723457e-06,3.42163207279e-06
2016,Scotland,6,7.4,8,LPG LGV,Rural (not London),6.84076367179e-05,7.65303411754e-06,4.35301808466e-06
2016,Scotland,6,7.4,8,Motorcycle,Rural (not London),1.73959797394e-05,3.24010852637e-06,2.11119868254e-06
2016,Scotland,6,7.4,8,Petrol Car,Rural (not London),1.96655546461e-05,5.88816465097e-06,3.42291218658e-06
2016,Scotland,6,7.4,8,Plug-In Hybrid Petrol Cars,Rural (not London),1.89901663816e-06,5.5456721384e-06,3.09754386763e-06
2016,Scotland,6,7.4,8,Plug-In Hybrid Petrol LGV,Rural (not London),1.5468597212e-06,7.48108459447e-06,4.18966646976e-06
2016,Scotland,6,7.4,8,Rigid HGV,Rural (not London),0.000592005439103,2.60055967374e-05,1.50074993144e-05
2016,Scotland,6,7.4,9,Artic HGV,Rural (not London),0.000473892665468,3.28428468492e-05,2.01954662771e-05
2016,Scotland,6,7.4,9,B100 Artic HGV,Rural (not London),0.000521281908732,3.23817694152e-05,1.97574408958e-05
2016,Scotland,6,7.4,9,B100 Bus,Rural (not London),0.000402736040996,2.52023892244e-05,1.43010138345e-05
2016,Scotland,6,7.4,9,B100 Coach,Rural (not London),0.000962590274867,5.66068811167e-05,4.41352822236e-05
2016,Scotland,6,7.4,9,B100 Rigid HGV,Rural (not London),0.000540298351552,2.57052743109e-05,1.47221935549e-05
2016,Scotland,6,7.4,9,Battery EV Cars,Rural (not London),0.0,5.50764480067e-06,3.06141782858e-06
2016,Scotland,6,7.4,9,Battery EV LGV,Rural (not London),0.0,7.46197929402e-06,4.17151613874e-06
2016,Scotland,6,7.4,9,Biogas Bus,Rural (not London),0.00069444446126,2.41506240855e-05,1.33018365887e-05
2016,Scotland,6,7.4,9,Biomethane Bus,Rural (not London),0.00069444446126,2.41506240855e-05,1.33018365887e-05
2016,Scotland,6,7.4,9,Bus and Coach,Rural (not London),0.000508632045239,2.62855755864e-05,1.53300406964e-05
2016,Scotland,6,7.4,9,CNG Bus,Rural (not London),0.00069444446126,2.41506240855e-05,1.33018365887e-05
2016,Scotland,6,7.4,9,Diesel Car,Rural (not London),0.000227842931054,6.62374168314e-06,4.12171038988e-06
2016,Scotland,6,7.4,9,E85 Bioethanol Cars,Rural (not London),1.93168234546e-05,5.80625919611e-06,3.34510195898e-06
2016,Scotland,6,7.4,9,E85 Bioethanol LGV,Rural (not London),1.34090487336e-05,7.61120281823e-06,4.31327816841e-06
2016,Scotland,6,7.4,9,FCEV Bus,Rural (not London),0.0,2.27617347264e-05,1.1982392607e-05
2016,Scotland,6,7.4,9,FCEV Cars,Rural (not London),0.0,5.50764480067e-06,3.06141782858e-06
2016,Scotland,6,7.4,9,FCEV LGV,Rural (not London),0.0,7.46197929402e-06,4.17151613874e-06
2016,Scotland,6,7.4,9,Full Hybrid Diesel Cars,Rural (not London),0.000227777592954,6.6114321271e-06,4.11001610701e-06
2016,Scotland,6,7.4,9,Full Hybrid Petrol Cars,Rural (not London),9.46527597989e-06,5.88076545682e-06,3.41588247466e-06
2016,Scotland,6,7.4,9,Full Hybrid Petrol LGV,Rural (not London),5.01477916259e-06,7.64633205108e-06,4.346651167e-06
2016,Scotland,6,7.4,9,Hybrid Bus,Rural (not London),0.00250743003562,4.25609287049e-05,3.07916270685e-05
2016,Scotland,6,7.4,9,LGV,Rural (not London),0.000346267304849,8.34116872284e-06,5.00674559589e-06
2016,Scotland,6,7.4,9,LPG Cars,Rural (not London),8.6111112978e-06,5.87950125919e-06,3.41468171428e-06
2016,Scotland,6,7.4,9,LPG LGV,Rural (not London),6.84076367179e-05,7.64633205108e-06,4.346651167e-06
2016,Scotland,6,7.4,9,Motorcycle,Rural (not London),1.73959797394e-05,3.24010852637e-06,2.11119868254e-06
2016,Scotland,6,7.4,9,Petrol Car,Rural (not London),1.93168234546e-05,5.88091279496e-06,3.41602276421e-06
2016,Scotland,6,7.4,9,Plug-In Hybrid Petrol Cars,Rural (not London),1.86408681202e-06,5.54494545213e-06,3.09685378852e-06
2016,Scotland,6,7.4,9,Plug-In Hybrid Petrol LGV,Rural (not London),1.52555867317e-06,7.48041475163e-06,4.18902982346e-06
2016,Scotland,6,7.4,9,Rigid HGV,Rural (not London),0.000491180340759,2.60055967374e-05,1.50074993144e-05
2016,Scotland,6,7.4,10,Artic HGV,Rural (not London),0.000414463138441,3.28428468492e-05,2.01954662771e-05
2016,Scotland,6,7.4,10,B100 Artic HGV,Rural (not London),0.000455909437733,3.23817694152e-05,1.97574408958e-05
2016,Scotland,6,7.4,10,B100 Bus,Rural (not London),0.000323861517245,2.52023892244e-05,1.43010138345e-05
2016,Scotland,6,7.4,10,B100 Coach,Rural (not London),0.000773399253376,5.66068811167e-05,4.41352822236e-05
2016,Scotland,6,7.4,10,B100 Rigid HGV,Rural (not London),0.000466945144581,2.57052743109e-05,1.47221935549e-05
2016,Scotland,6,7.4,10,Battery EV Cars,Rural (not London),0.0,5.50764480067e-06,3.06141782858e-06
2016,Scotland,6,7.4,10,Battery EV LGV,Rural (not London),0.0,7.46197929402e-06,4.17151613874e-06
2016,Scotland,6,7.4,10,Biogas Bus,Rural (not London),0.00069444446126,2.41506240855e-05,1.33018365887e-05
2016,Scotland,6,7.4,10,Biomethane Bus,Rural (not London),0.00069444446126,2.41506240855e-05,1.33018365887e-05
2016,Scotland,6,7.4,10,Bus and Coach,Rural (not London),0.000408847321523,2.62855755864e-05,1.53300406964e-05
2016,Scotland,6,7.4,10,CNG Bus,Rural (not London),0.00069444446126,2.41506240855e-05,1.33018365887e-05
2016,Scotland,6,7.4,10,Diesel Car,Rural (not London),0.000227842931054,6.62374168314e-06,4.12171038988e-06
2016,Scotland,6,7.4,10,E85 Bioethanol Cars,Rural (not London),1.8977723812e-05,5.80070582146e-06,3.33982620759e-06
2016,Scotland,6,7.4,10,E85 Bioethanol LGV,Rural (not London),1.31978749778e-05,7.60669627198e-06,4.30899717685e-06
2016,Scotland,6,7.4,10,FCEV Bus,Rural (not London),0.0,2.27617347264e-05,1.1982392607e-05
2016,Scotland,6,7.4,10,FCEV Cars,Rural (not London),0.0,5.50764480067e-06,3.06141782858e-06
2016,Scotland,6,7.4,10,FCEV LGV,Rural (not London),0.0,7.46197929402e-06,4.17151613874e-06
2016,Scotland,6,7.4,10,Full Hybrid Diesel Cars,Rural (not London),0.000227777592954,6.6114321271e-06,4.11001610701e-06
2016,Scotland,6,7.4,10,Full Hybrid Petrol Cars,Rural (not London),9.29556881601e-06,5.8738169173e-06,3.40928158948e-06
2016,Scotland,6,7.4,10,Full Hybrid Petrol LGV,Rural (not London),4.90852789881e-06,7.6406631706e-06,4.34126604887e-06
2016,Scotland,6,7.4,10,Hybrid Bus,Rural (not London),0.00231695338152,4.25609287049e-05,3.07916270685e-05
2016,Scotland,6,7.4,10,LGV,Rural (not London),0.000346146320226,8.28451084089e-06,4.95292124469e-06
2016,Scotland,6,7.4,10,LPG Cars,Rural (not London),8.6111112978e-06,5.87249814998e-06,3.40802853316e-06
2016,Scotland,6,7.4,10,LPG LGV,Rural (not London),6.84076367179e-05,7.6406631706e-06,4.34126604887e-06
2016,Scotland,6,7.4,10,Motorcycle,Rural (not London),1.73959797394e-05,3.24010852637e-06,2.11119868254e-06
2016,Scotland,6,7.4,10,Petrol Car,Rural (not London),1.8977723812e-05,5.87397107665e-06,3.4094282455e-06
2016,Scotland,6,7.4,10,Plug-In Hybrid Petrol Cars,Rural (not London),1.83012184607e-06,5.54425014343e-06,3.09619326799e-06
2016,Scotland,6,7.4,10,Plug-In Hybrid Petrol LGV,Rural (not London),1.50444122937e-06,7.47984768168e-06,4.1884914026e-06
2016,Scotland,6,7.4,10,Rigid HGV,Rural (not London),0.000424495578045,2.60055967374e-05,1.50074993144e-05
2016,Scotland,6,7.4,12,Artic HGV,Rural (not London),0.000338610901963,3.21288462146e-05,1.95171633095e-05
2016,Scotland,6,7.4,12,B100 Artic HGV,Rural (not London),0.000372471986338,3.17391677527e-05,1.9146969862e-05
2016,Scotland,6,7.4,12,B100 Bus,Rural (not London),0.000250507117016,2.48803880822e-05,1.3995113477e-05
2016,Scotland,6,7.4,12,B100 Coach,Rural (not London),0.000566488306504,5.46000555914e-05,4.22287957917e-05
2016,Scotland,6,7.4,12,B100 Rigid HGV,Rural (not London),0.000372894224711,2.5322457077e-05,1.4358516637e-05
2016,Scotland,6,7.4,12,Battery EV Cars,Rural (not London),0.0,5.50764480067e-06,3.06141782858e-06
2016,Scotland,6,7.4,12,Battery EV LGV,Rural (not London),0.0,7.46197929402e-06,4.17151613874e-06
2016,Scotland,6,7.4,12,Biogas Bus,Rural (not London),0.00069444446126,2.41506240855e-05,1.33018365887e-05
2016,Scotland,6,7.4,12,Biomethane Bus,Rural (not London),0.00069444446126,2.41506240855e-05,1.33018365887e-05
2016,Scotland,6,7.4,12,Bus and Coach,Rural (not London),0.000308165326715,2.57814244833e-05,1.4851096239e-05
2016,Scotland,6,7.4,12,CNG Bus,Rural (not London),0.00069444446126,2.41506240855e-05,1.33018365887e-05
2016,Scotland,6,7.4,12,Diesel Car,Rural (not London),0.000215079810005,6.52081735097e-06,4.02393197874e-06
2016,Scotland,6,7.4,12,E85 Bioethanol Cars,Rural (not London),1.83723950613e-05,5.79031075176e-06,3.32995068675e-06
2016,Scotland,6,7.4,12,E85 Bioethanol LGV,Rural (not London),1.28480114654e-05,7.59983686294e-06,4.30248064731e-06
2016,Scotland,6,7.4,12,FCEV Bus,Rural (not London),0.0,2.27617347264e-05,1.1982392607e-05
2016,Scotland,6,7.4,12,FCEV Cars,Rural (not London),0.0,5.50764480067e-06,3.06141782858e-06
2016,Scotland,6,7.4,12,FCEV LGV,Rural (not London),0.0,7.46197929402e-06,4.17151613874e-06
2016,Scotland,6,7.4,12,Full Hybrid Diesel Cars,Rural (not London),0.000215018138988,6.50868832963e-06,4.01240913561e-06
2016,Scotland,6,7.4,12,Full Hybrid Petrol Cars,Rural (not London),8.99079259398e-06,5.86081068832e-06,3.39692587659e-06
2016,Scotland,6,7.4,12,Full Hybrid Petrol LGV,Rural (not London),4.70314353151e-06,7.63203479437e-06,4.33306922787e-06
2016,Scotland,6,7.4,12,Hybrid Bus,Rural (not London),0.00201882841066,4.05311038776e-05,2.8863292755e-05
2016,Scotland,6,7.4,12,LGV,Rural (not London),0.000323791842675,8.18829903437e-06,4.8615193009e-06
2016,Scotland,6,7.4,12,LPG Cars,Rural (not London),8.6111112978e-06,5.85938869335e-06,3.39557482221e-06
2016,Scotland,6,7.4,12,LPG LGV,Rural (not London),6.40314538032e-05,7.63203479437e-06,4.33306922787e-06
2016,Scotland,6,7.4,12,Motorcycle,Rural (not London),1.64278535522e-05,3.24010852637e-06,2.11119868254e-06
2016,Scotland,6,7.4,12,Petrol Car,Rural (not London),1.83723950613e-05,5.86097712585e-06,3.39708367392e-06
2016,Scotland,6,7.4,12,Plug-In Hybrid Petrol Cars,Rural (not London),1.76884998382e-06,5.54294865651e-06,3.09495680995e-06
2016,Scotland,6,7.4,12,Plug-In Hybrid Petrol LGV,Rural (not London),1.47278672102e-06,7.47898502595e-06,4.18767149313e-06
2016,Scotland,6,7.4,12,Rigid HGV,Rural (not London),0.000338994752383,2.55802424363e-05,1.46034135469e-05
2016,Scotland,6,7.4,14,Artic HGV,Rural (not London),0.000289449439151,3.1628900615e-05,1.90422160813e-05
2016,Scotland,6,7.4,14,B100 Artic HGV,Rural (not London),0.000318394391797,3.12892188958e-05,1.87195164472e-05
2016,Scotland,6,7.4,14,B100 Bus,Rural (not London),0.000216568951146,2.46489889832e-05,1.37752840601e-05
2016,Scotland,6,7.4,14,B100 Coach,Rural (not London),0.000463999895146,5.10197496624e-05,3.88275038858e-05
2016,Scotland,6,7.4,14,B100 Rigid HGV,Rural (not London),0.000312614894938,2.50450066233e-05,1.40949396155e-05
2016,Scotland,6,7.4,14,Battery EV Cars,Rural (not London),0.0,5.50764480067e-06,3.06141782858e-06
2016,Scotland,6,7.4,14,Battery EV LGV,Rural (not London),0.0,7.46197929402e-06,4.17151613874e-06
2016,Scotland,6,7.4,14,Biogas Bus,Rural (not London),0.00069444446126,2.41506240855e-05,1.33018365887e-05
2016,Scotland,6,7.4,14,Biomethane Bus,Rural (not London),0.00069444446126,2.41506240855e-05,1.33018365887e-05
2016,Scotland,6,7.4,14,Bus and Coach,Rural (not London),0.000259863300016,2.54196620517e-05,1.45074227476e-05
2016,Scotland,6,7.4,14,CNG Bus,Rural (not London),0.00069444446126,2.41506240855e-05,1.33018365887e-05
2016,Scotland,6,7.4,14,Diesel Car,Rural (not London),0.000204665586352,6.43813973511e-06,3.94538847104e-06
2016,Scotland,6,7.4,14,E85 Bioethanol Cars,Rural (not London),1.78201826202e-05,5.7808110796e-06,3.3209259982e-06
2016,Scotland,6,7.4,14,E85 Bioethanol LGV,Rural (not London),1.25191627376e-05,7.59527256378e-06,4.29814463132e-06
2016,Scotland,6,7.4,14,FCEV Bus,Rural (not London),0.0,2.27617347264e-05,1.1982392607e-05
2016,Scotland,6,7.4,14,FCEV Cars,Rural (not London),0.0,5.50764480067e-06,3.06141782858e-06
2016,Scotland,6,7.4,14,FCEV LGV,Rural (not London),0.0,7.46197929402e-06,4.17151613874e-06
2016,Scotland,6,7.4,14,Full Hybrid Diesel Cars,Rural (not London),0.000204606898478,6.42620898361e-06,3.93405389332e-06
2016,Scotland,6,7.4,14,Full Hybrid Petrol Cars,Rural (not London),8.71249540069e-06,5.84892541156e-06,3.38563449986e-06
2016,Scotland,6,7.4,14,Full Hybrid Petrol LGV,Rural (not London),4.50824791187e-06,7.62629406381e-06,4.32761544289e-06
2016,Scotland,6,7.4,14,Hybrid Bus,Rural (not London),0.00179031398147,3.89583037759e-05,2.73691330221e-05
2016,Scotland,6,7.4,14,LGV,Rural (not London),0.000307629845338,8.11721292848e-06,4.79398795505e-06
2016,Scotland,6,7.4,14,LPG Cars,Rural (not London),8.6111112978e-06,5.84740882914e-06,3.38419408763e-06
2016,Scotland,6,7.4,14,LPG LGV,Rural (not London),6.0840829974e-05,7.62629406381e-06,4.32761544289e-06
2016,Scotland,6,7.4,14,Motorcycle,Rural (not London),1.55785492097e-05,3.24010852637e-06,2.11119868254e-06
2016,Scotland,6,7.4,14,Petrol Car,Rural (not London),1.78201826202e-05,5.84910276302e-06,3.38580298376e-06
2016,Scotland,6,7.4,14,Plug-In Hybrid Petrol Cars,Rural (not London),1.71286171735e-06,5.54175949219e-06,3.09382699015e-06
2016,Scotland,6,7.4,14,Plug-In Hybrid Petrol LGV,Rural (not London),1.44330113017e-06,7.47841068005e-06,4.18712625105e-06
2016,Scotland,6,7.4,14,Rigid HGV,Rural (not London),0.000284195353743,2.52719655691e-05,1.43105507959e-05
2016,Scotland,6,7.4,16,Artic HGV,Rural (not London),0.000253485224675,3.12575793942e-05,1.86894612852e-05
2016,Scotland,6,7.4,16,B100 Artic HGV,Rural (not London),0.000278833729681,3.09550305246e-05,1.84020373126e-05
2016,Scotland,6,7.4,16,B100 Bus,Rural (not London),0.000194643929717,2.44739530899e-05,1.36089984153e-05
2016,Scotland,6,7.4,16,B100 Coach,Rural (not London),0.000403766316595,4.82469258714e-05,3.61933234672e-05
2016,Scotland,6,7.4,16,B100 Rigid HGV,Rural (not London),0.000269425072474,2.48343058047e-05,1.3894773474e-05
2016,Scotland,6,7.4,16,Battery EV Cars,Rural (not London),0.0,5.50764480067e-06,3.06141782858e-06
2016,Scotland,6,7.4,16,Battery EV LGV,Rural (not London),0.0,7.46197929402e-06,4.17151613874e-06
2016,Scotland,6,7.4,16,Biogas Bus,Rural (not London),0.00069444446126,2.41506240855e-05,1.33018365887e-05
2016,Scotland,6,7.4,16,Biomethane Bus,Rural (not London),0.00069444446126,2.41506240855e-05,1.33018365887e-05
2016,Scotland,6,7.4,16,Bus and Coach,Rural (not London),0.000230180186918,2.51469573413e-05,1.42483531818e-05
2016,Scotland,6,7.4,16,CNG Bus,Rural (not London),0.00069444446126,2.41506240855e-05,1.33018365887e-05
2016,Scotland,6,7.4,16,Diesel Car,Rural (not London),0.000195802625967,6.37004723103e-06,3.88070066037e-06
2016,Scotland,6,7.4,16,E85 Bioethanol Cars,Rural (not London),1.73155476659e-05,5.77214450459e-06,3.31269257003e-06
2016,Scotland,6,7.4,16,E85 Bioethanol LGV,Rural (not London),1.21796965686e-05,7.59244494475e-06,4.29545843872e-06
2016,Scotland,6,7.4,16,FCEV Bus,Rural (not London),0.0,2.27617347264e-05,1.1982392607e-05
2016,Scotland,6,7.4,16,FCEV Cars,Rural (not London),0.0,5.50764480067e-06,3.06141782858e-06
2016,Scotland,6,7.4,16,FCEV LGV,Rural (not London),0.0,7.46197929402e-06,4.17151613874e-06
2016,Scotland,6,7.4,16,Full Hybrid Diesel Cars,Rural (not London),0.000195746484678,6.35832475382e-06,3.8695643525e-06
2016,Scotland,6,7.4,16,Full Hybrid Petrol Cars,Rural (not London),8.45790236781e-06,5.83808196097e-06,3.3753333355e-06
2016,Scotland,6,7.4,16,Full Hybrid Petrol LGV,Rural (not London),4.3079248826e-06,7.62273703003e-06,4.32423621533e-06
2016,Scotland,6,7.4,16,Hybrid Bus,Rural (not London),0.00160647102166,3.77022042812e-05,2.61758377746e-05
2016,Scotland,6,7.4,16,LGV,Rural (not London),0.000295349163935,8.06230036687e-06,4.7418207032e-06
2016,Scotland,6,7.4,16,LPG Cars,Rural (not London),8.6111112978e-06,5.83647988606e-06,3.37381129611e-06
2016,Scotland,6,7.4,16,LPG LGV,Rural (not London),5.83952314628e-05,7.62273703003e-06,4.32423621533e-06
2016,Scotland,6,7.4,16,Motorcycle,Rural (not London),1.48391354742e-05,3.24010852637e-06,2.11119868254e-06
2016,Scotland,6,7.4,16,Petrol Car,Rural (not London),1.73155476659e-05,5.83826931688e-06,3.37551114171e-06
2016,Scotland,6,7.4,16,Plug-In Hybrid Petrol Cars,Rural (not London),1.66160180015e-06,5.54067446501e-06,3.09279607791e-06
2016,Scotland,6,7.4,16,Plug-In Hybrid Petrol LGV,Rural (not London),1.41282112054e-06,7.47805506762e-06,4.18678837377e-06
2016,Scotland,6,7.4,16,Rigid HGV,Rural (not London),0.000244931899942,2.50378543569e-05,1.4088143871e-05
2016,Scotland,6,7.4,18,Artic HGV,Rural (not London),0.000225452560699,3.09703682433e-05,1.84166110557e-05
2016,Scotland,6,7.4,18,B100 Artic HGV,Rural (not London),0.000247997813858,3.06965412165e-05,1.81564719242e-05
2016,Scotland,6,7.4,18,B100 Bus,Rural (not London),0.000177519366844,2.43361992034e-05,1.34781330416e-05
2016,Scotland,6,7.4,18,B100 Coach,Rural (not London),0.000362581282388,4.6032051614e-05,3.40891929227e-05
2016,Scotland,6,7.4,18,B100 Rigid HGV,Rural (not London),0.000236486157519,2.46686195169e-05,1.3737370864e-05
2016,Scotland,6,7.4,18,Battery EV Cars,Rural (not London),0.0,5.50764480067e-06,3.06141782858e-06
2016,Scotland,6,7.4,18,Battery EV LGV,Rural (not London),0.0,7.46197929402e-06,4.17151613874e-06
2016,Scotland,6,7.4,18,Biogas Bus,Rural (not London),0.00069444446126,2.41506240855e-05,1.33018365887e-05
2016,Scotland,6,7.4,18,Biomethane Bus,Rural (not London),0.00069444446126,2.41506240855e-05,1.33018365887e-05
2016,Scotland,6,7.4,18,Bus and Coach,Rural (not London),0.000208487908822,2.4933475288e-05,1.40455449582e-05
2016,Scotland,6,7.4,18,CNG Bus,Rural (not London),0.00069444446126,2.41506240855e-05,1.33018365887e-05
2016,Scotland,6,7.4,18,Diesel Car,Rural (not London),0.000188044024981,6.31288776276e-06,3.82639882446e-06
2016,Scotland,6,7.4,18,E85 Bioethanol Cars,Rural (not London),1.68522510648e-05,5.76424918108e-06,3.30519242198e-06
2016,Scotland,6,7.4,18,E85 Bioethanol LGV,Rural (not London),1.20757986224e-05,7.59095428293e-06,4.29404235547e-06
2016,Scotland,6,7.4,18,FCEV Bus,Rural (not London),0.0,2.27617347264e-05,1.1982392607e-05
2016,Scotland,6,7.4,18,FCEV Cars,Rural (not London),0.0,5.50764480067e-06,3.06141782858e-06
2016,Scotland,6,7.4,18,FCEV LGV,Rural (not London),0.0,7.46197929402e-06,4.17151613874e-06
2016,Scotland,6,7.4,18,Full Hybrid Diesel Cars,Rural (not London),0.000187990110135,6.3013790168e-06,3.81546578865e-06
2016,Scotland,6,7.4,18,Full Hybrid Petrol Cars,Rural (not London),8.22389210953e-06,5.82820393902e-06,3.36594916917e-06
2016,Scotland,6,7.4,18,Full Hybrid Petrol LGV,Rural (not London),4.2260421651e-06,7.62086210671e-06,4.32245496995e-06
2016,Scotland,6,7.4,18,Hybrid Bus,Rural (not London),0.00145406892989,3.6672794522e-05,2.51978981396e-05
2016,Scotland,6,7.4,18,LGV,Rural (not London),0.000285675283521,8.0184536273e-06,4.70016675536e-06
2016,Scotland,6,7.4,18,LPG Cars,Rural (not London),8.6111112978e-06,5.82652364756e-06,3.36435277859e-06
2016,Scotland,6,7.4,18,LPG LGV,Rural (not London),5.64500005567e-05,7.62086210671e-06,4.32245496995e-06
2016,Scotland,6,7.4,18,Motorcycle,Rural (not London),1.42013777804e-05,3.24010852637e-06,2.11119868254e-06
2016,Scotland,6,7.4,18,Petrol Car,Rural (not London),1.68522510648e-05,5.82840038987e-06,3.36613584295e-06
2016,Scotland,6,7.4,18,Plug-In Hybrid Petrol Cars,Rural (not London),1.61444540936e-06,5.53968584427e-06,3.09185702463e-06
2016,Scotland,6,7.4,18,Plug-In Hybrid Petrol LGV,Rural (not London),1.40596546316e-06,7.47786771171e-06,4.18661011281e-06
2016,Scotland,6,7.4,18,Rigid HGV,Rural (not London),0.000214987419895,2.48537562584e-05,1.39132516779e-05
2016,Scotland,6,7.4,20,Artic HGV,Rural (not London),0.000202760871616,3.07413938572e-05,1.81990817509e-05
2016,Scotland,6,7.4,20,B100 Artic HGV,Rural (not London),0.000223036971875,3.0490460631e-05,1.79606977326e-05
2016,Scotland,6,7.4,20,B100 Bus,Rural (not London),0.000163003394846,2.42242222157e-05,1.33717549033e-05
2016,Scotland,6,7.4,20,B100 Coach,Rural (not London),0.000331081188051,4.42197051598e-05,3.23674612446e-05
2016,Scotland,6,7.4,20,B100 Rigid HGV,Rural (not London),0.000210344078369,2.45347619057e-05,1.36102071338e-05
2016,Scotland,6,7.4,20,Battery EV Cars,Rural (not London),0.0,5.50764480067e-06,3.06141782858e-06
2016,Scotland,6,7.4,20,Battery EV LGV,Rural (not London),0.0,7.46197929402e-06,4.17151613874e-06
2016,Scotland,6,7.4,20,Biogas Bus,Rural (not London),0.00069444446126,2.41506240855e-05,1.33018365887e-05
2016,Scotland,6,7.4,20,Biomethane Bus,Rural (not London),0.00069444446126,2.41506240855e-05,1.33018365887e-05
2016,Scotland,6,7.4,20,Bus and Coach,Rural (not London),0.000190968348761,2.47612242674e-05,1.3881907762e-05
2016,Scotland,6,7.4,20,CNG Bus,Rural (not London),0.00069444446126,2.41506240855e-05,1.33018365887e-05
2016,Scotland,6,7.4,20,Diesel Car,Rural (not London),0.000181118623004,6.26416385785e-06,3.78011122848e-06
2016,Scotland,6,7.4,20,E85 Bioethanol Cars,Rural (not London),1.64249104273e-05,5.75706644668e-06,3.29836848323e-06
2016,Scotland,6,7.4,20,E85 Bioethanol LGV,Rural (not London),1.17770314318e-05,7.59051999921e-06,4.29362989962e-06
2016,Scotland,6,7.4,20,FCEV Bus,Rural (not London),0.0,2.27617347264e-05,1.1982392607e-05
2016,Scotland,6,7.4,20,FCEV Cars,Rural (not London),0.0,5.50764480067e-06,3.06141782858e-06
2016,Scotland,6,7.4,20,FCEV LGV,Rural (not London),0.0,7.46197929402e-06,4.17151613874e-06
2016,Scotland,6,7.4,20,Full Hybrid Diesel Cars,Rural (not London),0.000181066687219,6.25287066214e-06,3.7693826016e-06
2016,Scotland,6,7.4,20,Full Hybrid Petrol Cars,Rural (not London),8.00777070253e-06,5.81921676712e-06,3.35741151503e-06
2016,Scotland,6,7.4,20,Full Hybrid Petrol LGV,Rural (not London),4.04602769777e-06,7.62031595514e-06,4.32193610322e-06
2016,Scotland,6,7.4,20,Hybrid Bus,Rural (not London),0.00132508785464,3.5810713598e-05,2.43789218075e-05
2016,Scotland,6,7.4,20,LGV,Rural (not London),0.000277825602097,7.98253950052e-06,4.66604842586e-06
2016,Scotland,6,7.4,20,LPG Cars,Rural (not London),8.6111112978e-06,5.81746508033e-06,3.3557473671e-06
2016,Scotland,6,7.4,20,LPG LGV,Rural (not London),5.48584466742e-05,7.62031595514e-06,4.32193610322e-06
2016,Scotland,6,7.4,20,Motorcycle,Rural (not London),1.36577164085e-05,3.24010852637e-06,2.11119868254e-06
2016,Scotland,6,7.4,20,Petrol Car,Rural (not London),1.64249104273e-05,5.81942185818e-06,3.35760614689e-06
2016,Scotland,6,7.4,20,Plug-In Hybrid Petrol Cars,Rural (not London),1.57085355568e-06,5.53878635401e-06,3.09100278173e-06
2016,Scotland,6,7.4,20,Plug-In Hybrid Petrol LGV,Rural (not London),1.37969027492e-06,7.47781314203e-06,4.18655827161e-06
2016,Scotland,6,7.4,20,Rigid HGV,Rural (not London),0.00019122188678,2.47050265898e-05,1.37719589475e-05
2016,Scotland,6,7.4,25,Artic HGV,Rural (not London),0.000160902738571,3.03305987472e-05,1.78088284883e-05
2016,Scotland,6,7.4,25,B100 Artic HGV,Rural (not London),0.00017699302407,3.01207455777e-05,1.76094690687e-05
2016,Scotland,6,7.4,25,B100 Bus,Rural (not London),0.000133783498313,2.40143090195e-05,1.3172337276e-05
2016,Scotland,6,7.4,25,B100 Coach,Rural (not London),0.000272748642601,4.08561863878e-05,2.91721207759e-05
2016,Scotland,6,7.4,25,B100 Rigid HGV,Rural (not London),0.000163387172506,2.42903697654e-05,1.33780340548e-05
2016,Scotland,6,7.4,25,Battery EV Cars,Rural (not London),0.0,5.50764480067e-06,3.06141782858e-06
2016,Scotland,6,7.4,25,Battery EV LGV,Rural (not London),0.0,7.46197929402e-06,4.17151613874e-06
2016,Scotland,6,7.4,25,Biogas Bus,Rural (not London),0.00069444446126,2.41506240855e-05,1.33018365887e-05
2016,Scotland,6,7.4,25,Biomethane Bus,Rural (not London),0.00069444446126,2.41506240855e-05,1.33018365887e-05
2016,Scotland,6,7.4,25,Bus and Coach,Rural (not London),0.000156994297868,2.4444407245e-05,1.35809304993e-05
2016,Scotland,6,7.4,25,CNG Bus,Rural (not London),0.00069444446126,2.41506240855e-05,1.33018365887e-05
2016,Scotland,6,7.4,25,Diesel Car,Rural (not London),0.000166434474522,6.16872375758e-06,3.68944301954e-06
2016,Scotland,6,7.4,25,E85 Bioethanol Cars,Rural (not London),1.54870976985e-05,5.74184787183e-06,3.28391092808e-06
2016,Scotland,6,7.4,25,E85 Bioethanol LGV,Rural (not London),1.12505749712e-05,7.59287786423e-06,4.29586998507e-06
2016,Scotland,6,7.4,25,FCEV Bus,Rural (not London),0.0,2.27617347264e-05,1.1982392607e-05
2016,Scotland,6,7.4,25,FCEV Cars,Rural (not London),0.0,5.50764480067e-06,3.06141782858e-06
2016,Scotland,6,7.4,25,FCEV LGV,Rural (not London),0.0,7.46197929402e-06,4.17151613874e-06
2016,Scotland,6,7.4,25,Full Hybrid Diesel Cars,Rural (not London),0.00016638674424,6.15796216152e-06,3.67921984434e-06
2016,Scotland,6,7.4,25,Full Hybrid Petrol Cars,Rural (not London),7.53233553041e-06,5.80017649554e-06,3.33932302965e-06
2016,Scotland,6,7.4,25,Full Hybrid Petrol LGV,Rural (not London),3.70654333892e-06,7.62328181736e-06,4.32475371781e-06
2016,Scotland,6,7.4,25,Hybrid Bus,Rural (not London),0.00107416033279,3.41514169122e-05,2.28025910474e-05
2016,Scotland,6,7.4,25,LGV,Rural (not London),0.000263401336269,7.91567890701e-06,4.60253068013e-06
2016,Scotland,6,7.4,25,LPG Cars,Rural (not London),8.6111112978e-06,5.79827383262e-06,3.33751540893e-06
2016,Scotland,6,7.4,25,LPG LGV,Rural (not London),5.1888924645e-05,7.62328181736e-06,4.32475371781e-06
2016,Scotland,6,7.4,25,Motorcycle,Rural (not London),1.26663881019e-05,3.24010852637e-06,2.11119868254e-06
2016,Scotland,6,7.4,25,Petrol Car,Rural (not London),1.54870976985e-05,5.800398867e-06,3.33953425979e-06
2016,Scotland,6,7.4,25,Plug-In Hybrid Petrol Cars,Rural (not London),1.47478738199e-06,5.53688096261e-06,3.0891926599e-06
2016,Scotland,6,7.4,25,Plug-In Hybrid Petrol LGV,Rural (not London),1.33634341637e-06,7.4781096373e-06,4.18683976022e-06
2016,Scotland,6,7.4,25,Rigid HGV,Rural (not London),0.000148533799802,2.44334805757e-05,1.35139889608e-05
2016,Scotland,6,7.4,30,Artic HGV,Rural (not London),0.000132042900077,3.00574683934e-05,1.75493551069e-05
2016,Scotland,6,7.4,30,B100 Artic HGV,Rural (not London),0.00014524719154,2.98749291687e-05,1.73759435711e-05
2016,Scotland,6,7.4,30,B100 Bus,Rural (not London),0.000111504763481,2.38604006881e-05,1.30261250888e-05
2016,Scotland,6,7.4,30,B100 Coach,Rural (not London),0.000229480050621,3.85327002732e-05,2.69648080575e-05
2016,Scotland,6,7.4,30,B100 Rigid HGV,Rural (not London),0.000131948676426,2.41244797508e-05,1.32204377223e-05
2016,Scotland,6,7.4,30,Battery EV Cars,Rural (not London),0.0,5.50764480067e-06,3.06141782858e-06
2016,Scotland,6,7.4,30,Battery EV LGV,Rural (not London),0.0,7.46197929402e-06,4.17151613874e-06
2016,Scotland,6,7.4,30,Biogas Bus,Rural (not London),0.00069444446126,2.41506240855e-05,1.33018365887e-05
2016,Scotland,6,7.4,30,Biomethane Bus,Rural (not London),0.00069444446126,2.41506240855e-05,1.33018365887e-05
2016,Scotland,6,7.4,30,Bus and Coach,Rural (not London),0.000131398046506,2.42219739448e-05,1.33696185003e-05
2016,Scotland,6,7.4,30,CNG Bus,Rural (not London),0.00069444446126,2.41506240855e-05,1.33018365887e-05
2016,Scotland,6,7.4,30,Diesel Car,Rural (not London),0.000154441950144,6.09866310697e-06,3.62288551514e-06
2016,Scotland,6,7.4,30,E85 Bioethanol Cars,Rural (not London),1.46997908814e-05,5.72986755287e-06,3.27252973875e-06
2016,Scotland,6,7.4,30,E85 Bioethanol LGV,Rural (not London),1.0843853488e-05,7.59880595069e-06,4.30150157626e-06
2016,Scotland,6,7.4,30,FCEV Bus,Rural (not London),0.0,2.27617347264e-05,1.1982392607e-05
2016,Scotland,6,7.4,30,FCEV Cars,Rural (not London),0.0,5.50764480067e-06,3.06141782858e-06
2016,Scotland,6,7.4,30,FCEV LGV,Rural (not London),0.0,7.46197929402e-06,4.17151613874e-06
2016,Scotland,6,7.4,30,Full Hybrid Diesel Cars,Rural (not London),0.000154397654114,6.08840809946e-06,3.61314323527e-06
2016,Scotland,6,7.4,30,Full Hybrid Petrol Cars,Rural (not London),7.1315630521e-06,5.78518711336e-06,3.32508329848e-06
2016,Scotland,6,7.4,30,Full Hybrid Petrol LGV,Rural (not London),3.42677299159e-06,7.63073876442e-06,4.33183777204e-06
2016,Scotland,6,7.4,30,Hybrid Bus,Rural (not London),0.000891491537914,3.29449358105e-05,2.16564312723e-05
2016,Scotland,6,7.4,30,LGV,Rural (not London),0.000253560865531,7.86932014307e-06,4.55848976344e-06
2016,Scotland,6,7.4,30,LPG Cars,Rural (not London),8.6111112978e-06,5.78316576139e-06,3.32316290041e-06
2016,Scotland,6,7.4,30,LPG LGV,Rural (not London),4.98181580042e-05,7.63073876442e-06,4.33183777204e-06
2016,Scotland,6,7.4,30,Motorcycle,Rural (not London),1.21300581668e-05,3.24010852637e-06,2.11119868254e-06
2016,Scotland,6,7.4,30,Petrol Car,Rural (not London),1.46997908814e-05,5.78542358198e-06,3.3253077163e-06
2016,Scotland,6,7.4,30,Plug-In Hybrid Petrol Cars,Rural (not London),1.39356507134e-06,5.53538120585e-06,3.08776770908e-06
2016,Scotland,6,7.4,30,Plug-In Hybrid Petrol LGV,Rural (not London),1.3053912653e-06,7.47885542296e-06,4.1875482566e-06
2016,Scotland,6,7.4,30,Rigid HGV,Rural (not London),0.000119953343528,2.42491569225e-05,1.33388821268e-05
2016,Scotland,6,7.4,35,Artic HGV,Rural (not London),0.000110876135295,2.98626418953e-05,1.73642692971e-05
2016,Scotland,6,7.4,35,B100 Artic HGV,Rural (not London),0.000121963748825,2.96995858662e-05,1.72093659785e-05
2016,Scotland,6,7.4,35,B100 Bus,Rural (not London),9.40475365496e-05,2.37356816797e-05,1.29076424855e-05
2016,Scotland,6,7.4,35,B100 Coach,Rural (not London),0.000195058339159,3.68288492609e-05,2.5346151233e-05
2016,Scotland,6,7.4,35,B100 Rigid HGV,Rural (not London),0.000109350592538,2.40042372752e-05,1.31062088258e-05
2016,Scotland,6,7.4,35,Battery EV Cars,Rural (not London),0.0,5.50764480067e-06,3.06141782858e-06
2016,Scotland,6,7.4,35,Battery EV LGV,Rural (not London),0.0,7.46197929402e-06,4.17151613874e-06
2016,Scotland,6,7.4,35,Biogas Bus,Rural (not London),0.00069444446126,2.41506240855e-05,1.33018365887e-05
2016,Scotland,6,7.4,35,Biomethane Bus,Rural (not London),0.00069444446126,2.41506240855e-05,1.33018365887e-05
2016,Scotland,6,7.4,35,Bus and Coach,Rural (not London),0.000111209599709,2.40512454184e-05,1.32074264911e-05
2016,Scotland,6,7.4,35,CNG Bus,Rural (not London),0.00069444446126,2.41506240855e-05,1.33018365887e-05
2016,Scotland,6,7.4,35,Diesel Car,Rural (not London),0.000144422549056,6.04494107392e-06,3.57184944733e-06
2016,Scotland,6,7.4,35,E85 Bioethanol Cars,Rural (not London),1.40323363667e-05,5.72035287405e-06,3.26349072566e-06
2016,Scotland,6,7.4,35,E85 Bioethanol LGV,Rural (not London),1.05222788989e-05,7.60734064897e-06,4.30960972153e-06
2016,Scotland,6,7.4,35,FCEV Bus,Rural (not London),0.0,2.27617347264e-05,1.1982392607e-05
2016,Scotland,6,7.4,35,FCEV Cars,Rural (not London),0.0,5.50764480067e-06,3.06141782858e-06
2016,Scotland,6,7.4,35,FCEV LGV,Rural (not London),0.0,7.46197929402e-06,4.17151613874e-06
2016,Scotland,6,7.4,35,Full Hybrid Diesel Cars,Rural (not London),0.000144381134305,6.03515400144e-06,3.56255191036e-06
2016,Scotland,6,7.4,35,Full Hybrid Petrol Cars,Rural (not London),6.79011282045e-06,5.77328228246e-06,3.31377395923e-06
2016,Scotland,6,7.4,35,Full Hybrid Petrol LGV,Rural (not London),3.1893139294e-06,7.64147443988e-06,4.34203639088e-06
2016,Scotland,6,7.4,35,Hybrid Bus,Rural (not London),0.000753102242015,3.20199178532e-05,2.07776647585e-05
2016,Scotland,6,7.4,35,LGV,Rural (not London),0.000246516283369,7.83541145211e-06,4.52627728009e-06
2016,Scotland,6,7.4,35,LPG Cars,Rural (not London),8.6111112978e-06,5.77116679779e-06,3.31176397594e-06
2016,Scotland,6,7.4,35,LPG LGV,Rural (not London),4.83030999021e-05,7.64147443988e-06,4.34203639088e-06
2016,Scotland,6,7.4,35,Motorcycle,Rural (not London),1.19788137454e-05,3.24010852637e-06,2.11119868254e-06
2016,Scotland,6,7.4,35,Petrol Car,Rural (not London),1.40323363667e-05,5.77352966502e-06,3.31400883624e-06
2016,Scotland,6,7.4,35,Plug-In Hybrid Petrol Cars,Rural (not London),1.32411662435e-06,5.53418976779e-06,3.08663584292e-06
2016,Scotland,6,7.4,35,Plug-In Hybrid Petrol LGV,Rural (not London),1.28337535443e-06,7.47992862671e-06,4.1885682549e-06
2016,Scotland,6,7.4,35,Rigid HGV,Rural (not London),9.94096335489e-05,2.41155557887e-05,1.32119603222e-05
2016,Scotland,6,7.4,40,Artic HGV,Rural (not London),9.46735526668e-05,2.97166479868e-05,1.72255749931e-05
2016,Scotland,6,7.4,40,B100 Artic HGV,Rural (not London),0.000104140912299,2.95681911666e-05,1.70845414686e-05
2016,Scotland,6,7.4,40,B100 Bus,Rural (not London),8.00741254352e-05,2.36337255046e-05,1.28107840283e-05
2016,Scotland,6,7.4,40,B100 Coach,Rural (not London),0.000166859477758,3.55252959707e-05,2.41077741521e-05
2016,Scotland,6,7.4,40,B100 Rigid HGV,Rural (not London),9.23011102714e-05,2.39129913098e-05,1.30195239763e-05
2016,Scotland,6,7.4,40,Battery EV Cars,Rural (not London),0.0,5.50764480067e-06,3.06141782858e-06
2016,Scotland,6,7.4,40,Battery EV LGV,Rural (not London),0.0,7.46197929402e-06,4.17151613874e-06
2016,Scotland,6,7.4,40,Biogas Bus,Rural (not London),0.00069444446126,2.41506240855e-05,1.33018365887e-05
2016,Scotland,6,7.4,40,Biomethane Bus,Rural (not London),0.00069444446126,2.41506240855e-05,1.33018365887e-05
2016,Scotland,6,7.4,40,Bus and Coach,Rural (not London),9.48854794842e-05,2.39164546656e-05,1.30793750941e-05
2016,Scotland,6,7.4,40,CNG Bus,Rural (not London),0.00069444446126,2.41506240855e-05,1.33018365887e-05
2016,Scotland,6,7.4,40,Diesel Car,Rural (not London),0.000135990761919,6.00241173743e-06,3.53144673682e-06
2016,Scotland,6,7.4,40,E85 Bioethanol Cars,Rural (not London),1.34640740725e-05,5.71262353333e-06,3.25614769281e-06
2016,Scotland,6,7.4,40,E85 Bioethanol LGV,Rural (not London),1.02671929199e-05,7.61795809012e-06,4.31969601777e-06
2016,Scotland,6,7.4,40,FCEV Bus,Rural (not London),0.0,2.27617347264e-05,1.1982392607e-05
2016,Scotland,6,7.4,40,FCEV Cars,Rural (not London),0.0,5.50764480067e-06,3.06141782858e-06
2016,Scotland,6,7.4,40,FCEV LGV,Rural (not London),0.0,7.46197929402e-06,4.17151613874e-06
2016,Scotland,6,7.4,40,Full Hybrid Diesel Cars,Rural (not London),0.000135951762786,5.99304803472e-06,3.52255142388e-06
2016,Scotland,6,7.4,40,Full Hybrid Petrol Cars,Rural (not London),6.49764433547e-06,5.7636116253e-06,3.30458647113e-06
2016,Scotland,6,7.4,40,Full Hybrid Petrol LGV,Rural (not London),2.98477812066e-06,7.65482946008e-06,4.35472338722e-06
2016,Scotland,6,7.4,40,Hybrid Bus,Rural (not London),0.00064565485809,3.12911543006e-05,2.00853410206e-05
2016,Scotland,6,7.4,40,LGV,Rural (not London),0.000241426401772,7.80984009907e-06,4.50198376711e-06
2016,Scotland,6,7.4,40,LPG Cars,Rural (not London),8.6111112978e-06,5.76141928832e-06,3.30250372826e-06
2016,Scotland,6,7.4,40,LPG LGV,Rural (not London),4.71812818432e-05,7.65482946008e-06,4.35472338722e-06
2016,Scotland,6,7.4,40,Motorcycle,Rural (not London),1.2161865925e-05,3.24010852637e-06,2.11119868254e-06
2016,Scotland,6,7.4,40,Petrol Car,Rural (not London),1.34640740725e-05,5.7638681028e-06,3.30482998834e-06
2016,Scotland,6,7.4,40,Plug-In Hybrid Petrol Cars,Rural (not London),1.26437237213e-06,5.53322206542e-06,3.08571657115e-06
2016,Scotland,6,7.4,40,Plug-In Hybrid Petrol LGV,Rural (not London),1.26842951431e-06,7.48126421968e-06,4.18983700001e-06
2016,Scotland,6,7.4,40,Rigid HGV,Rural (not London),8.39100976009e-05,2.40141689574e-05,1.31156439238e-05
2016,Scotland,6,7.4,45,Artic HGV,Rural (not London),8.18683183752e-05,2.96031812468e-05,1.71177835e-05
2016,Scotland,6,7.4,45,B100 Artic HGV,Rural (not London),9.00551531231e-05,2.94660712825e-05,1.69875274878e-05
2016,Scotland,6,7.4,45,B100 Bus,Rural (not London),6.86757266521e-05,2.35594543483e-05,1.27402254293e-05
2016,Scotland,6,7.4,45,B100 Coach,Rural (not London),0.000143335753819,3.44959626091e-05,2.31299090956e-05
2016,Scotland,6,7.4,45,B100 Rigid HGV,Rural (not London),7.89719706518e-05,2.38413904299e-05,1.29515028675e-05
2016,Scotland,6,7.4,45,Battery EV Cars,Rural (not London),0.0,5.50764480067e-06,3.06141782858e-06
2016,Scotland,6,7.4,45,Battery EV LGV,Rural (not London),0.0,7.46197929402e-06,4.17151613874e-06
2016,Scotland,6,7.4,45,Biogas Bus,Rural (not London),0.00069444446126,2.41506240855e-05,1.33018365887e-05
2016,Scotland,6,7.4,45,Biomethane Bus,Rural (not London),0.00069444446126,2.41506240855e-05,1.33018365887e-05
2016,Scotland,6,7.4,45,Bus and Coach,Rural (not London),8.14368468127e-05,2.38156335399e-05,1.29835952976e-05
2016,Scotland,6,7.4,45,CNG Bus,Rural (not London),0.00069444446126,2.41506240855e-05,1.33018365887e-05
2016,Scotland,6,7.4,45,Diesel Car,Rural (not London),0.000128917003167,5.96792961005e-06,3.49868855665e-06
2016,Scotland,6,7.4,45,E85 Bioethanol Cars,Rural (not London),1.29801574076e-05,5.70610382056e-06,3.24995403389e-06
2016,Scotland,6,7.4,45,E85 Bioethanol LGV,Rural (not London),1.00654333437e-05,7.63036314311e-06,4.33148079537e-06
2016,Scotland,6,7.4,45,FCEV Bus,Rural (not London),0.0,2.27617347264e-05,1.1982392607e-05
2016,Scotland,6,7.4,45,FCEV Cars,Rural (not London),0.0,5.50764480067e-06,3.06141782858e-06
2016,Scotland,6,7.4,45,FCEV LGV,Rural (not London),0.0,7.46197929402e-06,4.17151613874e-06
2016,Scotland,6,7.4,45,Full Hybrid Diesel Cars,Rural (not London),0.00012888002675,5.95893970967e-06,3.4901484014e-06
2016,Scotland,6,7.4,45,Full Hybrid Petrol Cars,Rural (not London),6.24672748017e-06,5.75545436732e-06,3.2968373489e-06
2016,Scotland,6,7.4,45,Full Hybrid Petrol LGV,Rural (not London),2.80654353446e-06,7.67043275118e-06,4.36954724137e-06
2016,Scotland,6,7.4,45,Hybrid Bus,Rural (not London),0.000561089836992,3.07153641188e-05,1.95383381651e-05
2016,Scotland,6,7.4,45,LGV,Rural (not London),0.000237889005803,7.79027959652e-06,4.48340142611e-06
2016,Scotland,6,7.4,45,LPG Cars,Rural (not London),8.6111112978e-06,5.75319745622e-06,3.29469321514e-06
2016,Scotland,6,7.4,45,LPG LGV,Rural (not London),4.6373999794e-05,7.67043275118e-06,4.36954724137e-06
2016,Scotland,6,7.4,45,Motorcycle,Rural (not London),1.26449913296e-05,3.24010852637e-06,2.11119868254e-06
2016,Scotland,6,7.4,45,Petrol Car,Rural (not London),1.29801574076e-05,5.75571857553e-06,3.29708814206e-06
2016,Scotland,6,7.4,45,Plug-In Hybrid Petrol Cars,Rural (not London),1.21284540455e-06,5.53240579393e-06,3.08494099954e-06
2016,Scotland,6,7.4,45,Plug-In Hybrid Petrol LGV,Rural (not London),1.25923793348e-06,7.48282491259e-06,4.19131947638e-06
2016,Scotland,6,7.4,45,Rigid HGV,Rural (not London),7.17927032383e-05,2.39346136368e-05,1.30400658236e-05
2016,Scotland,6,7.4,50,Artic HGV,Rural (not London),7.14922935003e-05,2.95124882541e-05,1.70316234289e-05
2016,Scotland,6,7.4,50,B100 Artic HGV,Rural (not London),7.86415184848e-05,2.9384445952e-05,1.69099839695e-05
2016,Scotland,6,7.4,50,B100 Bus,Rural (not London),5.92211363255e-05,2.35142506426e-05,1.2697281818e-05
2016,Scotland,6,7.4,50,B100 Coach,Rural (not London),0.00012343567505,3.36630509992e-05,2.23386432481e-05
2016,Scotland,6,7.4,50,B100 Rigid HGV,Rural (not London),6.82618701831e-05,2.37838012254e-05,1.28967940327e-05
2016,Scotland,6,7.4,50,Battery EV Cars,Rural (not London),0.0,5.50764480067e-06,3.06141782858e-06
2016,Scotland,6,7.4,50,Battery EV LGV,Rural (not London),0.0,7.46197929402e-06,4.17151613874e-06
2016,Scotland,6,7.4,50,Biogas Bus,Rural (not London),0.00069444446126,2.41506240855e-05,1.33018365887e-05
2016,Scotland,6,7.4,50,Biomethane Bus,Rural (not London),0.00069444446126,2.41506240855e-05,1.33018365887e-05
2016,Scotland,6,7.4,50,Bus and Coach,Rural (not London),7.01829121681e-05,2.37463445956e-05,1.2917771528e-05
2016,Scotland,6,7.4,50,CNG Bus,Rural (not London),0.00069444446126,2.41506240855e-05,1.33018365887e-05
2016,Scotland,6,7.4,50,Diesel Car,Rural (not London),0.000123056190205,5.93946197114e-06,3.47164450432e-06
2016,Scotland,6,7.4,50,E85 Bioethanol Cars,Rural (not London),1.25694050439e-05,5.70033444092e-06,3.24447296407e-06
2016,Scotland,6,7.4,50,E85 Bioethanol LGV,Rural (not London),9.90724583971e-06,7.64439937484e-06,4.34481489719e-06
2016,Scotland,6,7.4,50,FCEV Bus,Rural (not London),0.0,2.27617347264e-05,1.1982392607e-05
2016,Scotland,6,7.4,50,FCEV Cars,Rural (not London),0.0,5.50764480067e-06,3.06141782858e-06
2016,Scotland,6,7.4,50,FCEV LGV,Rural (not London),0.0,7.46197929402e-06,4.17151613874e-06
2016,Scotland,6,7.4,50,Full Hybrid Diesel Cars,Rural (not London),0.00012302090181,5.93079448663e-06,3.46341016666e-06
2016,Scotland,6,7.4,50,Full Hybrid Petrol Cars,Rural (not London),6.03176749792e-06,5.74823616262e-06,3.28997975885e-06
2016,Scotland,6,7.4,50,Full Hybrid Petrol LGV,Rural (not London),2.64970140051e-06,7.68808877183e-06,4.38631968791e-06
2016,Scotland,6,7.4,50,Hybrid Bus,Rural (not London),0.000494284555316,3.02700755128e-05,1.91153158084e-05
2016,Scotland,6,7.4,50,LGV,Rural (not London),0.000235743660596,7.77532022767e-06,4.4691905714e-06
2016,Scotland,6,7.4,50,LPG Cars,Rural (not London),8.6111112978e-06,5.74592195335e-06,3.28778128278e-06
2016,Scotland,6,7.4,50,LPG LGV,Rural (not London),4.58486683783e-05,7.68808877183e-06,4.38631968791e-06
2016,Scotland,6,7.4,50,Motorcycle,Rural (not London),1.34079728014e-05,3.24010852637e-06,2.11119868254e-06
2016,Scotland,6,7.4,50,Petrol Car,Rural (not London),1.25694050439e-05,5.74850673729e-06,3.29023691847e-06
2016,Scotland,6,7.4,50,Plug-In Hybrid Petrol Cars,Rural (not London),1.16841579256e-06,5.53168365514e-06,3.08425478579e-06
2016,Scotland,6,7.4,50,Plug-In Hybrid Petrol LGV,Rural (not London),1.25482472413e-06,7.4845902418e-06,4.19299658461e-06
2016,Scotland,6,7.4,50,Rigid HGV,Rural (not London),6.20562495897e-05,2.38706252276e-05,1.29792770167e-05
2016,Scotland,6,7.4,60,Artic HGV,Rural (not London),5.57032035431e-05,2.9376724342e-05,1.69026479853e-05
2016,Scotland,6,7.4,60,B100 Artic HGV,Rural (not London),6.12735238974e-05,2.92622589768e-05,1.67939069797e-05
2016,Scotland,6,7.4,60,B100 Bus,Rural (not London),4.44792967755e-05,2.3478316507e-05,1.26631448438e-05
2016,Scotland,6,7.4,60,B100 Coach,Rural (not London),9.16690769373e-05,3.23998865497e-05,2.11386341107e-05
2016,Scotland,6,7.4,60,B100 Rigid HGV,Rural (not London),5.21134716109e-05,2.36976193264e-05,1.28149213197e-05
2016,Scotland,6,7.4,60,Battery EV Cars,Rural (not London),0.0,5.50764480067e-06,3.06141782858e-06
2016,Scotland,6,7.4,60,Battery EV LGV,Rural (not London),0.0,7.46197929402e-06,4.17151613874e-06
2016,Scotland,6,7.4,60,Biogas Bus,Rural (not London),0.00069444446126,2.41506240855e-05,1.33018365887e-05
2016,Scotland,6,7.4,60,Biomethane Bus,Rural (not London),0.00069444446126,2.41506240855e-05,1.33018365887e-05
2016,Scotland,6,7.4,60,Bus and Coach,Rural (not London),5.24476672581e-05,2.36679043155e-05,1.28432529891e-05
2016,Scotland,6,7.4,60,CNG Bus,Rural (not London),0.00069444446126,2.41506240855e-05,1.33018365887e-05
2016,Scotland,6,7.4,60,Diesel Car,Rural (not London),0.000114635637146,5.89549927099e-06,3.42987982549e-06
2016,Scotland,6,7.4,60,E85 Bioethanol Cars,Rural (not London),1.19342830658e-05,5.68824998481e-06,3.23299309457e-06
2016,Scotland,6,7.4,60,E85 Bioethanol LGV,Rural (not London),9.69355460256e-06,7.67605615692e-06,4.3748891585e-06
2016,Scotland,6,7.4,60,FCEV Bus,Rural (not London),0.0,2.27617347264e-05,1.1982392607e-05
2016,Scotland,6,7.4,60,FCEV Cars,Rural (not London),0.0,5.50764480067e-06,3.06141782858e-06
2016,Scotland,6,7.4,60,FCEV LGV,Rural (not London),0.0,7.46197929402e-06,4.17151613874e-06
2016,Scotland,6,7.4,60,Full Hybrid Diesel Cars,Rural (not London),0.00011460276437,5.88731199969e-06,3.42210205417e-06
2016,Scotland,6,7.4,60,Full Hybrid Petrol Cars,Rural (not London),7.97040229372e-06,5.73332863496e-06,3.2758175621e-06
2016,Scotland,6,7.4,60,Full Hybrid Petrol LGV,Rural (not London),3.34052970175e-06,7.729344361e-06,4.42551299784e-06
2016,Scotland,6,7.4,60,Hybrid Bus,Rural (not London),0.000500392750837,2.97346487059e-05,1.86066608876e-05
2016,Scotland,6,7.4,60,LGV,Rural (not London),0.000235751838773,7.75583430368e-06,4.45067871624e-06
2016,Scotland,6,7.4,60,LPG Cars,Rural (not London),8.05555555417e-06,5.73270517634e-06,3.27522548105e-06
2016,Scotland,6,7.4,60,LPG LGV,Rural (not London),3.65269879694e-05,7.729344361e-06,4.42551299784e-06
2016,Scotland,6,7.4,60,Motorcycle,Rural (not London),1.57473550644e-05,3.24010852637e-06,2.11119868254e-06
2016,Scotland,6,7.4,60,Petrol Car,Rural (not London),1.19342830658e-05,5.73340139454e-06,3.27588691107e-06
2016,Scotland,6,7.4,60,Plug-In Hybrid Petrol Cars,Rural (not London),5.48766092834e-06,5.62045943298e-06,3.16859177474e-06
2016,Scotland,6,7.4,60,Plug-In Hybrid Petrol LGV,Rural (not London),4.9908649089e-06,7.59566182751e-06,4.29851434092e-06
2016,Scotland,6,7.4,60,Rigid HGV,Rural (not London),4.73758809676e-05,2.37748681684e-05,1.28883075377e-05
2016,Scotland,6,7.4,70,Artic HGV,Rural (not London),4.42567215941e-05,2.92803561024e-05,1.68110982486e-05
2016,Scotland,6,7.4,70,B100 Artic HGV,Rural (not London),4.86823955725e-05,2.91755277431e-05,1.67115103977e-05
2016,Scotland,6,7.4,70,B100 Bus,Rural (not London),3.35394106514e-05,2.34721937886e-05,1.26573277157e-05
2016,Scotland,6,7.4,70,B100 Coach,Rural (not London),6.74984112266e-05,3.14903554681e-05,2.02745795832e-05
2016,Scotland,6,7.4,70,B100 Rigid HGV,Rural (not London),4.05144273827e-05,2.36386113102e-05,1.27588646137e-05
2016,Scotland,6,7.4,70,Battery EV Cars,Rural (not London),0.0,5.50764480067e-06,3.06141782858e-06
2016,Scotland,6,7.4,70,Battery EV LGV,Rural (not London),0.0,7.46197929402e-06,4.17151613874e-06
2016,Scotland,6,7.4,70,Biogas Bus,Rural (not London),0.00069444446126,2.41506240855e-05,1.33018365887e-05
2016,Scotland,6,7.4,70,Biomethane Bus,Rural (not London),0.00069444446126,2.41506240855e-05,1.33018365887e-05
2016,Scotland,6,7.4,70,Bus and Coach,Rural (not London),3.91344838135e-05,2.36275063799e-05,1.28048750412e-05
2016,Scotland,6,7.4,70,CNG Bus,Rural (not London),0.00069444446126,2.41506240855e-05,1.33018365887e-05
2016,Scotland,6,7.4,70,Diesel Car,Rural (not London),0.00011036064825,5.86369469602e-06,3.399665502e-06
2016,Scotland,6,7.4,70,E85 Bioethanol Cars,Rural (not London),1.15073435154e-05,5.67864753975e-06,3.22387063534e-06
2016,Scotland,6,7.4,70,E85 Bioethanol LGV,Rural (not London),9.58415421337e-06,7.7155937106e-06,4.41245038019e-06
2016,Scotland,6,7.4,70,FCEV Bus,Rural (not London),0.0,2.27617347264e-05,1.1982392607e-05
2016,Scotland,6,7.4,70,FCEV Cars,Rural (not London),0.0,5.50764480067e-06,3.06141782858e-06
2016,Scotland,6,7.4,70,FCEV LGV,Rural (not London),0.0,7.46197929402e-06,4.17151613874e-06
2016,Scotland,6,7.4,70,Full Hybrid Diesel Cars,Rural (not London),0.000110328997835,5.85576390222e-06,3.39213124789e-06
2016,Scotland,6,7.4,70,Full Hybrid Petrol Cars,Rural (not London),7.63849675423e-06,5.72131420995e-06,3.26440408571e-06
2016,Scotland,6,7.4,70,Full Hybrid Petrol LGV,Rural (not London),3.04197146761e-06,7.77907735028e-06,4.47275942861e-06
2016,Scotland,6,7.4,70,Hybrid Bus,Rural (not London),0.000441039883299,2.96947273455e-05,1.85687349585e-05
2016,Scotland,6,7.4,70,LGV,Rural (not London),0.000242939568125,7.74719137553e-06,4.44246734332e-06
2016,Scotland,6,7.4,70,LPG Cars,Rural (not London),8.05555555417e-06,5.72059570914e-06,3.26372128256e-06
2016,Scotland,6,7.4,70,LPG LGV,Rural (not London),3.75003255613e-05,7.77907735028e-06,4.47275942861e-06
2016,Scotland,6,7.4,70,Motorcycle,Rural (not London),1.92013121705e-05,3.24010852637e-06,2.11119868254e-06
2016,Scotland,6,7.4,70,Petrol Car,Rural (not London),1.15073435154e-05,5.72139833821e-06,3.26448389387e-06
2016,Scotland,6,7.4,70,Plug-In Hybrid Petrol Cars,Rural (not London),5.23288326804e-06,5.61444812774e-06,3.16288105751e-06
2016,Scotland,6,7.4,70,Plug-In Hybrid Petrol LGV,Rural (not London),4.94904497828e-06,7.62052832215e-06,4.32213801105e-06
2016,Scotland,6,7.4,70,Rigid HGV,Rural (not London),3.68312976207e-05,2.37093045143e-05,1.28260217025e-05
2016,Scotland,6,7.4,80,Artic HGV,Rural (not London),3.55782285624e-05,2.92094591714e-05,1.67437465279e-05
2016,Scotland,6,7.4,80,B100 Artic HGV,Rural (not London),3.91360517824e-05,2.91117212328e-05,1.66508943948e-05
2016,Scotland,6,7.4,80,B100 Bus,Rural (not London),2.51116234722e-05,2.34775543504e-05,1.26624199766e-05
2016,Scotland,6,7.4,80,B100 Coach,Rural (not London),4.85273376398e-05,3.08589878841e-05,1.96747841983e-05
2016,Scotland,6,7.4,80,B100 Rigid HGV,Rural (not London),3.17783487844e-05,2.36042506003e-05,1.27262210299e-05
2016,Scotland,6,7.4,80,Battery EV Cars,Rural (not London),0.0,5.50764480067e-06,3.06141782858e-06
2016,Scotland,6,7.4,80,Battery EV LGV,Rural (not London),0.0,7.46197929402e-06,4.17151613874e-06
2016,Scotland,6,7.4,80,Biogas Bus,Rural (not London),0.00069444446126,2.41506240855e-05,1.33018365887e-05
2016,Scotland,6,7.4,80,Biomethane Bus,Rural (not London),0.00069444446126,2.41506240855e-05,1.33018365887e-05
2016,Scotland,6,7.4,80,Bus and Coach,Rural (not London),2.87891125481e-05,2.360516919e-05,1.27836547108e-05
2016,Scotland,6,7.4,80,CNG Bus,Rural (not London),0.00069444446126,2.41506240855e-05,1.33018365887e-05
2016,Scotland,6,7.4,80,Diesel Car,Rural (not London),0.000110243854579,5.8403784351e-06,3.37751498591e-06
2016,Scotland,6,7.4,80,E85 Bioethanol Cars,Rural (not London),1.12536235974e-05,5.67157258047e-06,3.21714924212e-06
2016,Scotland,6,7.4,80,E85 Bioethanol LGV,Rural (not London),9.5523400887e-06,7.76332944952e-06,4.45779869551e-06
2016,Scotland,6,7.4,80,FCEV Bus,Rural (not London),0.0,2.27617347264e-05,1.1982392607e-05
2016,Scotland,6,7.4,80,FCEV Cars,Rural (not London),0.0,5.50764480067e-06,3.06141782858e-06
2016,Scotland,6,7.4,80,FCEV LGV,Rural (not London),0.0,7.46197929402e-06,4.17151613874e-06
2016,Scotland,6,7.4,80,Full Hybrid Diesel Cars,Rural (not London),0.000110212240543,5.83247492614e-06,3.37000687978e-06
2016,Scotland,6,7.4,80,Full Hybrid Petrol Cars,Rural (not London),7.42426163924e-06,5.71246209802e-06,3.25599444295e-06
2016,Scotland,6,7.4,80,Full Hybrid Petrol LGV,Rural (not London),2.79509754364e-06,7.83912128099e-06,4.52980157206e-06
2016,Scotland,6,7.4,80,Hybrid Bus,Rural (not London),0.000435059482697,3.03017859551e-05,1.9145440092e-05
2016,Scotland,6,7.4,80,LGV,Rural (not London),0.000260913802776,7.74722502683e-06,4.44249917564e-06
2016,Scotland,6,7.4,80,LPG Cars,Rural (not London),8.05555555417e-06,5.71167311136e-06,3.25524524669e-06
2016,Scotland,6,7.4,80,LPG LGV,Rural (not London),4.01267607231e-05,7.83912128099e-06,4.52980157206e-06
2016,Scotland,6,7.4,80,Motorcycle,Rural (not London),2.38516404352e-05,3.24010852637e-06,2.11119868254e-06
2016,Scotland,6,7.4,80,Petrol Car,Rural (not London),1.12536235974e-05,5.71255441173e-06,3.25608198182e-06
2016,Scotland,6,7.4,80,Plug-In Hybrid Petrol Cars,Rural (not London),5.06023525304e-06,5.61001888855e-06,3.15867328027e-06
2016,Scotland,6,7.4,80,Plug-In Hybrid Petrol LGV,Rural (not London),4.9468612815e-06,7.65055028751e-06,4.3506588554e-06
2016,Scotland,6,7.4,80,Rigid HGV,Rural (not London),2.88894079858e-05,2.36711257458e-05,1.27897519633e-05
2016,Scotland,6,7.4,90,Artic HGV,Rural (not London),3.19811952068e-05,2.91816322715e-05,1.67173111549e-05
2016,Scotland,6,7.4,90,B100 Artic HGV,Rural (not London),3.51793132722e-05,2.90866755677e-05,1.66271020134e-05
2016,Scotland,6,7.4,90,B100 Bus,Rural (not London),2.15861291508e-05,2.34815306612e-05,1.2666197108e-05
2016,Scotland,6,7.4,90,B100 Coach,Rural (not London),3.32592098857e-05,3.0297851481e-05,1.91417038877e-05
2016,Scotland,6,7.4,90,B100 Rigid HGV,Rural (not London),2.81717457256e-05,2.36078885791e-05,1.27296762003e-05
2016,Scotland,6,7.4,90,Battery EV Cars,Rural (not London),0.0,5.50764480067e-06,3.06141782858e-06
2016,Scotland,6,7.4,90,Battery EV LGV,Rural (not London),0.0,7.46197929402e-06,4.17151613874e-06
2016,Scotland,6,7.4,90,Biogas Bus,Rural (not London),0.00069444446126,2.41506240855e-05,1.33018365887e-05
2016,Scotland,6,7.4,90,Biomethane Bus,Rural (not London),0.00069444446126,2.41506240855e-05,1.33018365887e-05
2016,Scotland,6,7.4,90,Bus and Coach,Rural (not London),2.25950843742e-05,2.35876395891e-05,1.27670018628e-05
2016,Scotland,6,7.4,90,CNG Bus,Rural (not London),0.00069444446126,2.41506240855e-05,1.33018365887e-05
2016,Scotland,6,7.4,90,Diesel Car,Rural (not London),0.000114637732622,5.82340271649e-06,3.36138805324e-06
2016,Scotland,6,7.4,90,E85 Bioethanol Cars,Rural (not London),1.11481322165e-05,5.67168854104e-06,3.21725951835e-06
2016,Scotland,6,7.4,90,E85 Bioethanol LGV,Rural (not London),9.5802533906e-06,7.82193001214e-06,4.51346886621e-06
2016,Scotland,6,7.4,90,FCEV Bus,Rural (not London),0.0,2.27617347264e-05,1.1982392607e-05
2016,Scotland,6,7.4,90,FCEV Cars,Rural (not London),0.0,5.50764480067e-06,3.06141782858e-06
2016,Scotland,6,7.4,90,FCEV LGV,Rural (not London),0.0,7.46197929402e-06,4.17151613874e-06
2016,Scotland,6,7.4,90,Full Hybrid Diesel Cars,Rural (not London),0.000114604859846,5.81529457122e-06,3.35368508786e-06
2016,Scotland,6,7.4,90,Full Hybrid Petrol Cars,Rural (not London),9.39881283557e-06,5.71259806748e-06,3.2561235912e-06
2016,Scotland,6,7.4,90,Full Hybrid Petrol LGV,Rural (not London),3.32656418323e-06,7.91277034295e-06,4.59976808997e-06
2016,Scotland,6,7.4,90,Hybrid Bus,Rural (not London),0.000455785368104,3.10041432385e-05,1.9812679966e-05
2016,Scotland,6,7.4,90,LGV,Rural (not London),0.000295847392408,7.75482294557e-06,4.44971783509e-06
2016,Scotland,6,7.4,90,LPG Cars,Rural (not London),8.88888916961e-06,5.71173177377e-06,3.25530049849e-06
2016,Scotland,6,7.4,90,LPG LGV,Rural (not London),3.96510622522e-05,7.91277034295e-06,4.59976808997e-06
2016,Scotland,6,7.4,90,Motorcycle,Rural (not London),2.97588067042e-05,3.24010852637e-06,2.11119868254e-06
2016,Scotland,6,7.4,90,Petrol Car,Rural (not London),1.11481322165e-05,5.71269947613e-06,3.25621977026e-06
2016,Scotland,6,7.4,90,Plug-In Hybrid Petrol Cars,Rural (not London),8.9229661171e-06,5.69203439227e-06,3.23658809975e-06
2016,Scotland,6,7.4,90,Plug-In Hybrid Petrol LGV,Rural (not London),8.62222805154e-06,7.86769123806e-06,4.55694271295e-06
2016,Scotland,6,7.4,90,Rigid HGV,Rural (not London),2.5610677767e-05,2.36751657212e-05,1.27935909404e-05
2016,Scotland,6,7.4,100,Artic HGV,Rural (not London),3.19811952068e-05,2.91816322715e-05,1.67173111549e-05
2016,Scotland,6,7.4,100,B100 Artic HGV,Rural (not London),3.51793132722e-05,2.90866755677e-05,1.66271020134e-05
2016,Scotland,6,7.4,100,B100 Bus,Rural (not London),2.15861291508e-05,2.34815306612e-05,1.2666197108e-05
2016,Scotland,6,7.4,100,B100 Coach,Rural (not London),2.07157117984e-05,2.9889646612e-05,1.87539080798e-05
2016,Scotland,6,7.4,100,B100 Rigid HGV,Rural (not London),2.81717457256e-05,2.36078885791e-05,1.27296762003e-05
2016,Scotland,6,7.4,100,Battery EV Cars,Rural (not London),0.0,5.50764480067e-06,3.06141782858e-06
2016,Scotland,6,7.4,100,Battery EV LGV,Rural (not London),0.0,7.46197929402e-06,4.17151613874e-06
2016,Scotland,6,7.4,100,Biogas Bus,Rural (not London),0.00069444446126,2.41506240855e-05,1.33018365887e-05
2016,Scotland,6,7.4,100,Biomethane Bus,Rural (not London),0.00069444446126,2.41506240855e-05,1.33018365887e-05
2016,Scotland,6,7.4,100,Bus and Coach,Rural (not London),1.94021940843e-05,2.35710704146e-05,1.2751261238e-05
2016,Scotland,6,7.4,100,CNG Bus,Rural (not London),0.00069444446126,2.41506240855e-05,1.33018365887e-05
2016,Scotland,6,7.4,100,Diesel Car,Rural (not London),0.00012430055358,5.81142649025e-06,3.35001050189e-06
2016,Scotland,6,7.4,100,E85 Bioethanol Cars,Rural (not London),1.11723893497e-05,5.6867584135e-06,3.23157587445e-06
2016,Scotland,6,7.4,100,E85 Bioethanol LGV,Rural (not London),9.65546678344e-06,7.89534897194e-06,4.58321710539e-06
2016,Scotland,6,7.4,100,FCEV Bus,Rural (not London),0.0,2.27617347264e-05,1.1982392607e-05
2016,Scotland,6,7.4,100,FCEV Cars,Rural (not London),0.0,5.50764480067e-06,3.06141782858e-06
2016,Scotland,6,7.4,100,FCEV LGV,Rural (not London),0.0,7.46197929402e-06,4.17151613874e-06
2016,Scotland,6,7.4,100,Full Hybrid Diesel Cars,Rural (not London),0.000124264901388,5.80287905905e-06,3.34189076057e-06
2016,Scotland,6,7.4,100,Full Hybrid Petrol Cars,Rural (not London),9.36427568377e-06,5.73145280214e-06,3.27403586198e-06
2016,Scotland,6,7.4,100,Full Hybrid Petrol LGV,Rural (not London),3.09845290758e-06,8.00512134447e-06,4.68750158689e-06
2016,Scotland,6,7.4,100,Hybrid Bus,Rural (not London),0.000455785368104,3.10041432385e-05,1.9812679966e-05
2016,Scotland,6,7.4,100,LGV,Rural (not London),0.00035604822915,7.7694094216e-06,4.46357489636e-06
2016,Scotland,6,7.4,100,LPG Cars,Rural (not London),8.88888916961e-06,5.73073612031e-06,3.27335465045e-06
2016,Scotland,6,7.4,100,LPG LGV,Rural (not London),4.75084489153e-05,8.00512134447e-06,4.68750158689e-06
2016,Scotland,6,7.4,100,Motorcycle,Rural (not London),3.68801338482e-05,3.24010852637e-06,2.11119868254e-06
2016,Scotland,6,7.4,100,Petrol Car,Rural (not London),1.11723893497e-05,5.7315369304e-06,3.27411544276e-06
2016,Scotland,6,7.4,100,Plug-In Hybrid Petrol Cars,Rural (not London),8.84615474206e-06,5.70901556785e-06,3.25272026203e-06
2016,Scotland,6,7.4,100,Plug-In Hybrid Petrol LGV,Rural (not London),8.68992083269e-06,7.95080723037e-06,4.63590276922e-06
2016,Scotland,6,7.4,100,Rigid HGV,Rural (not London),2.5610677767e-05,2.36751657212e-05,1.27935909404e-05
2016,Scotland,6,7.4,110,Artic HGV,Rural (not London),3.19811952068e-05,2.91816322715e-05,1.67173111549e-05
2016,Scotland,6,7.4,110,B100 Artic HGV,Rural (not London),3.51793132722e-05,2.90866755677e-05,1.66271020134e-05
2016,Scotland,6,7.4,110,B100 Bus,Rural (not London),2.15861291508e-05,2.34815306612e-05,1.2666197108e-05
2016,Scotland,6,7.4,110,B100 Coach,Rural (not London),2.07157117984e-05,2.97962760669e-05,1.86652068805e-05
2016,Scotland,6,7.4,110,B100 Rigid HGV,Rural (not London),2.81717457256e-05,2.36078885791e-05,1.27296762003e-05
2016,Scotland,6,7.4,110,Battery EV Cars,Rural (not London),0.0,5.50764480067e-06,3.06141782858e-06
2016,Scotland,6,7.4,110,Battery EV LGV,Rural (not London),0.0,7.46197929402e-06,4.17151613874e-06
2016,Scotland,6,7.4,110,Biogas Bus,Rural (not London),0.00069444446126,2.41506240855e-05,1.33018365887e-05
2016,Scotland,6,7.4,110,Biomethane Bus,Rural (not London),0.00069444446126,2.41506240855e-05,1.33018365887e-05
2016,Scotland,6,7.4,110,Bus and Coach,Rural (not London),1.94021940843e-05,2.35710704146e-05,1.2751261238e-05
2016,Scotland,6,7.4,110,CNG Bus,Rural (not London),0.00069444446126,2.41506240855e-05,1.33018365887e-05
2016,Scotland,6,7.4,110,Diesel Car,Rural (not London),0.000140577656566,5.80356936553e-06,3.34254627887e-06
2016,Scotland,6,7.4,110,E85 Bioethanol Cars,Rural (not London),1.13123660412e-05,5.72842691327e-06,3.2711611766e-06
2016,Scotland,6,7.4,110,E85 Bioethanol LGV,Rural (not London),9.76904811978e-06,7.98961082182e-06,4.67276640848e-06
2016,Scotland,6,7.4,110,FCEV Bus,Rural (not London),0.0,2.27617347264e-05,1.1982392607e-05
2016,Scotland,6,7.4,110,FCEV Cars,Rural (not London),0.0,5.50764480067e-06,3.06141782858e-06
2016,Scotland,6,7.4,110,FCEV LGV,Rural (not London),0.0,7.46197929402e-06,4.17151613874e-06
2016,Scotland,6,7.4,110,Full Hybrid Diesel Cars,Rural (not London),0.000140537347761,5.79434799874e-06,3.33378602591e-06
2016,Scotland,6,7.4,110,Full Hybrid Petrol Cars,Rural (not London),9.42922997638e-06,5.78358685743e-06,3.32356307808e-06
2016,Scotland,6,7.4,110,Full Hybrid Petrol LGV,Rural (not London),2.90127286462e-06,8.12369034975e-06,4.80014205095e-06
2016,Scotland,6,7.4,110,Hybrid Bus,Rural (not London),0.000455785368104,3.10041432385e-05,1.9812679966e-05
2016,Scotland,6,7.4,110,LGV,Rural (not London),0.000447113037808,7.795862075e-06,4.48870423497e-06
2016,Scotland,6,7.4,110,LPG Cars,Rural (not London),8.88888916961e-06,5.7832830862e-06,3.32327454089e-06
2016,Scotland,6,7.4,110,LPG LGV,Rural (not London),5.94207886024e-05,8.12369034975e-06,4.80014205095e-06
2016,Scotland,6,7.4,110,Motorcycle,Rural (not London),4.27247541666e-05,3.24010852637e-06,2.11119868254e-06
2016,Scotland,6,7.4,110,Petrol Car,Rural (not London),1.13123660412e-05,5.78362232773e-06,3.32359695676e-06
2016,Scotland,6,7.4,110,Plug-In Hybrid Petrol Cars,Rural (not London),8.86534508027e-06,5.75596868657e-06,3.29732574755e-06
2016,Scotland,6,7.4,110,Plug-In Hybrid Petrol LGV,Rural (not London),8.7921434897e-06,8.05751915323e-06,4.73727914141e-06
2016,Scotland,6,7.4,110,Rigid HGV,Rural (not London),2.5610677767e-05,2.36751657212e-05,1.27935909404e-05
2016,Scotland,6,7.4,120,Artic HGV,Rural (not London),3.19811952068e-05,2.91816322715e-05,1.67173111549e-05
2016,Scotland,6,7.4,120,B100 Artic HGV,Rural (not London),3.51793132722e-05,2.90866755677e-05,1.66271020134e-05
2016,Scotland,6,7.4,120,B100 Bus,Rural (not London),2.15861291508e-05,2.34815306612e-05,1.2666197108e-05
2016,Scotland,6,7.4,120,B100 Coach,Rural (not London),2.07157117984e-05,2.97962760669e-05,1.86652068805e-05
2016,Scotland,6,7.4,120,B100 Rigid HGV,Rural (not London),2.81717457256e-05,2.36078885791e-05,1.27296762003e-05
2016,Scotland,6,7.4,120,Battery EV Cars,Rural (not London),0.0,5.50764480067e-06,3.06141782858e-06
2016,Scotland,6,7.4,120,Battery EV LGV,Rural (not London),0.0,7.46197929402e-06,4.17151613874e-06
2016,Scotland,6,7.4,120,Biogas Bus,Rural (not London),0.00069444446126,2.41506240855e-05,1.33018365887e-05
2016,Scotland,6,7.4,120,Biomethane Bus,Rural (not London),0.00069444446126,2.41506240855e-05,1.33018365887e-05
2016,Scotland,6,7.4,120,Bus and Coach,Rural (not London),1.94021940843e-05,2.35710704146e-05,1.2751261238e-05
2016,Scotland,6,7.4,120,CNG Bus,Rural (not London),0.00069444446126,2.41506240855e-05,1.33018365887e-05
2016,Scotland,6,7.4,120,Diesel Car,Rural (not London),0.000165781646501,5.79922925681e-06,3.33842353939e-06
2016,Scotland,6,7.4,120,E85 Bioethanol Cars,Rural (not London),1.15571901915e-05,5.81230551688e-06,3.35084587277e-06
2016,Scotland,6,7.4,120,E85 Bioethanol LGV,Rural (not London),9.66435709415e-06,8.11346126284e-06,4.79042410007e-06
2016,Scotland,6,7.4,120,FCEV Bus,Rural (not London),0.0,2.27617347264e-05,1.1982392607e-05
2016,Scotland,6,7.4,120,FCEV Cars,Rural (not London),0.0,5.50764480067e-06,3.06141782858e-06
2016,Scotland,6,7.4,120,FCEV LGV,Rural (not London),0.0,7.46197929402e-06,4.17151613874e-06
2016,Scotland,6,7.4,120,Full Hybrid Diesel Cars,Rural (not London),0.000165734105394,5.78909794058e-06,3.32879858433e-06
2016,Scotland,6,7.4,120,Full Hybrid Petrol Cars,Rural (not London),9.58388318395e-06,5.88853254158e-06,3.42326143254e-06
2016,Scotland,6,7.4,120,Full Hybrid Petrol LGV,Rural (not London),2.72905049314e-06,8.27947678772e-06,4.94813912155e-06
2016,Scotland,6,7.4,120,Hybrid Bus,Rural (not London),0.000455785368104,3.10041432385e-05,1.9812679966e-05
2016,Scotland,6,7.4,120,LGV,Rural (not London),0.000558836734854,7.80056052463e-06,4.49316803497e-06
2016,Scotland,6,7.4,120,LPG Cars,Rural (not London),8.88888916961e-06,5.88906050325e-06,3.42376301887e-06
2016,Scotland,6,7.4,120,LPG LGV,Rural (not London),7.41204203223e-05,8.27947678772e-06,4.94813912155e-06
2016,Scotland,6,7.4,120,Motorcycle,Rural (not London),4.96181455674e-05,3.24010852637e-06,2.11119868254e-06
2016,Scotland,6,7.4,120,Petrol Car,Rural (not London),1.15571901915e-05,5.88847069594e-06,3.42320277014e-06
2016,Scotland,6,7.4,120,Plug-In Hybrid Petrol Cars,Rural (not London),8.97073550732e-06,5.85048564972e-06,3.38711674885e-06
2016,Scotland,6,7.4,120,Plug-In Hybrid Petrol LGV,Rural (not London),8.69792074809e-06,8.19772776595e-06,4.87047691422e-06
2016,Scotland,6,7.4,120,Rigid HGV,Rural (not London),2.5610677767e-05,2.36751657212e-05,1.27935909404e-05
2016,Scotland,6,7.4,130,Artic HGV,Rural (not London),3.19811952068e-05,2.91816322715e-05,1.67173111549e-05
2016,Scotland,6,7.4,130,B100 Artic HGV,Rural (not London),3.51793132722e-05,2.90866755677e-05,1.66271020134e-05
2016,Scotland,6,7.4,130,B100 Bus,Rural (not London),2.15861291508e-05,2.34815306612e-05,1.2666197108e-05
2016,Scotland,6,7.4,130,B100 Coach,Rural (not London),2.07157117984e-05,2.97962760669e-05,1.86652068805e-05
2016,Scotland,6,7.4,130,B100 Rigid HGV,Rural (not London),2.81717457256e-05,2.36078885791e-05,1.27296762003e-05
2016,Scotland,6,7.4,130,Battery EV Cars,Rural (not London),0.0,5.50764480067e-06,3.06141782858e-06
2016,Scotland,6,7.4,130,Battery EV LGV,Rural (not London),0.0,7.46197929402e-06,4.17151613874e-06
2016,Scotland,6,7.4,130,Biogas Bus,Rural (not London),0.00069444446126,2.41506240855e-05,1.33018365887e-05
2016,Scotland,6,7.4,130,Biomethane Bus,Rural (not London),0.00069444446126,2.41506240855e-05,1.33018365887e-05
2016,Scotland,6,7.4,130,Bus and Coach,Rural (not London),1.94021940843e-05,2.35710704146e-05,1.2751261238e-05
2016,Scotland,6,7.4,130,CNG Bus,Rural (not London),0.00069444446126,2.41506240855e-05,1.33018365887e-05
2016,Scotland,6,7.4,130,Diesel Car,Rural (not London),0.000203997580684,5.79798188483e-06,3.33723801305e-06
2016,Scotland,6,7.4,130,E85 Bioethanol Cars,Rural (not London),1.1898289813e-05,5.95840674578e-06,3.48964181285e-06
2016,Scotland,6,7.4,130,E85 Bioethanol LGV,Rural (not London),9.58645341598e-06,8.27996518638e-06,4.94860296385e-06
2016,Scotland,6,7.4,130,FCEV Bus,Rural (not London),0.0,2.27617347264e-05,1.1982392607e-05
2016,Scotland,6,7.4,130,FCEV Cars,Rural (not London),0.0,5.50764480067e-06,3.06141782858e-06
2016,Scotland,6,7.4,130,FCEV LGV,Rural (not London),0.0,7.46197929402e-06,4.17151613874e-06
2016,Scotland,6,7.4,130,Full Hybrid Diesel Cars,Rural (not London),0.000203939081985,5.78670369578e-06,3.32652416546e-06
2016,Scotland,6,7.4,130,Full Hybrid Petrol Cars,Rural (not London),9.82051369647e-06,6.07132824371e-06,3.59691739504e-06
2016,Scotland,6,7.4,130,Full Hybrid Petrol LGV,Rural (not London),2.57727288044e-06,8.48891613714e-06,5.14710609423e-06
2016,Scotland,6,7.4,130,Hybrid Bus,Rural (not London),0.000455785368104,3.10041432385e-05,1.9812679966e-05
2016,Scotland,6,7.4,130,LGV,Rural (not London),0.000656199874356,7.80715981819e-06,4.4994376367e-06
2016,Scotland,6,7.4,130,LPG Cars,Rural (not London),8.88888916961e-06,6.07330503044e-06,3.59879504686e-06
2016,Scotland,6,7.4,130,LPG LGV,Rural (not London),8.71909069247e-05,8.48891613714e-06,5.14710609423e-06
2016,Scotland,6,7.4,130,Motorcycle,Rural (not London),5.76229504077e-05,3.24010852637e-06,2.11119868254e-06
2016,Scotland,6,7.4,130,Petrol Car,Rural (not London),1.1898289813e-05,6.07109723205e-06,3.59669775207e-06
2016,Scotland,6,7.4,130,Plug-In Hybrid Petrol Cars,Rural (not London),9.15459895623e-06,6.01511601417e-06,3.54351550413e-06
2016,Scotland,6,7.4,130,Plug-In Hybrid Petrol LGV,Rural (not London),8.62780780153e-06,8.38622236188e-06,5.04954687131e-06
2016,Scotland,6,7.4,130,Rigid HGV,Rural (not London),2.5610677767e-05,2.36751657212e-05,1.27935909404e-05
2016,Scotland,6,7.4,140,Artic HGV,Rural (not London),3.19811952068e-05,2.91816322715e-05,1.67173111549e-05
2016,Scotland,6,7.4,140,B100 Artic HGV,Rural (not London),3.51793132722e-05,2.90866755677e-05,1.66271020134e-05
2016,Scotland,6,7.4,140,B100 Bus,Rural (not London),2.15861291508e-05,2.34815306612e-05,1.2666197108e-05
2016,Scotland,6,7.4,140,B100 Coach,Rural (not London),2.07157117984e-05,2.97962760669e-05,1.86652068805e-05
2016,Scotland,6,7.4,140,B100 Rigid HGV,Rural (not London),2.81717457256e-05,2.36078885791e-05,1.27296762003e-05
2016,Scotland,6,7.4,140,Battery EV Cars,Rural (not London),0.0,5.50764480067e-06,3.06141782858e-06
2016,Scotland,6,7.4,140,Battery EV LGV,Rural (not London),0.0,7.46197929402e-06,4.17151613874e-06
2016,Scotland,6,7.4,140,Biogas Bus,Rural (not London),0.00069444446126,2.41506240855e-05,1.33018365887e-05
2016,Scotland,6,7.4,140,Biomethane Bus,Rural (not London),0.00069444446126,2.41506240855e-05,1.33018365887e-05
2016,Scotland,6,7.4,140,Bus and Coach,Rural (not London),1.94021940843e-05,2.35710704146e-05,1.2751261238e-05
2016,Scotland,6,7.4,140,CNG Bus,Rural (not London),0.00069444446126,2.41506240855e-05,1.33018365887e-05
2016,Scotland,6,7.4,140,Diesel Car,Rural (not London),0.000203997580684,5.79798188483e-06,3.33723801305e-06
2016,Scotland,6,7.4,140,E85 Bioethanol Cars,Rural (not London),1.1898289813e-05,5.95840674578e-06,3.48964181285e-06
2016,Scotland,6,7.4,140,E85 Bioethanol LGV,Rural (not London),9.58645341598e-06,8.27996518638e-06,4.94860296385e-06
2016,Scotland,6,7.4,140,FCEV Bus,Rural (not London),0.0,2.27617347264e-05,1.1982392607e-05
2016,Scotland,6,7.4,140,FCEV Cars,Rural (not London),0.0,5.50764480067e-06,3.06141782858e-06
2016,Scotland,6,7.4,140,FCEV LGV,Rural (not London),0.0,7.46197929402e-06,4.17151613874e-06
2016,Scotland,6,7.4,140,Full Hybrid Diesel Cars,Rural (not London),0.000203939081985,5.78670369578e-06,3.32652416546e-06
2016,Scotland,6,7.4,140,Full Hybrid Petrol Cars,Rural (not London),9.82051369647e-06,6.07132824371e-06,3.59691739504e-06
2016,Scotland,6,7.4,140,Full Hybrid Petrol LGV,Rural (not London),2.57727288044e-06,8.48891613714e-06,5.14710609423e-06
2016,Scotland,6,7.4,140,Hybrid Bus,Rural (not London),0.000455785368104,3.10041432385e-05,1.9812679966e-05
2016,Scotland,6,7.4,140,LGV,Rural (not London),0.000656571646687,7.80715981819e-06,4.4994376367e-06
2016,Scotland,6,7.4,140,LPG Cars,Rural (not London),8.88888916961e-06,6.07330503044e-06,3.59879504686e-06
2016,Scotland,6,7.4,140,LPG LGV,Rural (not London),8.71909069247e-05,8.48891613714e-06,5.14710609423e-06
2016,Scotland,6,7.4,140,Motorcycle,Rural (not London),6.67788845021e-05,3.24010852637e-06,2.11119868254e-06
2016,Scotland,6,7.4,140,Petrol Car,Rural (not London),1.1898289813e-05,6.07109723205e-06,3.59669775207e-06
2016,Scotland,6,7.4,140,Plug-In Hybrid Petrol Cars,Rural (not London),9.15459895623e-06,6.01511601417e-06,3.54351550413e-06
2016,Scotland,6,7.4,140,Plug-In Hybrid Petrol LGV,Rural (not London),8.62780780153e-06,8.38622236188e-06,5.04954687131e-06
2016,Scotland,6,7.4,140,Rigid HGV,Rural (not London),2.5610677767e-05,2.36751657212e-05,1.27935909404e-05
2016,Scotland,6,7.4,5,Artic HGV,Urban (not London),0.00177927815821,4.18736854044e-05,2.45253868343e-05
2016,Scotland,6,7.4,5,B100 Artic HGV,Urban (not London),0.00195720582269,4.14126079704e-05,2.4087361453e-05
2016,Scotland,6,7.4,5,B100 Bus,Urban (not London),0.00201754248701,3.38176687364e-05,1.81274135684e-05
2016,Scotland,6,7.4,5,B100 Coach,Urban (not London),0.00387927610427,6.52221642667e-05,4.7961682867e-05
2016,Scotland,6,7.4,5,B100 Rigid HGV,Urban (not London),0.00184952863492,3.34561664204e-05,1.8156151782e-05
2016,Scotland,6,7.4,5,Battery EV Cars,Urban (not London),0.0,7.75497937866e-06,4.12188956034e-06
2016,Scotland,6,7.4,5,Battery EV LGV,Urban (not London),0.0,1.09782886284e-05,5.83317932978e-06
2016,Scotland,6,7.4,5,Biogas Bus,Urban (not London),0.00069444446126,3.27659035975e-05,1.71282354131e-05
2016,Scotland,6,7.4,5,Biomethane Bus,Urban (not London),0.00069444446126,3.27659035975e-05,1.71282354131e-05
2016,Scotland,6,7.4,5,Bus and Coach,Urban (not London),0.00230802549049,3.49008587364e-05,1.91564413399e-05
2016,Scotland,6,7.4,5,CNG Bus,Urban (not London),0.00069444446126,3.27659035975e-05,1.71282354131e-05
2016,Scotland,6,7.4,5,Diesel Car,Urban (not London),0.000227842931054,8.87107671588e-06,5.18218212164e-06
2016,Scotland,6,7.4,5,E85 Bioethanol Cars,Urban (not London),2.06019249163e-05,8.07837022876e-06,4.42911095888e-06
2016,Scotland,6,7.4,5,E85 Bioethanol LGV,Urban (not London),1.41857562994e-05,1.11518565973e-05,5.99806890023e-06
2016,Scotland,6,7.4,5,FCEV Bus,Urban (not London),0.0,3.13770142384e-05,1.58087914315e-05
2016,Scotland,6,7.4,5,FCEV Cars,Urban (not London),0.0,7.75497937866e-06,4.12188956034e-06
2016,Scotland,6,7.4,5,FCEV LGV,Urban (not London),0.0,1.09782886284e-05,5.83317932978e-06
2016,Scotland,6,7.4,5,Full Hybrid Diesel Cars,Urban (not London),0.000227777592954,8.85876670509e-06,5.17048783877e-06
2016,Scotland,6,7.4,5,Full Hybrid Petrol Cars,Urban (not London),1.01084224298e-05,8.15909879748e-06,4.50580319011e-06
2016,Scotland,6,7.4,5,Full Hybrid Petrol LGV,Urban (not London),5.40557539352e-06,1.11932631626e-05,6.03740500082e-06
2016,Scotland,6,7.4,5,Hybrid Bus,Urban (not London),0.00397092988715,5.11762082169e-05,3.4618027712e-05
2016,Scotland,6,7.4,5,LGV,Urban (not London),0.000347196502844,1.23014579003e-05,7.09018968337e-06
2016,Scotland,6,7.4,5,LPG Cars,Urban (not London),8.6111112978e-06,8.15808016341e-06,4.5048359425e-06
2016,Scotland,6,7.4,5,LPG LGV,Urban (not London),6.84076367179e-05,1.11932631626e-05,6.03740500082e-06
2016,Scotland,6,7.4,5,Motorcycle,Urban (not London),1.90793853108e-05,4.34793582826e-06,2.63582251137e-06
2016,Scotland,6,7.4,5,Petrol Car,Urban (not London),2.06019249163e-05,8.15921794128e-06,4.5059164222e-06
2016,Scotland,6,7.4,5,Plug-In Hybrid Petrol Cars,Urban (not London),1.99280566449e-06,7.79538277129e-06,4.16027251049e-06
2016,Scotland,6,7.4,5,Plug-In Hybrid Petrol LGV,Urban (not London),1.60322940701e-06,1.09997863547e-05,5.85360203331e-06
2016,Scotland,6,7.4,5,Rigid HGV,Urban (not London),0.00168138963636,3.37564888468e-05,1.8441458451e-05
2016,Scotland,6,7.4,6,Artic HGV,Urban (not London),0.00104319129605,4.18736854044e-05,2.45253868343e-05
2016,Scotland,6,7.4,6,B100 Artic HGV,Urban (not London),0.00114751048386,4.14126079704e-05,2.4087361453e-05
2016,Scotland,6,7.4,6,B100 Bus,Urban (not London),0.00129608227871,3.38176687364e-05,1.81274135684e-05
2016,Scotland,6,7.4,6,B100 Coach,Urban (not London),0.00255111488514,6.52221642667e-05,4.7961682867e-05
2016,Scotland,6,7.4,6,B100 Rigid HGV,Urban (not London),0.00119158520829,3.34561664204e-05,1.8156151782e-05
2016,Scotland,6,7.4,6,Battery EV Cars,Urban (not London),0.0,7.75497937866e-06,4.12188956034e-06
2016,Scotland,6,7.4,6,Battery EV LGV,Urban (not London),0.0,1.09782886284e-05,5.83317932978e-06
2016,Scotland,6,7.4,6,Biogas Bus,Urban (not London),0.00069444446126,3.27659035975e-05,1.71282354131e-05
2016,Scotland,6,7.4,6,Biomethane Bus,Urban (not London),0.00069444446126,3.27659035975e-05,1.71282354131e-05
2016,Scotland,6,7.4,6,Bus and Coach,Urban (not London),0.00149771943688,3.49008587364e-05,1.91564413399e-05
2016,Scotland,6,7.4,6,CNG Bus,Urban (not London),0.00069444446126,3.27659035975e-05,1.71282354131e-05
2016,Scotland,6,7.4,6,Diesel Car,Urban (not London),0.000227842931054,8.87107671588e-06,5.18218212164e-06
2016,Scotland,6,7.4,6,E85 Bioethanol Cars,Urban (not London),2.03464041988e-05,8.07177548268e-06,4.42284590463e-06
2016,Scotland,6,7.4,6,E85 Bioethanol LGV,Urban (not London),1.40273250508e-05,1.11456874947e-05,5.99220857112e-06
2016,Scotland,6,7.4,6,FCEV Bus,Urban (not London),0.0,3.13770142384e-05,1.58087914315e-05
2016,Scotland,6,7.4,6,FCEV Cars,Urban (not London),0.0,7.75497937866e-06,4.12188956034e-06
2016,Scotland,6,7.4,6,FCEV LGV,Urban (not London),0.0,1.09782886284e-05,5.83317932978e-06
2016,Scotland,6,7.4,6,Full Hybrid Diesel Cars,Urban (not London),0.000227777592954,8.85876670509e-06,5.17048783877e-06
2016,Scotland,6,7.4,6,Full Hybrid Petrol Cars,Urban (not London),9.98054292722e-06,8.15084786154e-06,4.49796425528e-06
2016,Scotland,6,7.4,6,Full Hybrid Petrol LGV,Urban (not London),5.32586136615e-06,1.11855042633e-05,6.03003400101e-06
2016,Scotland,6,7.4,6,Hybrid Bus,Urban (not London),0.00343760405667,5.11762082169e-05,3.4618027712e-05
2016,Scotland,6,7.4,6,LGV,Urban (not London),0.00034685494029,1.21338325698e-05,6.93094580129e-06
2016,Scotland,6,7.4,6,LPG Cars,Urban (not London),8.6111112978e-06,8.14976374386e-06,4.49693516202e-06
2016,Scotland,6,7.4,6,LPG LGV,Urban (not London),6.84076367179e-05,1.11855042633e-05,6.03003400101e-06
2016,Scotland,6,7.4,6,Motorcycle,Urban (not London),1.90793853108e-05,4.34793582826e-06,2.63582251137e-06
2016,Scotland,6,7.4,6,Petrol Car,Urban (not London),2.03464041988e-05,8.15097428131e-06,4.49808476333e-06
2016,Scotland,6,7.4,6,Plug-In Hybrid Petrol Cars,Urban (not London),1.96721202883e-06,7.7945569501e-06,4.15948807131e-06
2016,Scotland,6,7.4,6,Plug-In Hybrid Petrol LGV,Urban (not London),1.58738623668e-06,1.09990105557e-05,5.85286488786e-06
2016,Scotland,6,7.4,6,Rigid HGV,Urban (not London),0.00108325923793,3.37564888468e-05,1.8441458451e-05
2016,Scotland,6,7.4,7,Artic HGV,Urban (not London),0.00072307739174,4.18736854044e-05,2.45253868343e-05
2016,Scotland,6,7.4,7,B100 Artic HGV,Urban (not London),0.00079538510181,4.14126079704e-05,2.4087361453e-05
2016,Scotland,6,7.4,7,B100 Bus,Urban (not London),0.00082029029727,3.38176687364e-05,1.81274135684e-05
2016,Scotland,6,7.4,7,B100 Coach,Urban (not London),0.0017489742022,6.52221642667e-05,4.7961682867e-05
2016,Scotland,6,7.4,7,B100 Rigid HGV,Urban (not London),0.000839654006995,3.34561664204e-05,1.8156151782e-05
2016,Scotland,6,7.4,7,Battery EV Cars,Urban (not London),0.0,7.75497937866e-06,4.12188956034e-06
2016,Scotland,6,7.4,7,Battery EV LGV,Urban (not London),0.0,1.09782886284e-05,5.83317932978e-06
2016,Scotland,6,7.4,7,Biogas Bus,Urban (not London),0.00069444446126,3.27659035975e-05,1.71282354131e-05
2016,Scotland,6,7.4,7,Biomethane Bus,Urban (not London),0.00069444446126,3.27659035975e-05,1.71282354131e-05
2016,Scotland,6,7.4,7,Bus and Coach,Urban (not London),0.000982110737823,3.49008587364e-05,1.91564413399e-05
2016,Scotland,6,7.4,7,CNG Bus,Urban (not London),0.00069444446126,3.27659035975e-05,1.71282354131e-05
2016,Scotland,6,7.4,7,Diesel Car,Urban (not London),0.000227842931054,8.87107671588e-06,5.18218212164e-06
2016,Scotland,6,7.4,7,E85 Bioethanol Cars,Urban (not London),2.00157774088e-05,8.06545267551e-06,4.41683960162e-06
2016,Scotland,6,7.4,7,E85 Bioethanol LGV,Urban (not London),1.38317091114e-05,1.11389863378e-05,5.9858421082e-06
2016,Scotland,6,7.4,7,FCEV Bus,Urban (not London),0.0,3.13770142384e-05,1.58087914315e-05
2016,Scotland,6,7.4,7,FCEV Cars,Urban (not London),0.0,7.75497937866e-06,4.12188956034e-06
2016,Scotland,6,7.4,7,FCEV LGV,Urban (not London),0.0,1.09782886284e-05,5.83317932978e-06
2016,Scotland,6,7.4,7,Full Hybrid Diesel Cars,Urban (not London),0.000227777592954,8.85876670509e-06,5.17048783877e-06
2016,Scotland,6,7.4,7,Full Hybrid Petrol Cars,Urban (not London),9.81507764664e-06,8.14293707663e-06,4.49045001005e-06
2016,Scotland,6,7.4,7,Full Hybrid Petrol LGV,Urban (not London),5.227438578e-06,1.11770750664e-05,6.02202590017e-06
2016,Scotland,6,7.4,7,Hybrid Bus,Urban (not London),0.00304097239859,5.11762082169e-05,3.4618027712e-05
2016,Scotland,6,7.4,7,LGV,Urban (not London),0.000346607383108,1.20164322652e-05,6.81941583025e-06
2016,Scotland,6,7.4,7,LPG Cars,Urban (not London),8.6111112978e-06,8.1417911133e-06,4.48936089015e-06
2016,Scotland,6,7.4,7,LPG LGV,Urban (not London),6.84076367179e-05,1.11770750664e-05,6.02202590017e-06
2016,Scotland,6,7.4,7,Motorcycle,Urban (not London),1.90793853108e-05,4.34793582826e-06,2.63582251137e-06
2016,Scotland,6,7.4,7,Petrol Car,Urban (not London),2.00157774088e-05,8.14307168184e-06,4.49057733931e-06
2016,Scotland,6,7.4,7,Plug-In Hybrid Petrol Cars,Urban (not London),1.93409573512e-06,7.79376478022e-06,4.15873637394e-06
2016,Scotland,6,7.4,7,Plug-In Hybrid Petrol LGV,Urban (not London),1.56782471095e-06,1.09981674541e-05,5.85206407777e-06
2016,Scotland,6,7.4,7,Rigid HGV,Urban (not London),0.00076332181925,3.37564888468e-05,1.8441458451e-05
2016,Scotland,6,7.4,8,Artic HGV,Urban (not London),0.000564825139008,4.18736854044e-05,2.45253868343e-05
2016,Scotland,6,7.4,8,B100 Artic HGV,Urban (not London),0.000621307641268,4.14126079704e-05,2.4087361453e-05
2016,Scotland,6,7.4,8,B100 Bus,Urban (not London),0.000548511219677,3.38176687364e-05,1.81274135684e-05
2016,Scotland,6,7.4,8,B100 Coach,Urban (not London),0.00126230134629,6.52221642667e-05,4.7961682867e-05
2016,Scotland,6,7.4,8,B100 Rigid HGV,Urban (not London),0.000651206006296,3.34561664204e-05,1.8156151782e-05
2016,Scotland,6,7.4,8,Battery EV Cars,Urban (not London),0.0,7.75497937866e-06,4.12188956034e-06
2016,Scotland,6,7.4,8,Battery EV LGV,Urban (not London),0.0,1.09782886284e-05,5.83317932978e-06
2016,Scotland,6,7.4,8,Biogas Bus,Urban (not London),0.00069444446126,3.27659035975e-05,1.71282354131e-05
2016,Scotland,6,7.4,8,Biomethane Bus,Urban (not London),0.00069444446126,3.27659035975e-05,1.71282354131e-05
2016,Scotland,6,7.4,8,Bus and Coach,Urban (not London),0.000680338591337,3.49008587364e-05,1.91564413399e-05
2016,Scotland,6,7.4,8,CNG Bus,Urban (not London),0.00069444446126,3.27659035975e-05,1.71282354131e-05
2016,Scotland,6,7.4,8,Diesel Car,Urban (not London),0.000227842931054,8.87107671588e-06,5.18218212164e-06
2016,Scotland,6,7.4,8,E85 Bioethanol Cars,Urban (not London),1.96655546461e-05,8.0593954408e-06,4.41108522864e-06
2016,Scotland,6,7.4,8,E85 Bioethanol LGV,Urban (not London),1.36220596687e-05,1.11328399726e-05,5.98000315222e-06
2016,Scotland,6,7.4,8,FCEV Bus,Urban (not London),0.0,3.13770142384e-05,1.58087914315e-05
2016,Scotland,6,7.4,8,FCEV Cars,Urban (not London),0.0,7.75497937866e-06,4.12188956034e-06
2016,Scotland,6,7.4,8,FCEV LGV,Urban (not London),0.0,1.09782886284e-05,5.83317932978e-06
2016,Scotland,6,7.4,8,Full Hybrid Diesel Cars,Urban (not London),0.000227777592954,8.85876670509e-06,5.17048783877e-06
2016,Scotland,6,7.4,8,Full Hybrid Petrol Cars,Urban (not London),9.63980346569e-06,8.13535825728e-06,4.48324999525e-06
2016,Scotland,6,7.4,8,Full Hybrid Petrol LGV,Urban (not London),5.121954473e-06,1.11693434519e-05,6.0146812757e-06
2016,Scotland,6,7.4,8,Hybrid Bus,Urban (not London),0.00274155149236,5.11762082169e-05,3.4618027712e-05
2016,Scotland,6,7.4,8,LGV,Urban (not London),0.000346418906702,1.19275100587e-05,6.73493923387e-06
2016,Scotland,6,7.4,8,LPG Cars,Urban (not London),8.6111112978e-06,8.1341522673e-06,4.48210357717e-06
2016,Scotland,6,7.4,8,LPG LGV,Urban (not London),6.84076367179e-05,1.11693434519e-05,6.0146812757e-06
2016,Scotland,6,7.4,8,Motorcycle,Urban (not London),1.90793853108e-05,4.34793582826e-06,2.63582251137e-06
2016,Scotland,6,7.4,8,Petrol Car,Urban (not London),1.96655546461e-05,8.13549922896e-06,4.48338369097e-06
2016,Scotland,6,7.4,8,Plug-In Hybrid Petrol Cars,Urban (not London),1.89901663816e-06,7.79300626164e-06,4.15801559939e-06
2016,Scotland,6,7.4,8,Plug-In Hybrid Petrol LGV,Urban (not London),1.5468597212e-06,1.09973943836e-05,5.8513296608e-06
2016,Scotland,6,7.4,8,Rigid HGV,Urban (not London),0.000592005439103,3.37564888468e-05,1.8441458451e-05
2016,Scotland,6,7.4,9,Artic HGV,Urban (not London),0.000473892665468,4.18736854044e-05,2.45253868343e-05
2016,Scotland,6,7.4,9,B100 Artic HGV,Urban (not London),0.000521281908732,4.14126079704e-05,2.4087361453e-05
2016,Scotland,6,7.4,9,B100 Bus,Urban (not London),0.000402736040996,3.38176687364e-05,1.81274135684e-05
2016,Scotland,6,7.4,9,B100 Coach,Urban (not London),0.000962590274867,6.52221642667e-05,4.7961682867e-05
2016,Scotland,6,7.4,9,B100 Rigid HGV,Urban (not London),0.000540298351552,3.34561664204e-05,1.8156151782e-05
2016,Scotland,6,7.4,9,Battery EV Cars,Urban (not London),0.0,7.75497937866e-06,4.12188956034e-06
2016,Scotland,6,7.4,9,Battery EV LGV,Urban (not London),0.0,1.09782886284e-05,5.83317932978e-06
2016,Scotland,6,7.4,9,Biogas Bus,Urban (not London),0.00069444446126,3.27659035975e-05,1.71282354131e-05
2016,Scotland,6,7.4,9,Biomethane Bus,Urban (not London),0.00069444446126,3.27659035975e-05,1.71282354131e-05
2016,Scotland,6,7.4,9,Bus and Coach,Urban (not London),0.000508632045239,3.49008587364e-05,1.91564413399e-05
2016,Scotland,6,7.4,9,CNG Bus,Urban (not London),0.00069444446126,3.27659035975e-05,1.71282354131e-05
2016,Scotland,6,7.4,9,Diesel Car,Urban (not London),0.000227842931054,8.87107671588e-06,5.18218212164e-06
2016,Scotland,6,7.4,9,E85 Bioethanol Cars,Urban (not London),1.93168234546e-05,8.05359377409e-06,4.40557369075e-06
2016,Scotland,6,7.4,9,E85 Bioethanol LGV,Urban (not London),1.34090487336e-05,1.11275121526e-05,5.97494135945e-06
2016,Scotland,6,7.4,9,FCEV Bus,Urban (not London),0.0,3.13770142384e-05,1.58087914315e-05
2016,Scotland,6,7.4,9,FCEV Cars,Urban (not London),0.0,7.75497937866e-06,4.12188956034e-06
2016,Scotland,6,7.4,9,FCEV LGV,Urban (not London),0.0,1.09782886284e-05,5.83317932978e-06
2016,Scotland,6,7.4,9,Full Hybrid Diesel Cars,Urban (not London),0.000227777592954,8.85876670509e-06,5.17048783877e-06
2016,Scotland,6,7.4,9,Full Hybrid Petrol Cars,Urban (not London),9.46527597989e-06,8.12809958006e-06,4.47635420642e-06
2016,Scotland,6,7.4,9,Full Hybrid Petrol LGV,Urban (not London),5.01477916259e-06,1.11626413855e-05,6.00831435804e-06
2016,Scotland,6,7.4,9,Hybrid Bus,Urban (not London),0.00250743003562,5.11762082169e-05,3.4618027712e-05
2016,Scotland,6,7.4,9,LGV,Urban (not London),0.000346270040609,1.18574835142e-05,6.6684142439e-06
2016,Scotland,6,7.4,9,LPG Cars,Urban (not London),8.6111112978e-06,8.12683629192e-06,4.47515367341e-06
2016,Scotland,6,7.4,9,LPG LGV,Urban (not London),6.84076367179e-05,1.11626413855e-05,6.00831435804e-06
2016,Scotland,6,7.4,9,Motorcycle,Urban (not London),1.90793853108e-05,4.34793582826e-06,2.63582251137e-06
2016,Scotland,6,7.4,9,Petrol Car,Urban (not London),1.93168234546e-05,8.1282478277e-06,4.47649472335e-06
2016,Scotland,6,7.4,9,Plug-In Hybrid Petrol Cars,Urban (not London),1.86408681202e-06,7.79228048486e-06,4.15732574766e-06
2016,Scotland,6,7.4,9,Plug-In Hybrid Petrol LGV,Urban (not London),1.52555867317e-06,1.0996724086e-05,5.85069255976e-06
2016,Scotland,6,7.4,9,Rigid HGV,Urban (not London),0.000491180340759,3.37564888468e-05,1.8441458451e-05
2016,Scotland,6,7.4,10,Artic HGV,Urban (not London),0.000414463138441,4.18736854044e-05,2.45253868343e-05
2016,Scotland,6,7.4,10,B100 Artic HGV,Urban (not London),0.000455909437733,4.14126079704e-05,2.4087361453e-05
2016,Scotland,6,7.4,10,B100 Bus,Urban (not London),0.000323861517245,3.38176687364e-05,1.81274135684e-05
2016,Scotland,6,7.4,10,B100 Coach,Urban (not London),0.000773399253376,6.52221642667e-05,4.7961682867e-05
2016,Scotland,6,7.4,10,B100 Rigid HGV,Urban (not London),0.000466945144581,3.34561664204e-05,1.8156151782e-05
2016,Scotland,6,7.4,10,Battery EV Cars,Urban (not London),0.0,7.75497937866e-06,4.12188956034e-06
2016,Scotland,6,7.4,10,Battery EV LGV,Urban (not London),0.0,1.09782886284e-05,5.83317932978e-06
2016,Scotland,6,7.4,10,Biogas Bus,Urban (not London),0.00069444446126,3.27659035975e-05,1.71282354131e-05
2016,Scotland,6,7.4,10,Biomethane Bus,Urban (not London),0.00069444446126,3.27659035975e-05,1.71282354131e-05
2016,Scotland,6,7.4,10,Bus and Coach,Urban (not London),0.000408847321523,3.49008587364e-05,1.91564413399e-05
2016,Scotland,6,7.4,10,CNG Bus,Urban (not London),0.00069444446126,3.27659035975e-05,1.71282354131e-05
2016,Scotland,6,7.4,10,Diesel Car,Urban (not London),0.000227842931054,8.87107671588e-06,5.18218212164e-06
2016,Scotland,6,7.4,10,E85 Bioethanol Cars,Urban (not London),1.8977723812e-05,8.04804039944e-06,4.40029771198e-06
2016,Scotland,6,7.4,10,E85 Bioethanol LGV,Urban (not London),1.31978749778e-05,1.11230056064e-05,5.97066036789e-06
2016,Scotland,6,7.4,10,FCEV Bus,Urban (not London),0.0,3.13770142384e-05,1.58087914315e-05
2016,Scotland,6,7.4,10,FCEV Cars,Urban (not London),0.0,7.75497937866e-06,4.12188956034e-06
2016,Scotland,6,7.4,10,FCEV LGV,Urban (not London),0.0,1.09782886284e-05,5.83317932978e-06
2016,Scotland,6,7.4,10,Full Hybrid Diesel Cars,Urban (not London),0.000227777592954,8.85876670509e-06,5.17048783877e-06
2016,Scotland,6,7.4,10,Full Hybrid Petrol Cars,Urban (not London),9.29556881601e-06,8.12115195004e-06,4.46975354862e-06
2016,Scotland,6,7.4,10,Full Hybrid Petrol LGV,Urban (not London),4.90852789881e-06,1.1156972505e-05,6.00292923991e-06
2016,Scotland,6,7.4,10,Hybrid Bus,Urban (not London),0.00231695338152,5.11762082169e-05,3.4618027712e-05
2016,Scotland,6,7.4,10,LGV,Urban (not London),0.000346149055986,1.18008256322e-05,6.61458943796e-06
2016,Scotland,6,7.4,10,LPG Cars,Urban (not London),8.6111112978e-06,8.11983227322e-06,4.46850026492e-06
2016,Scotland,6,7.4,10,LPG LGV,Urban (not London),6.84076367179e-05,1.1156972505e-05,6.00292923991e-06
2016,Scotland,6,7.4,10,Motorcycle,Urban (not London),1.90793853108e-05,4.34793582826e-06,2.63582251137e-06
2016,Scotland,6,7.4,10,Petrol Car,Urban (not London),1.8977723812e-05,8.12130565464e-06,4.46989997727e-06
2016,Scotland,6,7.4,10,Plug-In Hybrid Petrol Cars,Urban (not London),1.83012184607e-06,7.79158472142e-06,4.15666499975e-06
2016,Scotland,6,7.4,10,Plug-In Hybrid Petrol LGV,Urban (not London),1.50444122937e-06,1.09961574708e-05,5.8501541389e-06
2016,Scotland,6,7.4,10,Rigid HGV,Urban (not London),0.000424495578045,3.37564888468e-05,1.8441458451e-05
2016,Scotland,6,7.4,12,Artic HGV,Urban (not London),0.000338610901963,4.11596847698e-05,2.38470838667e-05
2016,Scotland,6,7.4,12,B100 Artic HGV,Urban (not London),0.000372471986338,4.07700063079e-05,2.34768904193e-05
2016,Scotland,6,7.4,12,B100 Bus,Urban (not London),0.000250507117016,3.34956675943e-05,1.78215123015e-05
2016,Scotland,6,7.4,12,B100 Coach,Urban (not London),0.000566488306504,6.32153387414e-05,4.60551964352e-05
2016,Scotland,6,7.4,12,B100 Rigid HGV,Urban (not London),0.000372894224711,3.30733491865e-05,1.77924757736e-05
2016,Scotland,6,7.4,12,Battery EV Cars,Urban (not London),0.0,7.75497937866e-06,4.12188956034e-06
2016,Scotland,6,7.4,12,Battery EV LGV,Urban (not London),0.0,1.09782886284e-05,5.83317932978e-06
2016,Scotland,6,7.4,12,Biogas Bus,Urban (not London),0.00069444446126,3.27659035975e-05,1.71282354131e-05
2016,Scotland,6,7.4,12,Biomethane Bus,Urban (not London),0.00069444446126,3.27659035975e-05,1.71282354131e-05
2016,Scotland,6,7.4,12,Bus and Coach,Urban (not London),0.000308165326715,3.43967039953e-05,1.8677495973e-05
2016,Scotland,6,7.4,12,CNG Bus,Urban (not London),0.00069444446126,3.27659035975e-05,1.71282354131e-05
2016,Scotland,6,7.4,12,Diesel Car,Urban (not London),0.000215079810005,8.76815192896e-06,5.0844037105e-06
2016,Scotland,6,7.4,12,E85 Bioethanol Cars,Urban (not London),1.83723950613e-05,8.037644875e-06,4.39042241851e-06
2016,Scotland,6,7.4,12,E85 Bioethanol LGV,Urban (not London),1.28480114654e-05,1.11161461973e-05,5.96414383836e-06
2016,Scotland,6,7.4,12,FCEV Bus,Urban (not London),0.0,3.13770142384e-05,1.58087914315e-05
2016,Scotland,6,7.4,12,FCEV Cars,Urban (not London),0.0,7.75497937866e-06,4.12188956034e-06
2016,Scotland,6,7.4,12,FCEV LGV,Urban (not London),0.0,1.09782886284e-05,5.83317932978e-06
2016,Scotland,6,7.4,12,Full Hybrid Diesel Cars,Urban (not London),0.000215018138988,8.75602290762e-06,5.07288086737e-06
2016,Scotland,6,7.4,12,Full Hybrid Petrol Cars,Urban (not London),8.99079259398e-06,8.10814526631e-06,4.45739760835e-06
2016,Scotland,6,7.4,12,Full Hybrid Petrol LGV,Urban (not London),4.70314353151e-06,1.11483441287e-05,5.99473196417e-06
2016,Scotland,6,7.4,12,Hybrid Bus,Urban (not London),0.00201882841066,4.91463833896e-05,3.26896915794e-05
2016,Scotland,6,7.4,12,LGV,Urban (not London),0.000323794403812,1.17046129162e-05,6.52318703942e-06
2016,Scotland,6,7.4,12,LPG Cars,Urban (not London),8.6111112978e-06,8.10672372609e-06,4.45604655397e-06
2016,Scotland,6,7.4,12,LPG LGV,Urban (not London),6.40314538032e-05,1.11483441287e-05,5.99473196417e-06
2016,Scotland,6,7.4,12,Motorcycle,Urban (not London),1.81954073923e-05,4.34793582826e-06,2.63582251137e-06
2016,Scotland,6,7.4,12,Petrol Car,Urban (not London),1.83723950613e-05,8.10831170384e-06,4.45755540568e-06
2016,Scotland,6,7.4,12,Plug-In Hybrid Petrol Cars,Urban (not London),1.76884998382e-06,7.7902832345e-06,4.15542854171e-06
2016,Scotland,6,7.4,12,Plug-In Hybrid Petrol LGV,Urban (not London),1.47278672102e-06,1.09952943603e-05,5.84933468417e-06
2016,Scotland,6,7.4,12,Rigid HGV,Urban (not London),0.000338994752383,3.33311363647e-05,1.8037371774e-05
2016,Scotland,6,7.4,14,Artic HGV,Urban (not London),0.000289449439151,4.06597391702e-05,2.33721366385e-05
2016,Scotland,6,7.4,14,B100 Artic HGV,Urban (not London),0.000318394391797,4.0320057451e-05,2.30494370044e-05
2016,Scotland,6,7.4,14,B100 Bus,Urban (not London),0.000216568951146,3.32642703142e-05,1.76016837941e-05
2016,Scotland,6,7.4,14,B100 Coach,Urban (not London),0.000463999895146,5.96350291744e-05,4.26539045293e-05
2016,Scotland,6,7.4,14,B100 Rigid HGV,Urban (not London),0.000312614894938,3.27958987327e-05,1.75288987521e-05
2016,Scotland,6,7.4,14,Battery EV Cars,Urban (not London),0.0,7.75497937866e-06,4.12188956034e-06
2016,Scotland,6,7.4,14,Battery EV LGV,Urban (not London),0.0,1.09782886284e-05,5.83317932978e-06
2016,Scotland,6,7.4,14,Biogas Bus,Urban (not London),0.00069444446126,3.27659035975e-05,1.71282354131e-05
2016,Scotland,6,7.4,14,Biomethane Bus,Urban (not London),0.00069444446126,3.27659035975e-05,1.71282354131e-05
2016,Scotland,6,7.4,14,Bus and Coach,Urban (not London),0.000259863300016,3.40349433827e-05,1.8333823391e-05
2016,Scotland,6,7.4,14,CNG Bus,Urban (not London),0.00069444446126,3.27659035975e-05,1.71282354131e-05
2016,Scotland,6,7.4,14,Diesel Car,Urban (not London),0.000204665586352,8.6854743131e-06,5.0058602028e-06
2016,Scotland,6,7.4,14,E85 Bioethanol Cars,Urban (not London),1.78201826202e-05,8.02814611234e-06,4.38139750258e-06
2016,Scotland,6,7.4,14,E85 Bioethanol LGV,Urban (not London),1.25191627376e-05,1.11115823529e-05,5.95980782236e-06
2016,Scotland,6,7.4,14,FCEV Bus,Urban (not London),0.0,3.13770142384e-05,1.58087914315e-05
2016,Scotland,6,7.4,14,FCEV Cars,Urban (not London),0.0,7.75497937866e-06,4.12188956034e-06
2016,Scotland,6,7.4,14,FCEV LGV,Urban (not London),0.0,1.09782886284e-05,5.83317932978e-06
2016,Scotland,6,7.4,14,Full Hybrid Diesel Cars,Urban (not London),0.000204606898478,8.6735435616e-06,4.99452562508e-06
2016,Scotland,6,7.4,14,Full Hybrid Petrol Cars,Urban (not London),8.71249540069e-06,8.09625998954e-06,4.44610623163e-06
2016,Scotland,6,7.4,14,Full Hybrid Petrol LGV,Urban (not London),4.50824791187e-06,1.11426033982e-05,5.98927817919e-06
2016,Scotland,6,7.4,14,Hybrid Bus,Urban (not London),0.00179031398147,4.75735869259e-05,3.11955336656e-05
2016,Scotland,6,7.4,14,LGV,Urban (not London),0.00030763229006,1.16335259008e-05,6.45565478408e-06
2016,Scotland,6,7.4,14,LPG Cars,Urban (not London),8.6111112978e-06,8.09474386188e-06,4.44466604677e-06
2016,Scotland,6,7.4,14,LPG LGV,Urban (not London),6.0840829974e-05,1.11426033982e-05,5.98927817919e-06
2016,Scotland,6,7.4,14,Motorcycle,Urban (not London),1.74205360963e-05,4.34793582826e-06,2.63582251137e-06
2016,Scotland,6,7.4,14,Petrol Car,Urban (not London),1.78201826202e-05,8.09643734101e-06,4.44627448815e-06
2016,Scotland,6,7.4,14,Plug-In Hybrid Petrol Cars,Urban (not London),1.71286171735e-06,7.78909452492e-06,4.15429894929e-06
2016,Scotland,6,7.4,14,Plug-In Hybrid Petrol LGV,Urban (not London),1.44330113017e-06,1.09947204692e-05,5.84878898735e-06
2016,Scotland,6,7.4,14,Rigid HGV,Urban (not London),0.000284195353743,3.30228576786e-05,1.7744509023e-05
2016,Scotland,6,7.4,16,Artic HGV,Urban (not London),0.000253485224675,4.02884179493e-05,2.30193818425e-05
2016,Scotland,6,7.4,16,B100 Artic HGV,Urban (not London),0.000278833729681,3.99858690798e-05,2.27319578698e-05
2016,Scotland,6,7.4,16,B100 Bus,Urban (not London),0.000194643929717,3.30892326019e-05,1.74353990587e-05
2016,Scotland,6,7.4,16,B100 Coach,Urban (not London),0.000403766316595,5.68622053834e-05,4.00197241106e-05
2016,Scotland,6,7.4,16,B100 Rigid HGV,Urban (not London),0.000269425072474,3.25851979142e-05,1.73287317011e-05
2016,Scotland,6,7.4,16,Battery EV Cars,Urban (not London),0.0,7.75497937866e-06,4.12188956034e-06
2016,Scotland,6,7.4,16,Battery EV LGV,Urban (not London),0.0,1.09782886284e-05,5.83317932978e-06
2016,Scotland,6,7.4,16,Biogas Bus,Urban (not London),0.00069444446126,3.27659035975e-05,1.71282354131e-05
2016,Scotland,6,7.4,16,Biomethane Bus,Urban (not London),0.00069444446126,3.27659035975e-05,1.71282354131e-05
2016,Scotland,6,7.4,16,Bus and Coach,Urban (not London),0.000230180186918,3.37622368534e-05,1.80747520062e-05
2016,Scotland,6,7.4,16,CNG Bus,Urban (not London),0.00069444446126,3.27659035975e-05,1.71282354131e-05
2016,Scotland,6,7.4,16,Diesel Car,Urban (not London),0.000195802625967,8.61738226376e-06,4.94117239214e-06
2016,Scotland,6,7.4,16,E85 Bioethanol Cars,Urban (not London),1.73155476659e-05,8.01947862783e-06,4.3731643018e-06
2016,Scotland,6,7.4,16,E85 Bioethanol LGV,Urban (not London),1.21796965686e-05,1.11087538244e-05,5.95712162976e-06
2016,Scotland,6,7.4,16,FCEV Bus,Urban (not London),0.0,3.13770142384e-05,1.58087914315e-05
2016,Scotland,6,7.4,16,FCEV Cars,Urban (not London),0.0,7.75497937866e-06,4.12188956034e-06
2016,Scotland,6,7.4,16,FCEV LGV,Urban (not London),0.0,1.09782886284e-05,5.83317932978e-06
2016,Scotland,6,7.4,16,Full Hybrid Diesel Cars,Urban (not London),0.000195746484678,8.60565978655e-06,4.93003608426e-06
2016,Scotland,6,7.4,16,Full Hybrid Petrol Cars,Urban (not London),8.45790236781e-06,8.08541608421e-06,4.43580483989e-06
2016,Scotland,6,7.4,16,Full Hybrid Petrol LGV,Urban (not London),4.3079248826e-06,1.11390463644e-05,5.98589940637e-06
2016,Scotland,6,7.4,16,Hybrid Bus,Urban (not London),0.00160647102166,4.63174837932e-05,3.00022365991e-05
2016,Scotland,6,7.4,16,LGV,Urban (not London),0.000295351521345,1.15786124297e-05,6.40348707748e-06
2016,Scotland,6,7.4,16,LPG Cars,Urban (not London),8.6111112978e-06,8.08381446404e-06,4.4342828005e-06
2016,Scotland,6,7.4,16,LPG LGV,Urban (not London),5.83952314628e-05,1.11390463644e-05,5.98589940637e-06
2016,Scotland,6,7.4,16,Motorcycle,Urban (not London),1.67465223058e-05,4.34793582826e-06,2.63582251137e-06
2016,Scotland,6,7.4,16,Petrol Car,Urban (not London),1.73155476659e-05,8.08560344012e-06,4.43598310085e-06
2016,Scotland,6,7.4,16,Plug-In Hybrid Petrol Cars,Urban (not London),1.66160180015e-06,7.78800858825e-06,4.15326803704e-06
2016,Scotland,6,7.4,16,Plug-In Hybrid Petrol LGV,Urban (not London),1.41282112054e-06,1.09943648567e-05,5.84845111007e-06
2016,Scotland,6,7.4,16,Rigid HGV,Urban (not London),0.000244931899942,3.27887464664e-05,1.75221011887e-05
2016,Scotland,6,7.4,18,Artic HGV,Urban (not London),0.000225452560699,4.00012067985e-05,2.27465316129e-05
2016,Scotland,6,7.4,18,B100 Artic HGV,Urban (not London),0.000247997813858,3.97273797716e-05,2.24863924814e-05
2016,Scotland,6,7.4,18,B100 Bus,Urban (not London),0.000177519366844,3.29514805344e-05,1.73045318661e-05
2016,Scotland,6,7.4,18,B100 Coach,Urban (not London),0.000362581282388,5.4647334764e-05,3.79155935661e-05
2016,Scotland,6,7.4,18,B100 Rigid HGV,Urban (not London),0.000236486157519,3.24195098074e-05,1.71713290911e-05
2016,Scotland,6,7.4,18,Battery EV Cars,Urban (not London),0.0,7.75497937866e-06,4.12188956034e-06
2016,Scotland,6,7.4,18,Battery EV LGV,Urban (not London),0.0,1.09782886284e-05,5.83317932978e-06
2016,Scotland,6,7.4,18,Biogas Bus,Urban (not London),0.00069444446126,3.27659035975e-05,1.71282354131e-05
2016,Scotland,6,7.4,18,Biomethane Bus,Urban (not London),0.00069444446126,3.27659035975e-05,1.71282354131e-05
2016,Scotland,6,7.4,18,Bus and Coach,Urban (not London),0.000208487908822,3.3548756619e-05,1.78719437827e-05
2016,Scotland,6,7.4,18,CNG Bus,Urban (not London),0.00069444446126,3.27659035975e-05,1.71282354131e-05
2016,Scotland,6,7.4,18,Diesel Car,Urban (not London),0.000188044024981,8.56022234075e-06,4.88687055622e-06
2016,Scotland,6,7.4,18,E85 Bioethanol Cars,Urban (not London),1.68522510648e-05,8.01158421382e-06,4.36566415374e-06
2016,Scotland,6,7.4,18,E85 Bioethanol LGV,Urban (not London),1.20757986224e-05,1.11072631626e-05,5.95570509176e-06
2016,Scotland,6,7.4,18,FCEV Bus,Urban (not London),0.0,3.13770142384e-05,1.58087914315e-05
2016,Scotland,6,7.4,18,FCEV Cars,Urban (not London),0.0,7.75497937866e-06,4.12188956034e-06
2016,Scotland,6,7.4,18,FCEV LGV,Urban (not London),0.0,1.09782886284e-05,5.83317932978e-06
2016,Scotland,6,7.4,18,Full Hybrid Diesel Cars,Urban (not London),0.000187990110135,8.54871359479e-06,4.87593752041e-06
2016,Scotland,6,7.4,18,Full Hybrid Petrol Cars,Urban (not London),8.22389210953e-06,8.07553897175e-06,4.4264211283e-06
2016,Scotland,6,7.4,18,Full Hybrid Petrol LGV,Urban (not London),4.2260421651e-06,1.11371709863e-05,5.98411770625e-06
2016,Scotland,6,7.4,18,Hybrid Bus,Urban (not London),0.00145406892989,4.5288074034e-05,2.90242969641e-05
2016,Scotland,6,7.4,18,LGV,Urban (not London),0.00028567755362,1.15347656902e-05,6.36183267488e-06
2016,Scotland,6,7.4,18,LPG Cars,Urban (not London),8.6111112978e-06,8.07385822554e-06,4.42482451035e-06
2016,Scotland,6,7.4,18,LPG LGV,Urban (not London),5.64500005567e-05,1.11371709863e-05,5.98411770625e-06
2016,Scotland,6,7.4,18,Motorcycle,Urban (not London),1.616575355e-05,4.34793582826e-06,2.63582251137e-06
2016,Scotland,6,7.4,18,Petrol Car,Urban (not London),1.68522510648e-05,8.07573542261e-06,4.42660757471e-06
2016,Scotland,6,7.4,18,Plug-In Hybrid Petrol Cars,Urban (not London),1.61444540936e-06,7.787020877e-06,4.15232898376e-06
2016,Scotland,6,7.4,18,Plug-In Hybrid Petrol LGV,Urban (not London),1.40596546316e-06,1.09941765913e-05,5.84827330385e-06
2016,Scotland,6,7.4,18,Rigid HGV,Urban (not London),0.000214987419895,3.26046501868e-05,1.73472089955e-05
2016,Scotland,6,7.4,20,Artic HGV,Urban (not London),0.000202760871616,3.97722324124e-05,2.25290023081e-05
2016,Scotland,6,7.4,20,B100 Artic HGV,Urban (not London),0.000223036971875,3.95212991862e-05,2.22906182898e-05
2016,Scotland,6,7.4,20,B100 Bus,Urban (not London),0.000163003394846,3.28395035467e-05,1.71981555468e-05
2016,Scotland,6,7.4,20,B100 Coach,Urban (not London),0.000331081188051,5.28349846718e-05,3.6193861888e-05
2016,Scotland,6,7.4,20,B100 Rigid HGV,Urban (not London),0.000210344078369,3.22856540151e-05,1.70441653609e-05
2016,Scotland,6,7.4,20,Battery EV Cars,Urban (not London),0.0,7.75497937866e-06,4.12188956034e-06
2016,Scotland,6,7.4,20,Battery EV LGV,Urban (not London),0.0,1.09782886284e-05,5.83317932978e-06
2016,Scotland,6,7.4,20,Biogas Bus,Urban (not London),0.00069444446126,3.27659035975e-05,1.71282354131e-05
2016,Scotland,6,7.4,20,Biomethane Bus,Urban (not London),0.00069444446126,3.27659035975e-05,1.71282354131e-05
2016,Scotland,6,7.4,20,Bus and Coach,Urban (not London),0.000190968348761,3.33765055984e-05,1.77083074959e-05
2016,Scotland,6,7.4,20,CNG Bus,Urban (not London),0.00069444446126,3.27659035975e-05,1.71282354131e-05
2016,Scotland,6,7.4,20,Diesel Car,Urban (not London),0.000181118623004,8.51149889058e-06,4.84058318762e-06
2016,Scotland,6,7.4,20,E85 Bioethanol Cars,Urban (not London),1.64249104273e-05,8.00440102466e-06,4.35884021499e-06
2016,Scotland,6,7.4,20,E85 Bioethanol LGV,Urban (not London),1.17770314318e-05,1.11068293336e-05,5.95529309066e-06
2016,Scotland,6,7.4,20,FCEV Bus,Urban (not London),0.0,3.13770142384e-05,1.58087914315e-05
2016,Scotland,6,7.4,20,FCEV Cars,Urban (not London),0.0,7.75497937866e-06,4.12188956034e-06
2016,Scotland,6,7.4,20,FCEV LGV,Urban (not London),0.0,1.09782886284e-05,5.83317932978e-06
2016,Scotland,6,7.4,20,Full Hybrid Diesel Cars,Urban (not London),0.000181066687219,8.50020478538e-06,4.82985433337e-06
2016,Scotland,6,7.4,20,Full Hybrid Petrol Cars,Urban (not London),8.00777070253e-06,8.06655134511e-06,4.41788324679e-06
2016,Scotland,6,7.4,20,Full Hybrid Petrol LGV,Urban (not London),4.04602769777e-06,1.11366252895e-05,5.98359929427e-06
2016,Scotland,6,7.4,20,Hybrid Bus,Urban (not London),0.00132508785464,4.44259931101e-05,2.8205320632e-05
2016,Scotland,6,7.4,20,LGV,Urban (not London),0.000277827784885,1.14988515634e-05,6.32771434539e-06
2016,Scotland,6,7.4,20,LPG Cars,Urban (not London),8.6111112978e-06,8.06479965831e-06,4.41621932623e-06
2016,Scotland,6,7.4,20,LPG LGV,Urban (not London),5.48584466742e-05,1.11366252895e-05,5.98359929427e-06
2016,Scotland,6,7.4,20,Motorcycle,Urban (not London),1.56712430908e-05,4.34793582826e-06,2.63582251137e-06
2016,Scotland,6,7.4,20,Petrol Car,Urban (not London),1.64249104273e-05,8.06675598142e-06,4.41807787865e-06
2016,Scotland,6,7.4,20,Plug-In Hybrid Petrol Cars,Urban (not London),1.57085355568e-06,7.78612138674e-06,4.15147451349e-06
2016,Scotland,6,7.4,20,Plug-In Hybrid Petrol LGV,Urban (not London),1.37969027492e-06,1.09941220217e-05,5.84822100791e-06
2016,Scotland,6,7.4,20,Rigid HGV,Urban (not London),0.00019122188678,3.24559186993e-05,1.72059171746e-05
2016,Scotland,6,7.4,25,Artic HGV,Urban (not London),0.000160902738571,3.93614391214e-05,2.21387490456e-05
2016,Scotland,6,7.4,25,B100 Artic HGV,Urban (not London),0.00017699302407,3.91515859519e-05,2.19393896259e-05
2016,Scotland,6,7.4,25,B100 Bus,Urban (not London),0.000133783498313,3.26295885316e-05,1.69987361005e-05
2016,Scotland,6,7.4,25,B100 Coach,Urban (not London),0.000272748642601,4.94714658998e-05,3.29985196004e-05
2016,Scotland,6,7.4,25,B100 Rigid HGV,Urban (not London),0.000163387172506,3.20412618748e-05,1.68119931914e-05
2016,Scotland,6,7.4,25,Battery EV Cars,Urban (not London),0.0,7.75497937866e-06,4.12188956034e-06
2016,Scotland,6,7.4,25,Battery EV LGV,Urban (not London),0.0,1.09782886284e-05,5.83317932978e-06
2016,Scotland,6,7.4,25,Biogas Bus,Urban (not London),0.00069444446126,3.27659035975e-05,1.71282354131e-05
2016,Scotland,6,7.4,25,Biomethane Bus,Urban (not London),0.00069444446126,3.27659035975e-05,1.71282354131e-05
2016,Scotland,6,7.4,25,Bus and Coach,Urban (not London),0.000156994297868,3.3059688576e-05,1.74073302333e-05
2016,Scotland,6,7.4,25,CNG Bus,Urban (not London),0.00069444446126,3.27659035975e-05,1.71282354131e-05
2016,Scotland,6,7.4,25,Diesel Car,Urban (not London),0.000166434474522,8.41605833557e-06,4.7499147513e-06
2016,Scotland,6,7.4,25,E85 Bioethanol Cars,Urban (not London),1.54870976985e-05,7.98918244982e-06,4.34438288721e-06
2016,Scotland,6,7.4,25,E85 Bioethanol LGV,Urban (not London),1.12505749712e-05,1.11091876533e-05,5.95753272137e-06
2016,Scotland,6,7.4,25,FCEV Bus,Urban (not London),0.0,3.13770142384e-05,1.58087914315e-05
2016,Scotland,6,7.4,25,FCEV Cars,Urban (not London),0.0,7.75497937866e-06,4.12188956034e-06
2016,Scotland,6,7.4,25,FCEV LGV,Urban (not London),0.0,1.09782886284e-05,5.83317932978e-06
2016,Scotland,6,7.4,25,Full Hybrid Diesel Cars,Urban (not London),0.00016638674424,8.40529719426e-06,4.73969157611e-06
2016,Scotland,6,7.4,25,Full Hybrid Petrol Cars,Urban (not London),7.53233553041e-06,8.04751107353e-06,4.39979476141e-06
2016,Scotland,6,7.4,25,Full Hybrid Petrol LGV,Urban (not London),3.70654333892e-06,1.11395911517e-05,5.98641690885e-06
2016,Scotland,6,7.4,25,Hybrid Bus,Urban (not London),0.00107416033279,4.27667000622e-05,2.66289898718e-05
2016,Scotland,6,7.4,25,LGV,Urban (not London),0.000263403431745,1.14319900604e-05,6.26419569016e-06
2016,Scotland,6,7.4,25,LPG Cars,Urban (not London),8.6111112978e-06,8.04560841061e-06,4.39798714069e-06
2016,Scotland,6,7.4,25,LPG LGV,Urban (not London),5.1888924645e-05,1.11395911517e-05,5.98641690885e-06
2016,Scotland,6,7.4,25,Motorcycle,Urban (not London),1.47717728396e-05,4.34793582826e-06,2.63582251137e-06
2016,Scotland,6,7.4,25,Petrol Car,Urban (not London),1.54870976985e-05,8.04773299024e-06,4.40000621893e-06
2016,Scotland,6,7.4,25,Plug-In Hybrid Petrol Cars,Urban (not London),1.47478738199e-06,7.78421599534e-06,4.14966416429e-06
2016,Scotland,6,7.4,25,Plug-In Hybrid Petrol LGV,Urban (not London),1.33634341637e-06,1.09944185169e-05,5.84850295127e-06
2016,Scotland,6,7.4,25,Rigid HGV,Urban (not London),0.000148533799802,3.21843726852e-05,1.69479480974e-05
2016,Scotland,6,7.4,30,Artic HGV,Urban (not London),0.000132042900077,3.90883069485e-05,2.18792756641e-05
2016,Scotland,6,7.4,30,B100 Artic HGV,Urban (not London),0.00014524719154,3.89057677239e-05,2.17058641283e-05
2016,Scotland,6,7.4,30,B100 Bus,Urban (not London),0.000111504763481,3.24756802002e-05,1.68525239133e-05
2016,Scotland,6,7.4,30,B100 Coach,Urban (not London),0.000229480050621,4.71479797852e-05,3.0791208701e-05
2016,Scotland,6,7.4,30,B100 Rigid HGV,Urban (not London),0.000131948676426,3.18753736792e-05,1.66543959494e-05
2016,Scotland,6,7.4,30,Battery EV Cars,Urban (not London),0.0,7.75497937866e-06,4.12188956034e-06
2016,Scotland,6,7.4,30,Battery EV LGV,Urban (not London),0.0,1.09782886284e-05,5.83317932978e-06
2016,Scotland,6,7.4,30,Biogas Bus,Urban (not London),0.00069444446126,3.27659035975e-05,1.71282354131e-05
2016,Scotland,6,7.4,30,Biomethane Bus,Urban (not London),0.00069444446126,3.27659035975e-05,1.71282354131e-05
2016,Scotland,6,7.4,30,Bus and Coach,Urban (not London),0.000131398046506,3.28372552758e-05,1.71960182342e-05
2016,Scotland,6,7.4,30,CNG Bus,Urban (not London),0.00069444446126,3.27659035975e-05,1.71282354131e-05
2016,Scotland,6,7.4,30,Diesel Car,Urban (not London),0.000154441950144,8.3459981397e-06,4.68335701953e-06
2016,Scotland,6,7.4,30,E85 Bioethanol Cars,Urban (not London),1.46997908814e-05,7.97720258561e-06,4.33300147051e-06
2016,Scotland,6,7.4,30,E85 Bioethanol LGV,Urban (not London),1.0843853488e-05,1.11151157398e-05,5.96316476731e-06
2016,Scotland,6,7.4,30,FCEV Bus,Urban (not London),0.0,3.13770142384e-05,1.58087914315e-05
2016,Scotland,6,7.4,30,FCEV Cars,Urban (not London),0.0,7.75497937866e-06,4.12188956034e-06
2016,Scotland,6,7.4,30,FCEV LGV,Urban (not London),0.0,1.09782886284e-05,5.83317932978e-06
2016,Scotland,6,7.4,30,Full Hybrid Diesel Cars,Urban (not London),0.000154397654114,8.33574267745e-06,4.67361496703e-06
2016,Scotland,6,7.4,30,Full Hybrid Petrol Cars,Urban (not London),7.1315630521e-06,8.03252169135e-06,4.38555525761e-06
2016,Scotland,6,7.4,30,Full Hybrid Petrol LGV,Urban (not London),3.42677299159e-06,1.11470480988e-05,5.99350050834e-06
2016,Scotland,6,7.4,30,Hybrid Bus,Urban (not London),0.000891491537914,4.15602153225e-05,2.54828319157e-05
2016,Scotland,6,7.4,30,LGV,Urban (not London),0.000253562873695,1.13856312964e-05,6.22015431873e-06
2016,Scotland,6,7.4,30,LPG Cars,Urban (not London),8.6111112978e-06,8.03050079412e-06,4.38363485955e-06
2016,Scotland,6,7.4,30,LPG LGV,Urban (not London),4.98181580042e-05,1.11470480988e-05,5.99350050834e-06
2016,Scotland,6,7.4,30,Motorcycle,Urban (not London),1.42881945067e-05,4.34793582826e-06,2.63582251137e-06
2016,Scotland,6,7.4,30,Petrol Car,Urban (not London),1.46997908814e-05,8.03275815997e-06,4.38577944806e-06
2016,Scotland,6,7.4,30,Plug-In Hybrid Petrol Cars,Urban (not London),1.39356507134e-06,7.78271623858e-06,4.14823944084e-06
2016,Scotland,6,7.4,30,Plug-In Hybrid Petrol LGV,Urban (not London),1.3053912653e-06,1.09951643026e-05,5.84921144764e-06
2016,Scotland,6,7.4,30,Rigid HGV,Urban (not London),0.000119953343528,3.20000508509e-05,1.67728394445e-05
2016,Scotland,6,7.4,35,Artic HGV,Urban (not London),0.000110876135295,3.88934822695e-05,2.16941898543e-05
2016,Scotland,6,7.4,35,B100 Artic HGV,Urban (not London),0.000121963748825,3.87304244214e-05,2.15392865357e-05
2016,Scotland,6,7.4,35,B100 Bus,Urban (not London),9.40475365496e-05,3.23509630107e-05,1.67340422195e-05
2016,Scotland,6,7.4,35,B100 Coach,Urban (not London),0.000195058339159,4.54441287729e-05,2.91725500574e-05
2016,Scotland,6,7.4,35,B100 Rigid HGV,Urban (not London),0.000109350592538,3.17551312037e-05,1.65401670529e-05
2016,Scotland,6,7.4,35,Battery EV Cars,Urban (not London),0.0,7.75497937866e-06,4.12188956034e-06
2016,Scotland,6,7.4,35,Battery EV LGV,Urban (not London),0.0,1.09782886284e-05,5.83317932978e-06
2016,Scotland,6,7.4,35,Biogas Bus,Urban (not London),0.00069444446126,3.27659035975e-05,1.71282354131e-05
2016,Scotland,6,7.4,35,Biomethane Bus,Urban (not London),0.00069444446126,3.27659035975e-05,1.71282354131e-05
2016,Scotland,6,7.4,35,Bus and Coach,Urban (not London),0.000111209599709,3.26665249304e-05,1.70338262251e-05
2016,Scotland,6,7.4,35,CNG Bus,Urban (not London),0.00069444446126,3.27659035975e-05,1.71282354131e-05
2016,Scotland,6,7.4,35,Diesel Car,Urban (not London),0.000144422549056,8.29227519716e-06,4.63232117909e-06
2016,Scotland,6,7.4,35,E85 Bioethanol Cars,Urban (not London),1.40323363667e-05,7.96768745204e-06,4.32396245742e-06
2016,Scotland,6,7.4,35,E85 Bioethanol LGV,Urban (not London),1.05222788989e-05,1.11236504381e-05,5.97127245783e-06
2016,Scotland,6,7.4,35,FCEV Bus,Urban (not London),0.0,3.13770142384e-05,1.58087914315e-05
2016,Scotland,6,7.4,35,FCEV Cars,Urban (not London),0.0,7.75497937866e-06,4.12188956034e-06
2016,Scotland,6,7.4,35,FCEV LGV,Urban (not London),0.0,1.09782886284e-05,5.83317932978e-06
2016,Scotland,6,7.4,35,Full Hybrid Diesel Cars,Urban (not London),0.000144381134305,8.28248903417e-06,4.6230238695e-06
2016,Scotland,6,7.4,35,Full Hybrid Petrol Cars,Urban (not London),6.79011282045e-06,8.0206173152e-06,4.374245691e-06
2016,Scotland,6,7.4,35,Full Hybrid Petrol LGV,Urban (not London),3.1893139294e-06,1.11577837743e-05,6.00369912718e-06
2016,Scotland,6,7.4,35,Hybrid Bus,Urban (not London),0.000753102242015,4.06351973652e-05,2.46040654019e-05
2016,Scotland,6,7.4,35,LGV,Urban (not London),0.000246518233325,1.13517226055e-05,6.18794183538e-06
2016,Scotland,6,7.4,35,LPG Cars,Urban (not London),8.6111112978e-06,8.01850183052e-06,4.37223570771e-06
2016,Scotland,6,7.4,35,LPG LGV,Urban (not London),4.83030999021e-05,1.11577837743e-05,6.00369912718e-06
2016,Scotland,6,7.4,35,Motorcycle,Urban (not London),1.41556765811e-05,4.34793582826e-06,2.63582251137e-06
2016,Scotland,6,7.4,35,Petrol Car,Urban (not London),1.40323363667e-05,8.02086469776e-06,4.37448079538e-06
2016,Scotland,6,7.4,35,Plug-In Hybrid Petrol Cars,Urban (not London),1.32411662435e-06,7.78152480052e-06,4.14710757468e-06
2016,Scotland,6,7.4,35,Plug-In Hybrid Petrol LGV,Urban (not London),1.28337535443e-06,1.09962384158e-05,5.85023144595e-06
2016,Scotland,6,7.4,35,Rigid HGV,Urban (not London),9.94096335489e-05,3.18664497172e-05,1.66459194588e-05
2016,Scotland,6,7.4,40,Artic HGV,Urban (not London),9.46735526668e-05,3.8747486542e-05,2.15554955503e-05
2016,Scotland,6,7.4,40,B100 Artic HGV,Urban (not London),0.000104140912299,3.85990279028e-05,2.14144620259e-05
2016,Scotland,6,7.4,40,B100 Bus,Urban (not London),8.00741254352e-05,3.22490086546e-05,1.66371828527e-05
2016,Scotland,6,7.4,40,B100 Coach,Urban (not London),0.000166859477758,4.41405754827e-05,2.79341747955e-05
2016,Scotland,6,7.4,40,B100 Rigid HGV,Urban (not London),9.23011102714e-05,3.16638834192e-05,1.64534831129e-05
2016,Scotland,6,7.4,40,Battery EV Cars,Urban (not London),0.0,7.75497937866e-06,4.12188956034e-06
2016,Scotland,6,7.4,40,Battery EV LGV,Urban (not London),0.0,1.09782886284e-05,5.83317932978e-06
2016,Scotland,6,7.4,40,Biogas Bus,Urban (not London),0.00069444446126,3.27659035975e-05,1.71282354131e-05
2016,Scotland,6,7.4,40,Biomethane Bus,Urban (not London),0.00069444446126,3.27659035975e-05,1.71282354131e-05
2016,Scotland,6,7.4,40,Bus and Coach,Urban (not London),9.48854794842e-05,3.25317341776e-05,1.6905774828e-05
2016,Scotland,6,7.4,40,CNG Bus,Urban (not London),0.00069444446126,3.27659035975e-05,1.71282354131e-05
2016,Scotland,6,7.4,40,Diesel Car,Urban (not London),0.000135990761919,8.24974631541e-06,4.59191869595e-06
2016,Scotland,6,7.4,40,E85 Bioethanol Cars,Urban (not London),1.34640740725e-05,7.95995765657e-06,4.3166191972e-06
2016,Scotland,6,7.4,40,E85 Bioethanol LGV,Urban (not London),1.02671929199e-05,1.11342669697e-05,5.98135875407e-06
2016,Scotland,6,7.4,40,FCEV Bus,Urban (not London),0.0,3.13770142384e-05,1.58087914315e-05
2016,Scotland,6,7.4,40,FCEV Cars,Urban (not London),0.0,7.75497937866e-06,4.12188956034e-06
2016,Scotland,6,7.4,40,FCEV LGV,Urban (not London),0.0,1.09782886284e-05,5.83317932978e-06
2016,Scotland,6,7.4,40,Full Hybrid Diesel Cars,Urban (not London),0.000135951762786,8.24038306746e-06,4.58302292827e-06
2016,Scotland,6,7.4,40,Full Hybrid Petrol Cars,Urban (not London),6.49764433547e-06,8.01094665803e-06,4.36505843027e-06
2016,Scotland,6,7.4,40,Full Hybrid Petrol LGV,Urban (not London),2.98477812066e-06,1.11711387945e-05,6.01638657827e-06
2016,Scotland,6,7.4,40,Hybrid Bus,Urban (not London),0.00064565485809,3.99064338126e-05,2.39117398451e-05
2016,Scotland,6,7.4,40,LGV,Urban (not London),0.000241428308072,1.13261503429e-05,6.16364786765e-06
2016,Scotland,6,7.4,40,LPG Cars,Urban (not London),8.6111112978e-06,8.00875386631e-06,4.3629756874e-06
2016,Scotland,6,7.4,40,LPG LGV,Urban (not London),4.71812818432e-05,1.11711387945e-05,6.01638657827e-06
2016,Scotland,6,7.4,40,Motorcycle,Urban (not London),1.43270208355e-05,4.34793582826e-06,2.63582251137e-06
2016,Scotland,6,7.4,40,Petrol Car,Urban (not London),1.34640740725e-05,8.01120222604e-06,4.3653017201e-06
2016,Scotland,6,7.4,40,Plug-In Hybrid Petrol Cars,Urban (not London),1.26437237213e-06,7.78055709816e-06,4.14618807554e-06
2016,Scotland,6,7.4,40,Plug-In Hybrid Petrol LGV,Urban (not London),1.26842951431e-06,1.09975735541e-05,5.85150019106e-06
2016,Scotland,6,7.4,40,Rigid HGV,Urban (not London),8.39100976009e-05,3.17650628858e-05,1.65496021509e-05
2016,Scotland,6,7.4,45,Artic HGV,Urban (not London),8.18683183752e-05,3.8634021621e-05,2.14477040572e-05
2016,Scotland,6,7.4,45,B100 Artic HGV,Urban (not London),9.00551531231e-05,3.84969098377e-05,2.1317448045e-05
2016,Scotland,6,7.4,45,B100 Bus,Urban (not London),6.86757266521e-05,3.21747356793e-05,1.65666242538e-05
2016,Scotland,6,7.4,45,B100 Coach,Urban (not London),0.000143335753819,4.31112421211e-05,2.695630792e-05
2016,Scotland,6,7.4,45,B100 Rigid HGV,Urban (not London),7.89719706518e-05,3.15922843583e-05,1.63854620041e-05
2016,Scotland,6,7.4,45,Battery EV Cars,Urban (not London),0.0,7.75497937866e-06,4.12188956034e-06
2016,Scotland,6,7.4,45,Battery EV LGV,Urban (not London),0.0,1.09782886284e-05,5.83317932978e-06
2016,Scotland,6,7.4,45,Biogas Bus,Urban (not London),0.00069444446126,3.27659035975e-05,1.71282354131e-05
2016,Scotland,6,7.4,45,Biomethane Bus,Urban (not London),0.00069444446126,3.27659035975e-05,1.71282354131e-05
2016,Scotland,6,7.4,45,Bus and Coach,Urban (not London),8.14368468127e-05,3.24309148709e-05,1.6809995941e-05
2016,Scotland,6,7.4,45,CNG Bus,Urban (not London),0.00069444446126,3.27659035975e-05,1.71282354131e-05
2016,Scotland,6,7.4,45,Diesel Car,Urban (not London),0.000128917003167,8.21526464279e-06,4.55916051578e-06
2016,Scotland,6,7.4,45,E85 Bioethanol Cars,Urban (not London),1.29801574076e-05,7.95343839854e-06,4.31042599303e-06
2016,Scotland,6,7.4,45,E85 Bioethanol LGV,Urban (not London),1.00654333437e-05,1.11466724775e-05,5.99314353167e-06
2016,Scotland,6,7.4,45,FCEV Bus,Urban (not London),0.0,3.13770142384e-05,1.58087914315e-05
2016,Scotland,6,7.4,45,FCEV Cars,Urban (not London),0.0,7.75497937866e-06,4.12188956034e-06
2016,Scotland,6,7.4,45,FCEV LGV,Urban (not London),0.0,1.09782886284e-05,5.83317932978e-06
2016,Scotland,6,7.4,45,Full Hybrid Diesel Cars,Urban (not London),0.00012888002675,8.20627428766e-06,4.55062036053e-06
2016,Scotland,6,7.4,45,Full Hybrid Petrol Cars,Urban (not London),6.24672748017e-06,8.00278940005e-06,4.35730908066e-06
2016,Scotland,6,7.4,45,Full Hybrid Petrol LGV,Urban (not London),2.80654353446e-06,1.11867420856e-05,6.03121043241e-06
2016,Scotland,6,7.4,45,Hybrid Bus,Urban (not London),0.000561089836992,3.93306436308e-05,2.33647388086e-05
2016,Scotland,6,7.4,45,LGV,Urban (not London),0.000237890897552,1.13065898404e-05,6.14506552665e-06
2016,Scotland,6,7.4,45,LPG Cars,Urban (not London),8.6111112978e-06,8.0005320342e-06,4.3551649469e-06
2016,Scotland,6,7.4,45,LPG LGV,Urban (not London),4.6373999794e-05,1.11867420856e-05,6.03121043241e-06
2016,Scotland,6,7.4,45,Motorcycle,Urban (not London),1.47703312905e-05,4.34793582826e-06,2.63582251137e-06
2016,Scotland,6,7.4,45,Petrol Car,Urban (not London),1.29801574076e-05,8.00305315352e-06,4.35755964645e-06
2016,Scotland,6,7.4,45,Plug-In Hybrid Petrol Cars,Urban (not London),1.21284540455e-06,7.77974037192e-06,4.1454127313e-06
2016,Scotland,6,7.4,45,Plug-In Hybrid Petrol LGV,Urban (not London),1.25923793348e-06,1.0999134247e-05,5.85298221267e-06
2016,Scotland,6,7.4,45,Rigid HGV,Urban (not London),7.17927032383e-05,3.16855075653e-05,1.64740231412e-05
2016,Scotland,6,7.4,50,Artic HGV,Urban (not London),7.14922935003e-05,3.85433268093e-05,2.13615439861e-05
2016,Scotland,6,7.4,50,B100 Artic HGV,Urban (not London),7.86415184848e-05,3.84152845072e-05,2.12399045267e-05
2016,Scotland,6,7.4,50,B100 Bus,Urban (not London),5.92211363255e-05,3.21295301546e-05,1.65236815519e-05
2016,Scotland,6,7.4,50,B100 Coach,Urban (not London),0.00012343567505,4.22783341492e-05,2.61650438915e-05
2016,Scotland,6,7.4,50,B100 Rigid HGV,Urban (not London),6.82618701831e-05,3.15346951538e-05,1.63307522598e-05
2016,Scotland,6,7.4,50,Battery EV Cars,Urban (not London),0.0,7.75497937866e-06,4.12188956034e-06
2016,Scotland,6,7.4,50,Battery EV LGV,Urban (not London),0.0,1.09782886284e-05,5.83317932978e-06
2016,Scotland,6,7.4,50,Biogas Bus,Urban (not London),0.00069444446126,3.27659035975e-05,1.71282354131e-05
2016,Scotland,6,7.4,50,Biomethane Bus,Urban (not London),0.00069444446126,3.27659035975e-05,1.71282354131e-05
2016,Scotland,6,7.4,50,Bus and Coach,Urban (not London),7.01829121681e-05,3.23616259266e-05,1.67441703525e-05
2016,Scotland,6,7.4,50,CNG Bus,Urban (not London),0.00069444446126,3.27659035975e-05,1.71282354131e-05
2016,Scotland,6,7.4,50,Diesel Car,Urban (not London),0.000123056190205,8.18679654913e-06,4.53211623608e-06
2016,Scotland,6,7.4,50,E85 Bioethanol Cars,Urban (not London),1.25694050439e-05,7.94766856416e-06,4.30494492321e-06
2016,Scotland,6,7.4,50,E85 Bioethanol LGV,Urban (not London),9.90724583971e-06,1.11607087092e-05,6.00647808824e-06
2016,Scotland,6,7.4,50,FCEV Bus,Urban (not London),0.0,3.13770142384e-05,1.58087914315e-05
2016,Scotland,6,7.4,50,FCEV Cars,Urban (not London),0.0,7.75497937866e-06,4.12188956034e-06
2016,Scotland,6,7.4,50,FCEV LGV,Urban (not London),0.0,1.09782886284e-05,5.83317932978e-06
2016,Scotland,6,7.4,50,Full Hybrid Diesel Cars,Urban (not London),0.00012302090181,8.17812906462e-06,4.52388167105e-06
2016,Scotland,6,7.4,50,Full Hybrid Petrol Cars,Urban (not London),6.03176749792e-06,7.9955707406e-06,4.35045149061e-06
2016,Scotland,6,7.4,50,Full Hybrid Petrol LGV,Urban (not London),2.64970140051e-06,1.12043981062e-05,6.04798287895e-06
2016,Scotland,6,7.4,50,Hybrid Bus,Urban (not London),0.000494284555316,3.88853550248e-05,2.29417146329e-05
2016,Scotland,6,7.4,50,LGV,Urban (not London),0.000235745523241,1.12916304715e-05,6.13085421719e-06
2016,Scotland,6,7.4,50,LPG Cars,Urban (not London),8.6111112978e-06,7.99325698608e-06,4.34825324191e-06
2016,Scotland,6,7.4,50,LPG LGV,Urban (not London),4.58486683783e-05,1.12043981062e-05,6.04798287895e-06
2016,Scotland,6,7.4,50,Motorcycle,Urban (not London),1.54666795424e-05,4.34793582826e-06,2.63582251137e-06
2016,Scotland,6,7.4,50,Petrol Car,Urban (not London),1.25694050439e-05,7.99584177003e-06,4.35070842286e-06
2016,Scotland,6,7.4,50,Plug-In Hybrid Petrol Cars,Urban (not London),1.16841579256e-06,7.77901823312e-06,4.14472651755e-06
2016,Scotland,6,7.4,50,Plug-In Hybrid Petrol LGV,Urban (not London),1.25482472413e-06,1.10008995762e-05,5.85465977565e-06
2016,Scotland,6,7.4,50,Rigid HGV,Urban (not London),6.20562495897e-05,3.1621519156e-05,1.64132361533e-05
2016,Scotland,6,7.4,60,Artic HGV,Urban (not London),5.57032035431e-05,3.84075647162e-05,2.12325685425e-05
2016,Scotland,6,7.4,60,B100 Artic HGV,Urban (not London),6.12735238974e-05,3.8293099351e-05,2.11238275369e-05
2016,Scotland,6,7.4,60,B100 Bus,Urban (not London),4.44792967755e-05,3.2093597838e-05,1.64895445778e-05
2016,Scotland,6,7.4,60,B100 Coach,Urban (not London),9.16690769373e-05,4.10151660617e-05,2.49650347541e-05
2016,Scotland,6,7.4,60,B100 Rigid HGV,Urban (not London),5.21134716109e-05,3.14485114359e-05,1.62488795468e-05
2016,Scotland,6,7.4,60,Battery EV Cars,Urban (not London),0.0,7.75497937866e-06,4.12188956034e-06
2016,Scotland,6,7.4,60,Battery EV LGV,Urban (not London),0.0,1.09782886284e-05,5.83317932978e-06
2016,Scotland,6,7.4,60,Biogas Bus,Urban (not London),0.00069444446126,3.27659035975e-05,1.71282354131e-05
2016,Scotland,6,7.4,60,Biomethane Bus,Urban (not London),0.00069444446126,3.27659035975e-05,1.71282354131e-05
2016,Scotland,6,7.4,60,Bus and Coach,Urban (not London),5.24476672581e-05,3.22831838275e-05,1.66696518136e-05
2016,Scotland,6,7.4,60,CNG Bus,Urban (not London),0.00069444446126,3.27659035975e-05,1.71282354131e-05
2016,Scotland,6,7.4,60,Diesel Car,Urban (not London),0.000114635637146,8.14283430373e-06,4.49035132988e-06
2016,Scotland,6,7.4,60,E85 Bioethanol Cars,Urban (not London),1.19342830658e-05,7.93558501755e-06,4.29346482633e-06
2016,Scotland,6,7.4,60,E85 Bioethanol LGV,Urban (not London),9.69355460256e-06,1.11923654913e-05,6.03655234954e-06
2016,Scotland,6,7.4,60,FCEV Bus,Urban (not London),0.0,3.13770142384e-05,1.58087914315e-05
2016,Scotland,6,7.4,60,FCEV Cars,Urban (not London),0.0,7.75497937866e-06,4.12188956034e-06
2016,Scotland,6,7.4,60,FCEV LGV,Urban (not London),0.0,1.09782886284e-05,5.83317932978e-06
2016,Scotland,6,7.4,60,Full Hybrid Diesel Cars,Urban (not London),0.00011460276437,8.13464703242e-06,4.48257378594e-06
2016,Scotland,6,7.4,60,Full Hybrid Petrol Cars,Urban (not London),7.97040229372e-06,7.98066321295e-06,4.33628929386e-06
2016,Scotland,6,7.4,60,Full Hybrid Petrol LGV,Urban (not London),3.34052970175e-06,1.12456536954e-05,6.08717573414e-06
2016,Scotland,6,7.4,60,Hybrid Bus,Urban (not London),0.000500392750837,3.83499318559e-05,2.24330597121e-05
2016,Scotland,6,7.4,60,LGV,Urban (not London),0.000235753701418,1.12721436381e-05,6.11234190728e-06
2016,Scotland,6,7.4,60,LPG Cars,Urban (not London),8.05555555417e-06,7.98004020908e-06,4.33569721281e-06
2016,Scotland,6,7.4,60,LPG LGV,Urban (not London),3.65269879694e-05,1.12456536954e-05,6.08717573414e-06
2016,Scotland,6,7.4,60,Motorcycle,Urban (not London),1.75936093001e-05,4.34793582826e-06,2.63582251137e-06
2016,Scotland,6,7.4,60,Petrol Car,Urban (not London),1.19342830658e-05,7.98073597252e-06,4.33635887021e-06
2016,Scotland,6,7.4,60,Plug-In Hybrid Petrol Cars,Urban (not London),5.48766092834e-06,7.86779401096e-06,4.2290635065e-06
2016,Scotland,6,7.4,60,Plug-In Hybrid Petrol LGV,Urban (not London),4.9908649089e-06,1.11119707071e-05,5.96017753196e-06
2016,Scotland,6,7.4,60,Rigid HGV,Urban (not London),4.73758809676e-05,3.15257602779e-05,1.63222666743e-05
2016,Scotland,6,7.4,70,Artic HGV,Urban (not London),4.42567215941e-05,3.83111946576e-05,2.11410188058e-05
2016,Scotland,6,7.4,70,B100 Artic HGV,Urban (not London),4.86823955725e-05,3.82063662983e-05,2.10414309549e-05
2016,Scotland,6,7.4,70,B100 Bus,Urban (not London),3.35394106514e-05,3.20874751196e-05,1.64837274497e-05
2016,Scotland,6,7.4,70,B100 Coach,Urban (not London),6.74984112266e-05,4.01056349801e-05,2.41009802266e-05
2016,Scotland,6,7.4,70,B100 Rigid HGV,Urban (not London),4.05144273827e-05,3.13895034196e-05,1.61928219313e-05
2016,Scotland,6,7.4,70,Battery EV Cars,Urban (not London),0.0,7.75497937866e-06,4.12188956034e-06
2016,Scotland,6,7.4,70,Battery EV LGV,Urban (not London),0.0,1.09782886284e-05,5.83317932978e-06
2016,Scotland,6,7.4,70,Biogas Bus,Urban (not London),0.00069444446126,3.27659035975e-05,1.71282354131e-05
2016,Scotland,6,7.4,70,Biomethane Bus,Urban (not London),0.00069444446126,3.27659035975e-05,1.71282354131e-05
2016,Scotland,6,7.4,70,Bus and Coach,Urban (not London),3.91344838135e-05,3.22427877109e-05,1.66312747751e-05
2016,Scotland,6,7.4,70,CNG Bus,Urban (not London),0.00069444446126,3.27659035975e-05,1.71282354131e-05
2016,Scotland,6,7.4,70,Diesel Car,Urban (not London),0.00011036064825,8.111029274e-06,4.46013700639e-06
2016,Scotland,6,7.4,70,E85 Bioethanol Cars,Urban (not London),1.15073435154e-05,7.92598257249e-06,4.28434259447e-06
2016,Scotland,6,7.4,70,E85 Bioethanol LGV,Urban (not London),9.58415421337e-06,1.1231903045e-05,6.07411311648e-06
2016,Scotland,6,7.4,70,FCEV Bus,Urban (not London),0.0,3.13770142384e-05,1.58087914315e-05
2016,Scotland,6,7.4,70,FCEV Cars,Urban (not London),0.0,7.75497937866e-06,4.12188956034e-06
2016,Scotland,6,7.4,70,FCEV LGV,Urban (not London),0.0,1.09782886284e-05,5.83317932978e-06
2016,Scotland,6,7.4,70,Full Hybrid Diesel Cars,Urban (not London),0.000110328997835,8.10309848021e-06,4.45260320703e-06
2016,Scotland,6,7.4,70,Full Hybrid Petrol Cars,Urban (not London),7.63849675423e-06,7.96864878794e-06,4.3248755901e-06
2016,Scotland,6,7.4,70,Full Hybrid Petrol LGV,Urban (not London),3.04197146761e-06,1.12953866847e-05,6.13442261965e-06
2016,Scotland,6,7.4,70,Hybrid Bus,Urban (not London),0.000441039883299,3.83100086765e-05,2.2395133783e-05
2016,Scotland,6,7.4,70,LGV,Urban (not London),0.000242941503529,1.12634998004e-05,6.10413007962e-06
2016,Scotland,6,7.4,70,LPG Cars,Urban (not London),8.05555555417e-06,7.96793028712e-06,4.32419301433e-06
2016,Scotland,6,7.4,70,LPG LGV,Urban (not London),3.75003255613e-05,1.12953866847e-05,6.13442261965e-06
2016,Scotland,6,7.4,70,Motorcycle,Urban (not London),2.07270513783e-05,4.34793582826e-06,2.63582251137e-06
2016,Scotland,6,7.4,70,Petrol Car,Urban (not London),1.15073435154e-05,7.96873246145e-06,4.32495562563e-06
2016,Scotland,6,7.4,70,Plug-In Hybrid Petrol Cars,Urban (not London),5.23288326804e-06,7.86178225098e-06,4.22335278927e-06
2016,Scotland,6,7.4,70,Plug-In Hybrid Petrol LGV,Urban (not London),4.94904497828e-06,1.11368381113e-05,5.98380074734e-06
2016,Scotland,6,7.4,70,Rigid HGV,Urban (not London),3.68312976207e-05,3.14601966238e-05,1.62599808391e-05
2016,Scotland,6,7.4,80,Artic HGV,Urban (not London),3.55782285624e-05,3.82402977266e-05,2.10736670851e-05
2016,Scotland,6,7.4,80,B100 Artic HGV,Urban (not London),3.91360517824e-05,3.8142559788e-05,2.09808149521e-05
2016,Scotland,6,7.4,80,B100 Bus,Urban (not London),2.51116234722e-05,3.20928338624e-05,1.6488818801e-05
2016,Scotland,6,7.4,80,B100 Coach,Urban (not London),4.85273376398e-05,3.94742710341e-05,2.35011830227e-05
2016,Scotland,6,7.4,80,B100 Rigid HGV,Urban (not London),3.17783487844e-05,3.13551427098e-05,1.61601801665e-05
2016,Scotland,6,7.4,80,Battery EV Cars,Urban (not London),0.0,7.75497937866e-06,4.12188956034e-06
2016,Scotland,6,7.4,80,Battery EV LGV,Urban (not London),0.0,1.09782886284e-05,5.83317932978e-06
2016,Scotland,6,7.4,80,Biogas Bus,Urban (not London),0.00069444446126,3.27659035975e-05,1.71282354131e-05
2016,Scotland,6,7.4,80,Biomethane Bus,Urban (not London),0.00069444446126,3.27659035975e-05,1.71282354131e-05
2016,Scotland,6,7.4,80,Bus and Coach,Urban (not London),2.87891125481e-05,3.2220450521e-05,1.66100544448e-05
2016,Scotland,6,7.4,80,CNG Bus,Urban (not London),0.00069444446126,3.27659035975e-05,1.71282354131e-05
2016,Scotland,6,7.4,80,Diesel Car,Urban (not London),0.000110243854579,8.08771346783e-06,4.43798671768e-06
2016,Scotland,6,7.4,80,E85 Bioethanol Cars,Urban (not London),1.12536235974e-05,7.91890670371e-06,4.27762097388e-06
2016,Scotland,6,7.4,80,E85 Bioethanol LGV,Urban (not London),9.5523400887e-06,1.12796387839e-05,6.11946188656e-06
2016,Scotland,6,7.4,80,FCEV Bus,Urban (not London),0.0,3.13770142384e-05,1.58087914315e-05
2016,Scotland,6,7.4,80,FCEV Cars,Urban (not London),0.0,7.75497937866e-06,4.12188956034e-06
2016,Scotland,6,7.4,80,FCEV LGV,Urban (not London),0.0,1.09782886284e-05,5.83317932978e-06
2016,Scotland,6,7.4,80,Full Hybrid Diesel Cars,Urban (not London),0.000110212240543,8.07980995887e-06,4.43047883891e-06
2016,Scotland,6,7.4,80,Full Hybrid Petrol Cars,Urban (not London),7.42426163924e-06,7.959796676e-06,4.31646640209e-06
2016,Scotland,6,7.4,80,Full Hybrid Petrol LGV,Urban (not London),2.79509754364e-06,1.13554306154e-05,6.19146430836e-06
2016,Scotland,6,7.4,80,Hybrid Bus,Urban (not London),0.000435059482697,3.89170672861e-05,2.29718389164e-05
2016,Scotland,6,7.4,80,LGV,Urban (not London),0.000260915898252,1.12635334517e-05,6.10416191194e-06
2016,Scotland,6,7.4,80,LPG Cars,Urban (not London),8.05555555417e-06,7.9590081441e-06,4.31571697845e-06
2016,Scotland,6,7.4,80,LPG LGV,Urban (not London),4.01267607231e-05,1.13554306154e-05,6.19146430836e-06
2016,Scotland,6,7.4,80,Motorcycle,Urban (not London),2.49443637586e-05,4.34793582826e-06,2.63582251137e-06
2016,Scotland,6,7.4,80,Petrol Car,Urban (not London),1.12536235974e-05,7.95988853497e-06,4.31655371358e-06
2016,Scotland,6,7.4,80,Plug-In Hybrid Petrol Cars,Urban (not London),5.06023525304e-06,7.85735301179e-06,4.21914501203e-06
2016,Scotland,6,7.4,80,Plug-In Hybrid Petrol LGV,Urban (not London),4.9468612815e-06,1.11668596219e-05,6.01232204644e-06
2016,Scotland,6,7.4,80,Rigid HGV,Urban (not London),2.88894079858e-05,3.14220196742e-05,1.62237101904e-05
2016,Scotland,6,7.4,90,Artic HGV,Urban (not London),3.19811952068e-05,3.82124708267e-05,2.10472317121e-05
2016,Scotland,6,7.4,90,B100 Artic HGV,Urban (not London),3.51793132722e-05,3.81175159418e-05,2.09570225707e-05
2016,Scotland,6,7.4,90,B100 Bus,Urban (not London),2.15861291508e-05,3.20968101732e-05,1.6492596842e-05
2016,Scotland,6,7.4,90,B100 Coach,Urban (not London),3.32592098857e-05,3.8913130993e-05,2.29681027122e-05
2016,Scotland,6,7.4,90,B100 Rigid HGV,Urban (not London),2.81717457256e-05,3.13587806886e-05,1.61636344274e-05
2016,Scotland,6,7.4,90,Battery EV Cars,Urban (not London),0.0,7.75497937866e-06,4.12188956034e-06
2016,Scotland,6,7.4,90,Battery EV LGV,Urban (not London),0.0,1.09782886284e-05,5.83317932978e-06
2016,Scotland,6,7.4,90,Biogas Bus,Urban (not London),0.00069444446126,3.27659035975e-05,1.71282354131e-05
2016,Scotland,6,7.4,90,Biomethane Bus,Urban (not London),0.00069444446126,3.27659035975e-05,1.71282354131e-05
2016,Scotland,6,7.4,90,Bus and Coach,Urban (not London),2.25950843742e-05,3.22029191011e-05,1.65934015968e-05
2016,Scotland,6,7.4,90,CNG Bus,Urban (not London),0.00069444446126,3.27659035975e-05,1.71282354131e-05
2016,Scotland,6,7.4,90,Diesel Car,Urban (not London),0.000114637732622,8.07073774922e-06,4.42186001237e-06
2016,Scotland,6,7.4,90,E85 Bioethanol Cars,Urban (not London),1.11481322165e-05,7.91902311903e-06,4.27773102274e-06
2016,Scotland,6,7.4,90,E85 Bioethanol LGV,Urban (not London),9.5802533906e-06,1.13382393465e-05,6.17513205725e-06
2016,Scotland,6,7.4,90,FCEV Bus,Urban (not London),0.0,3.13770142384e-05,1.58087914315e-05
2016,Scotland,6,7.4,90,FCEV Cars,Urban (not London),0.0,7.75497937866e-06,4.12188956034e-06
2016,Scotland,6,7.4,90,FCEV LGV,Urban (not London),0.0,1.09782886284e-05,5.83317932978e-06
2016,Scotland,6,7.4,90,Full Hybrid Diesel Cars,Urban (not London),0.000114604859846,8.06262869446e-06,4.41415704699e-06
2016,Scotland,6,7.4,90,Full Hybrid Petrol Cars,Urban (not London),9.39881283557e-06,7.95993219072e-06,4.31659555034e-06
2016,Scotland,6,7.4,90,Full Hybrid Petrol LGV,Urban (not London),3.32656418323e-06,1.14290796773e-05,6.26143082627e-06
2016,Scotland,6,7.4,90,Hybrid Bus,Urban (not London),0.000455785368104,3.96194227505e-05,2.36390787904e-05
2016,Scotland,6,7.4,90,LGV,Urban (not London),0.000295849778922,1.12711313704e-05,6.11137966189e-06
2016,Scotland,6,7.4,90,LPG Cars,Urban (not London),8.88888916961e-06,7.95906635176e-06,4.31577245763e-06
2016,Scotland,6,7.4,90,LPG LGV,Urban (not London),3.96510622522e-05,1.14290796773e-05,6.26143082627e-06
2016,Scotland,6,7.4,90,Motorcycle,Urban (not London),3.03063297906e-05,4.34793582826e-06,2.63582251137e-06
2016,Scotland,6,7.4,90,Petrol Car,Urban (not London),1.11481322165e-05,7.96003405412e-06,4.31669150203e-06
2016,Scotland,6,7.4,90,Plug-In Hybrid Petrol Cars,Urban (not London),8.9229661171e-06,7.93936851551e-06,4.29705960414e-06
2016,Scotland,6,7.4,90,Plug-In Hybrid Petrol LGV,Urban (not London),8.62222805154e-06,1.13840005724e-05,6.218605904e-06
2016,Scotland,6,7.4,90,Rigid HGV,Urban (not London),2.5610677767e-05,3.14260578307e-05,1.6227550077e-05
2016,Scotland,6,7.4,100,Artic HGV,Urban (not London),3.19811952068e-05,3.82124708267e-05,2.10472317121e-05
2016,Scotland,6,7.4,100,B100 Artic HGV,Urban (not London),3.51793132722e-05,3.81175159418e-05,2.09570225707e-05
2016,Scotland,6,7.4,100,B100 Bus,Urban (not London),2.15861291508e-05,3.20968101732e-05,1.6492596842e-05
2016,Scotland,6,7.4,100,B100 Coach,Urban (not London),2.07157117984e-05,3.8504927943e-05,2.25803087233e-05
2016,Scotland,6,7.4,100,B100 Rigid HGV,Urban (not London),2.81717457256e-05,3.13587806886e-05,1.61636344274e-05
2016,Scotland,6,7.4,100,Battery EV Cars,Urban (not London),0.0,7.75497937866e-06,4.12188956034e-06
2016,Scotland,6,7.4,100,Battery EV LGV,Urban (not London),0.0,1.09782886284e-05,5.83317932978e-06
2016,Scotland,6,7.4,100,Biogas Bus,Urban (not London),0.00069444446126,3.27659035975e-05,1.71282354131e-05
2016,Scotland,6,7.4,100,Biomethane Bus,Urban (not London),0.00069444446126,3.27659035975e-05,1.71282354131e-05
2016,Scotland,6,7.4,100,Bus and Coach,Urban (not London),1.94021940843e-05,3.21863517456e-05,1.65776600625e-05
2016,Scotland,6,7.4,100,CNG Bus,Urban (not London),0.00069444446126,3.27659035975e-05,1.71282354131e-05
2016,Scotland,6,7.4,100,Diesel Car,Urban (not London),0.00012430055358,8.05876061349e-06,4.41048223365e-06
2016,Scotland,6,7.4,100,E85 Bioethanol Cars,Urban (not London),1.11723893497e-05,7.93409253674e-06,4.29204783359e-06
2016,Scotland,6,7.4,100,E85 Bioethanol LGV,Urban (not London),9.65546678344e-06,1.14116583063e-05,6.24488029644e-06
2016,Scotland,6,7.4,100,FCEV Bus,Urban (not London),0.0,3.13770142384e-05,1.58087914315e-05
2016,Scotland,6,7.4,100,FCEV Cars,Urban (not London),0.0,7.75497937866e-06,4.12188956034e-06
2016,Scotland,6,7.4,100,FCEV LGV,Urban (not London),0.0,1.09782886284e-05,5.83317932978e-06
2016,Scotland,6,7.4,100,Full Hybrid Diesel Cars,Urban (not London),0.000124264901388,8.05021409178e-06,4.40236226495e-06
2016,Scotland,6,7.4,100,Full Hybrid Petrol Cars,Urban (not London),9.36427568377e-06,7.97878783487e-06,4.33450759374e-06
2016,Scotland,6,7.4,100,Full Hybrid Petrol LGV,Urban (not London),3.09845290758e-06,1.15214306788e-05,6.34916432318e-06
2016,Scotland,6,7.4,100,Hybrid Bus,Urban (not London),0.000455785368104,3.96194227505e-05,2.36390787904e-05
2016,Scotland,6,7.4,100,LGV,Urban (not London),0.00035605111043,1.1285716937e-05,6.12523626842e-06
2016,Scotland,6,7.4,100,LPG Cars,Urban (not London),8.88888916961e-06,7.97807024355e-06,4.33382638221e-06
2016,Scotland,6,7.4,100,LPG LGV,Urban (not London),4.75084489153e-05,1.15214306788e-05,6.34916432318e-06
2016,Scotland,6,7.4,100,Motorcycle,Urban (not London),3.67824795831e-05,4.34793582826e-06,2.63582251137e-06
2016,Scotland,6,7.4,100,Petrol Car,Urban (not London),1.11723893497e-05,7.97887150839e-06,4.33458717453e-06
2016,Scotland,6,7.4,100,Plug-In Hybrid Petrol Cars,Urban (not London),8.84615474206e-06,7.95635060058e-06,4.31319222116e-06
2016,Scotland,6,7.4,100,Plug-In Hybrid Petrol LGV,Urban (not London),8.68992083269e-06,1.14671165647e-05,6.29756596027e-06
2016,Scotland,6,7.4,100,Rigid HGV,Urban (not London),2.5610677767e-05,3.14260578307e-05,1.6227550077e-05
2016,Scotland,6,7.4,110,Artic HGV,Urban (not London),3.19811952068e-05,3.82124708267e-05,2.10472317121e-05
2016,Scotland,6,7.4,110,B100 Artic HGV,Urban (not London),3.51793132722e-05,3.81175159418e-05,2.09570225707e-05
2016,Scotland,6,7.4,110,B100 Bus,Urban (not London),2.15861291508e-05,3.20968101732e-05,1.6492596842e-05
2016,Scotland,6,7.4,110,B100 Coach,Urban (not London),2.07157117984e-05,3.84115555789e-05,2.2491605705e-05
2016,Scotland,6,7.4,110,B100 Rigid HGV,Urban (not London),2.81717457256e-05,3.13587806886e-05,1.61636344274e-05
2016,Scotland,6,7.4,110,Battery EV Cars,Urban (not London),0.0,7.75497937866e-06,4.12188956034e-06
2016,Scotland,6,7.4,110,Battery EV LGV,Urban (not London),0.0,1.09782886284e-05,5.83317932978e-06
2016,Scotland,6,7.4,110,Biogas Bus,Urban (not London),0.00069444446126,3.27659035975e-05,1.71282354131e-05
2016,Scotland,6,7.4,110,Biomethane Bus,Urban (not London),0.00069444446126,3.27659035975e-05,1.71282354131e-05
2016,Scotland,6,7.4,110,Bus and Coach,Urban (not London),1.94021940843e-05,3.21863517456e-05,1.65776600625e-05
2016,Scotland,6,7.4,110,CNG Bus,Urban (not London),0.00069444446126,3.27659035975e-05,1.71282354131e-05
2016,Scotland,6,7.4,110,Diesel Car,Urban (not London),0.000140577656566,8.05090348877e-06,4.40301801063e-06
2016,Scotland,6,7.4,110,E85 Bioethanol Cars,Urban (not London),1.13123660412e-05,7.975761946e-06,4.33163268099e-06
2016,Scotland,6,7.4,110,E85 Bioethanol LGV,Urban (not London),9.76904811978e-06,1.15059201562e-05,6.33442959952e-06
2016,Scotland,6,7.4,110,FCEV Bus,Urban (not London),0.0,3.13770142384e-05,1.58087914315e-05
2016,Scotland,6,7.4,110,FCEV Cars,Urban (not London),0.0,7.75497937866e-06,4.12188956034e-06
2016,Scotland,6,7.4,110,FCEV LGV,Urban (not London),0.0,1.09782886284e-05,5.83317932978e-06
2016,Scotland,6,7.4,110,Full Hybrid Diesel Cars,Urban (not London),0.000140537347761,8.04168303148e-06,4.39425775767e-06
2016,Scotland,6,7.4,110,Full Hybrid Petrol Cars,Urban (not London),9.42922997638e-06,8.03092189017e-06,4.38403503722e-06
2016,Scotland,6,7.4,110,Full Hybrid Petrol LGV,Urban (not London),2.90127286462e-06,1.16399996841e-05,6.46180478725e-06
2016,Scotland,6,7.4,110,Hybrid Bus,Urban (not London),0.000455785368104,3.96194227505e-05,2.36390787904e-05
2016,Scotland,6,7.4,110,LGV,Urban (not London),0.000447116675787,1.13121686809e-05,6.15036469753e-06
2016,Scotland,6,7.4,110,LPG Cars,Urban (not London),8.88888916961e-06,8.03061811894e-06,4.38374627265e-06
2016,Scotland,6,7.4,110,LPG LGV,Urban (not London),5.94207886024e-05,1.16399996841e-05,6.46180478725e-06
2016,Scotland,6,7.4,110,Motorcycle,Urban (not London),4.20815595135e-05,4.34793582826e-06,2.63582251137e-06
2016,Scotland,6,7.4,110,Petrol Car,Urban (not London),1.13123660412e-05,8.03095736046e-06,4.38406868852e-06
2016,Scotland,6,7.4,110,Plug-In Hybrid Petrol Cars,Urban (not London),8.86534508027e-06,8.00330326456e-06,4.35779747932e-06
2016,Scotland,6,7.4,110,Plug-In Hybrid Petrol LGV,Urban (not London),8.7921434897e-06,1.15738284876e-05,6.39894233245e-06
2016,Scotland,6,7.4,110,Rigid HGV,Urban (not London),2.5610677767e-05,3.14260578307e-05,1.6227550077e-05
2016,Scotland,6,7.4,120,Artic HGV,Urban (not London),3.19811952068e-05,3.82124708267e-05,2.10472317121e-05
2016,Scotland,6,7.4,120,B100 Artic HGV,Urban (not London),3.51793132722e-05,3.81175159418e-05,2.09570225707e-05
2016,Scotland,6,7.4,120,B100 Bus,Urban (not London),2.15861291508e-05,3.20968101732e-05,1.6492596842e-05
2016,Scotland,6,7.4,120,B100 Coach,Urban (not London),2.07157117984e-05,3.84115555789e-05,2.2491605705e-05
2016,Scotland,6,7.4,120,B100 Rigid HGV,Urban (not London),2.81717457256e-05,3.13587806886e-05,1.61636344274e-05
2016,Scotland,6,7.4,120,Battery EV Cars,Urban (not London),0.0,7.75497937866e-06,4.12188956034e-06
2016,Scotland,6,7.4,120,Battery EV LGV,Urban (not London),0.0,1.09782886284e-05,5.83317932978e-06
2016,Scotland,6,7.4,120,Biogas Bus,Urban (not London),0.00069444446126,3.27659035975e-05,1.71282354131e-05
2016,Scotland,6,7.4,120,Biomethane Bus,Urban (not London),0.00069444446126,3.27659035975e-05,1.71282354131e-05
2016,Scotland,6,7.4,120,Bus and Coach,Urban (not London),1.94021940843e-05,3.21863517456e-05,1.65776600625e-05
2016,Scotland,6,7.4,120,CNG Bus,Urban (not London),0.00069444446126,3.27659035975e-05,1.71282354131e-05
2016,Scotland,6,7.4,120,Diesel Car,Urban (not London),0.000165781646501,8.04656428954e-06,4.39889527115e-06
2016,Scotland,6,7.4,120,E85 Bioethanol Cars,Urban (not London),1.15571901915e-05,8.05964009487e-06,4.41131760454e-06
2016,Scotland,6,7.4,120,E85 Bioethanol LGV,Urban (not London),9.66435709415e-06,1.16297705972e-05,6.45208729111e-06
2016,Scotland,6,7.4,120,FCEV Bus,Urban (not London),0.0,3.13770142384e-05,1.58087914315e-05
2016,Scotland,6,7.4,120,FCEV Cars,Urban (not London),0.0,7.75497937866e-06,4.12188956034e-06
2016,Scotland,6,7.4,120,FCEV LGV,Urban (not London),0.0,1.09782886284e-05,5.83317932978e-06
2016,Scotland,6,7.4,120,Full Hybrid Diesel Cars,Urban (not London),0.000165734105394,8.03643251857e-06,4.38927054347e-06
2016,Scotland,6,7.4,120,Full Hybrid Petrol Cars,Urban (not London),9.58388318395e-06,8.13586757431e-06,4.48373339168e-06
2016,Scotland,6,7.4,120,Full Hybrid Petrol LGV,Urban (not London),2.72905049314e-06,1.17957861221e-05,6.6098023126e-06
2016,Scotland,6,7.4,120,Hybrid Bus,Urban (not London),0.000455785368104,3.96194227505e-05,2.36390787904e-05
2016,Scotland,6,7.4,120,LGV,Urban (not London),0.000558841275051,1.13168653115e-05,6.15482713329e-06
2016,Scotland,6,7.4,120,LPG Cars,Urban (not London),8.88888916961e-06,8.13639508124e-06,4.48423497801e-06
2016,Scotland,6,7.4,120,LPG LGV,Urban (not London),7.41204203223e-05,1.17957861221e-05,6.6098023126e-06
2016,Scotland,6,7.4,120,Motorcycle,Urban (not London),4.83315161546e-05,4.34793582826e-06,2.63582251137e-06
2016,Scotland,6,7.4,120,Petrol Car,Urban (not London),1.15571901915e-05,8.13580572867e-06,4.48367472927e-06
2016,Scotland,6,7.4,120,Plug-In Hybrid Petrol Cars,Urban (not London),8.97073550732e-06,8.09781977296e-06,4.44758825324e-06
2016,Scotland,6,7.4,120,Plug-In Hybrid Petrol LGV,Urban (not London),8.69792074809e-06,1.17140371003e-05,6.53213965052e-06
2016,Scotland,6,7.4,120,Rigid HGV,Urban (not London),2.5610677767e-05,3.14260578307e-05,1.6227550077e-05
2016,Scotland,6,7.4,130,Artic HGV,Urban (not London),3.19811952068e-05,3.82124708267e-05,2.10472317121e-05
2016,Scotland,6,7.4,130,B100 Artic HGV,Urban (not London),3.51793132722e-05,3.81175159418e-05,2.09570225707e-05
2016,Scotland,6,7.4,130,B100 Bus,Urban (not London),2.15861291508e-05,3.20968101732e-05,1.6492596842e-05
2016,Scotland,6,7.4,130,B100 Coach,Urban (not London),2.07157117984e-05,3.84115555789e-05,2.2491605705e-05
2016,Scotland,6,7.4,130,B100 Rigid HGV,Urban (not London),2.81717457256e-05,3.13587806886e-05,1.61636344274e-05
2016,Scotland,6,7.4,130,Battery EV Cars,Urban (not London),0.0,7.75497937866e-06,4.12188956034e-06
2016,Scotland,6,7.4,130,Battery EV LGV,Urban (not London),0.0,1.09782886284e-05,5.83317932978e-06
2016,Scotland,6,7.4,130,Biogas Bus,Urban (not London),0.00069444446126,3.27659035975e-05,1.71282354131e-05
2016,Scotland,6,7.4,130,Biomethane Bus,Urban (not London),0.00069444446126,3.27659035975e-05,1.71282354131e-05
2016,Scotland,6,7.4,130,Bus and Coach,Urban (not London),1.94021940843e-05,3.21863517456e-05,1.65776600625e-05
2016,Scotland,6,7.4,130,CNG Bus,Urban (not London),0.00069444446126,3.27659035975e-05,1.71282354131e-05
2016,Scotland,6,7.4,130,Diesel Car,Urban (not London),0.000203997580684,8.04531646281e-06,4.39770974481e-06
2016,Scotland,6,7.4,130,E85 Bioethanol Cars,Urban (not London),1.1898289813e-05,8.20574132376e-06,4.55011331724e-06
2016,Scotland,6,7.4,130,E85 Bioethanol LGV,Urban (not London),9.58645341598e-06,1.17962745207e-05,6.61026615489e-06
2016,Scotland,6,7.4,130,FCEV Bus,Urban (not London),0.0,3.13770142384e-05,1.58087914315e-05
2016,Scotland,6,7.4,130,FCEV Cars,Urban (not London),0.0,7.75497937866e-06,4.12188956034e-06
2016,Scotland,6,7.4,130,FCEV LGV,Urban (not London),0.0,1.09782886284e-05,5.83317932978e-06
2016,Scotland,6,7.4,130,Full Hybrid Diesel Cars,Urban (not London),0.000203939081985,8.03403872851e-06,4.38699589722e-06
2016,Scotland,6,7.4,130,Full Hybrid Petrol Cars,Urban (not London),9.82051369647e-06,8.31866327644e-06,4.65738912681e-06
2016,Scotland,6,7.4,130,Full Hybrid Petrol LGV,Urban (not London),2.57727288044e-06,1.20052254715e-05,6.80876928527e-06
2016,Scotland,6,7.4,130,Hybrid Bus,Urban (not London),0.000455785368104,3.96194227505e-05,2.36390787904e-05
2016,Scotland,6,7.4,130,LGV,Urban (not London),0.000656205229461,1.13234636956e-05,6.16109537077e-06
2016,Scotland,6,7.4,130,LPG Cars,Urban (not London),8.88888916961e-06,8.32063960843e-06,4.65926677862e-06
2016,Scotland,6,7.4,130,LPG LGV,Urban (not London),8.71909069247e-05,1.20052254715e-05,6.80876928527e-06
2016,Scotland,6,7.4,130,Motorcycle,Urban (not London),5.55891456315e-05,4.34793582826e-06,2.63582251137e-06
2016,Scotland,6,7.4,130,Petrol Car,Urban (not London),1.1898289813e-05,8.31843135529e-06,4.65716948383e-06
2016,Scotland,6,7.4,130,Plug-In Hybrid Petrol Cars,Urban (not London),9.15459895623e-06,8.26245013741e-06,4.6039872359e-06
2016,Scotland,6,7.4,130,Plug-In Hybrid Petrol LGV,Urban (not London),8.62780780153e-06,1.19025316963e-05,6.71121006235e-06
2016,Scotland,6,7.4,130,Rigid HGV,Urban (not London),2.5610677767e-05,3.14260578307e-05,1.6227550077e-05
2016,Scotland,6,7.4,140,Artic HGV,Urban (not London),3.19811952068e-05,3.82124708267e-05,2.10472317121e-05
2016,Scotland,6,7.4,140,B100 Artic HGV,Urban (not London),3.51793132722e-05,3.81175159418e-05,2.09570225707e-05
2016,Scotland,6,7.4,140,B100 Bus,Urban (not London),2.15861291508e-05,3.20968101732e-05,1.6492596842e-05
2016,Scotland,6,7.4,140,B100 Coach,Urban (not London),2.07157117984e-05,3.84115555789e-05,2.2491605705e-05
2016,Scotland,6,7.4,140,B100 Rigid HGV,Urban (not London),2.81717457256e-05,3.13587806886e-05,1.61636344274e-05
2016,Scotland,6,7.4,140,Battery EV Cars,Urban (not London),0.0,7.75497937866e-06,4.12188956034e-06
2016,Scotland,6,7.4,140,Battery EV LGV,Urban (not London),0.0,1.09782886284e-05,5.83317932978e-06
2016,Scotland,6,7.4,140,Biogas Bus,Urban (not London),0.00069444446126,3.27659035975e-05,1.71282354131e-05
2016,Scotland,6,7.4,140,Biomethane Bus,Urban (not London),0.00069444446126,3.27659035975e-05,1.71282354131e-05
2016,Scotland,6,7.4,140,Bus and Coach,Urban (not London),1.94021940843e-05,3.21863517456e-05,1.65776600625e-05
2016,Scotland,6,7.4,140,CNG Bus,Urban (not London),0.00069444446126,3.27659035975e-05,1.71282354131e-05
2016,Scotland,6,7.4,140,Diesel Car,Urban (not London),0.000203997580684,8.04531646281e-06,4.39770974481e-06
2016,Scotland,6,7.4,140,E85 Bioethanol Cars,Urban (not London),1.1898289813e-05,8.20574132376e-06,4.55011331724e-06
2016,Scotland,6,7.4,140,E85 Bioethanol LGV,Urban (not London),9.58645341598e-06,1.17962745207e-05,6.61026615489e-06
2016,Scotland,6,7.4,140,FCEV Bus,Urban (not London),0.0,3.13770142384e-05,1.58087914315e-05
2016,Scotland,6,7.4,140,FCEV Cars,Urban (not London),0.0,7.75497937866e-06,4.12188956034e-06
2016,Scotland,6,7.4,140,FCEV LGV,Urban (not London),0.0,1.09782886284e-05,5.83317932978e-06
2016,Scotland,6,7.4,140,Full Hybrid Diesel Cars,Urban (not London),0.000203939081985,8.03403872851e-06,4.38699589722e-06
2016,Scotland,6,7.4,140,Full Hybrid Petrol Cars,Urban (not London),9.82051369647e-06,8.31866327644e-06,4.65738912681e-06
2016,Scotland,6,7.4,140,Full Hybrid Petrol LGV,Urban (not London),2.57727288044e-06,1.20052254715e-05,6.80876928527e-06
2016,Scotland,6,7.4,140,Hybrid Bus,Urban (not London),0.000455785368104,3.96194227505e-05,2.36390787904e-05
2016,Scotland,6,7.4,140,LGV,Urban (not London),0.000656577001791,1.13234636956e-05,6.16109537077e-06
2016,Scotland,6,7.4,140,LPG Cars,Urban (not London),8.88888916961e-06,8.32063960843e-06,4.65926677862e-06
2016,Scotland,6,7.4,140,LPG LGV,Urban (not London),8.71909069247e-05,1.20052254715e-05,6.80876928527e-06
2016,Scotland,6,7.4,140,Motorcycle,Urban (not London),6.38904602965e-05,4.34793582826e-06,2.63582251137e-06
2016,Scotland,6,7.4,140,Petrol Car,Urban (not London),1.1898289813e-05,8.31843135529e-06,4.65716948383e-06
2016,Scotland,6,7.4,140,Plug-In Hybrid Petrol Cars,Urban (not London),9.15459895623e-06,8.26245013741e-06,4.6039872359e-06
2016,Scotland,6,7.4,140,Plug-In Hybrid Petrol LGV,Urban (not London),8.62780780153e-06,1.19025316963e-05,6.71121006235e-06
2016,Scotland,6,7.4,140,Rigid HGV,Urban (not London),2.5610677767e-05,3.14260578307e-05,1.6227550077e-05
